200,'GLOBAUX-01-A',605,,21847,25,,,1,9,,21851,25,,,1,10,,21872,25,,,1,10,,21881,25,,,1,10,,21890,25,,,1,10,,21905,25,,,1,49,,21919,25,,,1,10,,21927,25,,,1,10,,21933,25,,,1,10,,21941,25,,,1,10,,21952,25,,,1,10,,21960,25,,,1,49,,21811,25,,,1,10,,21825,25,,,1,9,,21839,25,,,1,9,,21848,25,,,1,8,,21852,25,,,1,9,,21860,25,,,1,9,,21873,25,,,1,49,,21882,25,,,1,8,,21891,25,,,1,8,,21898,25,,,1,9,,21906,25,,,1,8,,21913,25,,,1,9,,21920,25,,,1,8,,21934,25,,,1,49,,21942,25,,,1,8,,21953,25,,,1,9,,21961,25,,,1,8,,21812,25,,,1,9,,21826,25,,,1,8,,21840,25,,,1,9,,21849,25,,,1,48,,21853,25,,,1,9,,21861,25,,,1,8,,21874,25,,,1,9,,21883,25,,,1,8,,21892,25,,,1,8,,21899,25,,,1,8,,21907,25,,,1,47,,21914,25,,,1,8,,21921,25,,,1,8,,21935,25,,,1,7,,21943,25,,,1,8,,21954,25,,,1,8,,21962,25,,,1,7,,21813,25,,,1,8,,21819,25,,,1,47,,21827,25,,,1,8,,21841,25,,,1,7,,21850,25,,,1,7,,21854,25,,,1,8,,21862,25,,,1,7,,21866,25,,,1,7,,21875,25,,,1,7,,21884,25,,,1,6,,21893,25,,,1,46,,21900,25,,,1,7,,21908,25,,,1,6,,21915,25,,,1,7,,21922,25,,,1,6,,21928,25,,,1,7,,21936,25,,,1,6,,21944,25,,,1,7,,21947,25,,,1,6,,21955,25,,,1,47,,21963,25,,,1,6,,21814,25,,,1,7,,21820,25,,,1,6,,21828,25,,,1,7,,21833,25,,,1,6,,21842,25,,,1,7,,21855,25,,,1,6,,21863,25,,,1,7,,21867,25,,,1,46,,21876,25,,,1,7,,21885,25,,,1,6,,21894,25,,,1,7,,21901,25,,,1,6,,21909,25,,,1,6,,21916,25,,,1,7,,21923,25,,,1,6,,21929,25,,,1,7,,21937,25,,,1,6,,21945,25,,,1,47,,21948,25,,,1,6,,21956,25,,,1,7,,21964,25,,,1,6,,21815,25,,,1,6,,21821,25,,,1,7,,21829,25,,,1,6,,21834,25,,,1,7,,21843,25,,,1,6,,21856,25,,,1,46,,21864,25,,,1,6,,21868,25,,,1,7,,21877,25,,,1,6,,21886,25,,,1,6,,21895,25,,,1,7,,21902,25,,,1,6,,21910,25,,,1,6,,21917,25,,,1,6,,21924,25,,,1,47,,21930,25,,,1,6,,21938,25,,,1,7,,21946,25,,,1,6,,21949,25,,,1,6,,21957,25,,,1,7,,21965,25,,,1,6,,21816,25,,,1,6,,21822,25,,,1,7,,21830,25,,,1,6,,21835,25,,,1,46,,21844,25,,,1,8,,21857,25,,,1,7,,21865,25,,,1,8,,21869,25,,,1,7,,21878,25,,,1,7,,21887,25,,,1,8,,21896,25,,,1,7,,21903,25,,,1,48,,21911,25,,,1,7,,21918,25,,,1,8,,21925,25,,,1,7,,21931,25,,,1,7,,21939,25,,,1,8,,21950,25,,,1,7,,21958,25,,,1,8,,21817,25,,,1,47,,21823,25,,,1,8,,21831,25,,,1,8,,21836,25,,,1,8,,21845,25,,,1,8,,21858,25,,,1,9,,21870,25,,,1,9,,21879,25,,,1,49,,21888,25,,,1,9,,21897,25,,,1,9,,21904,25,,,1,9,,21912,25,,,1,9,,21926,25,,,1,10,,21932,25,,,1,9,,21940,25,,,1,50,,21951,25,,,1,9,,21959,25,,,1,10,,21818,25,,,1,9,,21832,25,,,1,10,,21837,25,,,1,10,,21846,25,,,1,50,,21859,25,,,1,10,,21871,25,,,1,10,,21880,25,,,1,13,,21889,25,,,1
200,'GLOBAUX-01-F1',604,,22001,25,,,1,10,,22009,25,,,1,9,,22017,25,,,1,9,,22025,25,,,1,9,,22031,25,,,1,10,,22043,25,,,1,49,,22047,25,,,1,9,,22062,25,,,1,9,,22074,25,,,1,10,,22082,25,,,1,9,,22090,25,,,1,9,,22095,25,,,1,10,,21966,25,,,1,49,,21975,25,,,1,9,,21993,25,,,1,9,,22002,25,,,1,10,,22010,25,,,1,9,,22018,25,,,1,9,,22026,25,,,1,50,,22032,25,,,1,9,,22044,25,,,1,9,,22048,25,,,1,9,,22055,25,,,1,8,,22063,25,,,1,9,,22075,25,,,1,8,,22083,25,,,1,49,,22091,25,,,1,9,,22096,25,,,1,8,,21967,25,,,1,9,,21976,25,,,1,8,,21986,25,,,1,9,,21994,25,,,1,9,,22003,25,,,1,48,,22011,25,,,1,9,,22019,25,,,1,8,,22027,25,,,1,9,,22033,25,,,1,9,,22045,25,,,1,8,,22049,25,,,1,9,,22056,25,,,1,48,,22064,25,,,1,9,,22076,25,,,1,9,,22084,25,,,1,8,,22092,25,,,1,9,,22097,25,,,1,9,,21968,25,,,1,8,,21977,25,,,1,48,,21987,25,,,1,8,,21995,25,,,1,8,,22004,25,,,1,8,,22012,25,,,1,8,,22020,25,,,1,8,,22028,25,,,1,7,,22034,25,,,1,8,,22046,25,,,1,48,,22050,25,,,1,8,,22057,25,,,1,8,,22065,25,,,1,8,,22070,25,,,1,7,,22077,25,,,1,7,,22085,25,,,1,7,,22093,25,,,1,7,,22098,25,,,1,47,,22103,25,,,1,6,,21969,25,,,1,7,,21978,25,,,1,7,,21981,25,,,1,7,,21988,25,,,1,7,,21996,25,,,1,7,,22005,25,,,1,7,,22013,25,,,1,7,,22021,25,,,1,46,,22029,25,,,1,7,,22035,25,,,1,7,,22039,25,,,1,7,,22051,25,,,1,7,,22058,25,,,1,7,,22066,25,,,1,7,,22071,25,,,1,7,,22078,25,,,1,46,,22086,25,,,1,7,,22094,25,,,1,7,,22099,25,,,1,7,,22104,25,,,1,7,,21970,25,,,1,7,,21979,25,,,1,6,,21982,25,,,1,7,,21989,25,,,1,7,,21997,25,,,1,47,,22006,25,,,1,8,,22014,25,,,1,7,,22022,25,,,1,7,,22030,25,,,1,7,,22036,25,,,1,8,,22040,25,,,1,7,,22052,25,,,1,7,,22059,25,,,1,48,,22067,25,,,1,7,,22072,25,,,1,7,,22079,25,,,1,8,,22087,25,,,1,8,,22100,25,,,1,7,,22105,25,,,1,8,,21971,25,,,1,8,,21980,25,,,1,48,,21983,25,,,1,8,,21990,25,,,1,7,,21998,25,,,1,8,,22007,25,,,1,8,,22015,25,,,1,8,,22023,25,,,1,8,,22037,25,,,1,8,,22041,25,,,1,48,,22053,25,,,1,8,,22060,25,,,1,8,,22068,25,,,1,8,,22073,25,,,1,8,,22080,25,,,1,8,,22088,25,,,1,9,,22101,25,,,1,48,,22106,25,,,1,9,,21972,25,,,1,8,,21984,25,,,1,9,,21991,25,,,1,9,,21999,25,,,1,9,,22008,25,,,1,9,,22016,25,,,1,50,,22024,25,,,1,10,,22038,25,,,1,10,,22042,25,,,1,10,,22054,25,,,1,10,,22061,25,,,1,10,,22069,25,,,1,50,,22081,25,,,1,10,,22089,25,,,1,10,,22102,25,,,1,10,,22107,25,,,1,10,,21973,25,,,1,10,,21985,25,,,1,53,,22000,25,,,1
200,'GLOBAUX-01-F2',604,,22143,25,,,1,10,,22151,25,,,1,9,,22159,25,,,1,9,,22167,25,,,1,9,,22173,25,,,1,10,,22185,25,,,1,49,,22189,25,,,1,9,,22204,25,,,1,9,,22216,25,,,1,10,,22224,25,,,1,9,,22232,25,,,1,9,,22237,25,,,1,10,,22108,25,,,1,49,,22117,25,,,1,9,,22135,25,,,1,9,,22144,25,,,1,10,,22152,25,,,1,9,,22160,25,,,1,9,,22168,25,,,1,50,,22174,25,,,1,9,,22186,25,,,1,9,,22190,25,,,1,9,,22197,25,,,1,8,,22205,25,,,1,9,,22217,25,,,1,8,,22225,25,,,1,49,,22233,25,,,1,9,,22238,25,,,1,8,,22109,25,,,1,9,,22118,25,,,1,8,,22128,25,,,1,9,,22136,25,,,1,9,,22145,25,,,1,48,,22153,25,,,1,9,,22161,25,,,1,8,,22169,25,,,1,9,,22175,25,,,1,9,,22187,25,,,1,8,,22191,25,,,1,9,,22198,25,,,1,48,,22206,25,,,1,9,,22218,25,,,1,9,,22226,25,,,1,8,,22234,25,,,1,9,,22239,25,,,1,9,,22110,25,,,1,8,,22119,25,,,1,48,,22129,25,,,1,8,,22137,25,,,1,8,,22146,25,,,1,8,,22154,25,,,1,8,,22162,25,,,1,8,,22170,25,,,1,7,,22176,25,,,1,8,,22188,25,,,1,48,,22192,25,,,1,8,,22199,25,,,1,8,,22207,25,,,1,8,,22212,25,,,1,7,,22219,25,,,1,7,,22227,25,,,1,7,,22235,25,,,1,7,,22240,25,,,1,47,,22245,25,,,1,6,,22111,25,,,1,7,,22120,25,,,1,7,,22123,25,,,1,7,,22130,25,,,1,7,,22138,25,,,1,7,,22147,25,,,1,7,,22155,25,,,1,7,,22163,25,,,1,46,,22171,25,,,1,7,,22177,25,,,1,7,,22181,25,,,1,7,,22193,25,,,1,7,,22200,25,,,1,7,,22208,25,,,1,7,,22213,25,,,1,7,,22220,25,,,1,46,,22228,25,,,1,7,,22236,25,,,1,7,,22241,25,,,1,7,,22246,25,,,1,7,,22112,25,,,1,7,,22121,25,,,1,6,,22124,25,,,1,7,,22131,25,,,1,7,,22139,25,,,1,47,,22148,25,,,1,8,,22156,25,,,1,7,,22164,25,,,1,7,,22172,25,,,1,7,,22178,25,,,1,8,,22182,25,,,1,7,,22194,25,,,1,7,,22201,25,,,1,48,,22209,25,,,1,7,,22214,25,,,1,7,,22221,25,,,1,8,,22229,25,,,1,8,,22242,25,,,1,7,,22247,25,,,1,8,,22113,25,,,1,8,,22122,25,,,1,48,,22125,25,,,1,8,,22132,25,,,1,7,,22140,25,,,1,8,,22149,25,,,1,8,,22157,25,,,1,8,,22165,25,,,1,8,,22179,25,,,1,8,,22183,25,,,1,48,,22195,25,,,1,8,,22202,25,,,1,8,,22210,25,,,1,8,,22215,25,,,1,8,,22222,25,,,1,8,,22230,25,,,1,9,,22243,25,,,1,48,,22248,25,,,1,9,,22114,25,,,1,8,,22126,25,,,1,9,,22133,25,,,1,9,,22141,25,,,1,9,,22150,25,,,1,9,,22158,25,,,1,50,,22166,25,,,1,10,,22180,25,,,1,10,,22184,25,,,1,10,,22196,25,,,1,10,,22203,25,,,1,10,,22211,25,,,1,50,,22223,25,,,1,10,,22231,25,,,1,10,,22244,25,,,1,10,,22249,25,,,1,10,,22115,25,,,1,10,,22127,25,,,1,53,,22142,25,,,1
200,'GLOBAUX-01-I',604,,22285,25,,,1,10,,22293,25,,,1,9,,22301,25,,,1,9,,22309,25,,,1,9,,22315,25,,,1,10,,22327,25,,,1,49,,22331,25,,,1,9,,22346,25,,,1,9,,22358,25,,,1,10,,22366,25,,,1,9,,22374,25,,,1,9,,22379,25,,,1,10,,22250,25,,,1,49,,22259,25,,,1,9,,22277,25,,,1,9,,22286,25,,,1,10,,22294,25,,,1,9,,22302,25,,,1,9,,22310,25,,,1,50,,22316,25,,,1,9,,22328,25,,,1,9,,22332,25,,,1,9,,22339,25,,,1,8,,22347,25,,,1,9,,22359,25,,,1,8,,22367,25,,,1,49,,22375,25,,,1,9,,22380,25,,,1,8,,22251,25,,,1,9,,22260,25,,,1,8,,22270,25,,,1,9,,22278,25,,,1,9,,22287,25,,,1,48,,22295,25,,,1,9,,22303,25,,,1,8,,22311,25,,,1,9,,22317,25,,,1,9,,22329,25,,,1,8,,22333,25,,,1,9,,22340,25,,,1,48,,22348,25,,,1,9,,22360,25,,,1,9,,22368,25,,,1,8,,22376,25,,,1,9,,22381,25,,,1,9,,22252,25,,,1,8,,22261,25,,,1,48,,22271,25,,,1,8,,22279,25,,,1,8,,22288,25,,,1,8,,22296,25,,,1,8,,22304,25,,,1,8,,22312,25,,,1,7,,22318,25,,,1,8,,22330,25,,,1,48,,22334,25,,,1,8,,22341,25,,,1,8,,22349,25,,,1,8,,22354,25,,,1,7,,22361,25,,,1,7,,22369,25,,,1,7,,22377,25,,,1,7,,22382,25,,,1,47,,22387,25,,,1,6,,22253,25,,,1,7,,22262,25,,,1,7,,22265,25,,,1,7,,22272,25,,,1,7,,22280,25,,,1,7,,22289,25,,,1,7,,22297,25,,,1,7,,22305,25,,,1,46,,22313,25,,,1,7,,22319,25,,,1,7,,22323,25,,,1,7,,22335,25,,,1,7,,22342,25,,,1,7,,22350,25,,,1,7,,22355,25,,,1,7,,22362,25,,,1,46,,22370,25,,,1,7,,22378,25,,,1,7,,22383,25,,,1,7,,22388,25,,,1,7,,22254,25,,,1,7,,22263,25,,,1,6,,22266,25,,,1,7,,22273,25,,,1,7,,22281,25,,,1,47,,22290,25,,,1,8,,22298,25,,,1,7,,22306,25,,,1,7,,22314,25,,,1,7,,22320,25,,,1,8,,22324,25,,,1,7,,22336,25,,,1,7,,22343,25,,,1,48,,22351,25,,,1,7,,22356,25,,,1,7,,22363,25,,,1,8,,22371,25,,,1,8,,22384,25,,,1,7,,22389,25,,,1,8,,22255,25,,,1,8,,22264,25,,,1,48,,22267,25,,,1,8,,22274,25,,,1,7,,22282,25,,,1,8,,22291,25,,,1,8,,22299,25,,,1,8,,22307,25,,,1,8,,22321,25,,,1,8,,22325,25,,,1,48,,22337,25,,,1,8,,22344,25,,,1,8,,22352,25,,,1,8,,22357,25,,,1,8,,22364,25,,,1,8,,22372,25,,,1,9,,22385,25,,,1,48,,22390,25,,,1,9,,22256,25,,,1,8,,22268,25,,,1,9,,22275,25,,,1,9,,22283,25,,,1,9,,22292,25,,,1,9,,22300,25,,,1,50,,22308,25,,,1,10,,22322,25,,,1,10,,22326,25,,,1,10,,22338,25,,,1,10,,22345,25,,,1,10,,22353,25,,,1,50,,22365,25,,,1,10,,22373,25,,,1,10,,22386,25,,,1,10,,22391,25,,,1,10,,22257,25,,,1,10,,22269,25,,,1,53,,22284,25,,,1
200,'GLOBAUX-01-S',604,,22463,25,,,1,6,,22473,25,,,1,6,,22483,25,,,1,6,,22498,25,,,1,6,,22509,25,,,1,6,,22518,25,,,1,6,,22532,25,,,1,6,,22534,25,,,1,5,,22554,25,,,1,5,,22571,25,,,1,45,,22573,25,,,1,5,,22580,25,,,1,5,,22582,25,,,1,4,,22594,25,,,1,4,,22600,25,,,1,4,,22606,25,,,1,4,,22607,25,,,1,4,,22613,25,,,1,3,,22622,25,,,1,4,,22392,25,,,1,3,,22393,25,,,1,4,,22403,25,,,1,3,,22411,25,,,1,4,,22412,25,,,1,3,,22421,25,,,1,4,,22423,25,,,1,43,,22428,25,,,1,4,,22436,25,,,1,3,,22444,25,,,1,3,,22456,25,,,1,3,,22461,25,,,1,4,,22462,25,,,1,3,,22464,25,,,1,3,,22474,25,,,1,3,,22484,25,,,1,4,,22492,25,,,1,3,,22494,25,,,1,3,,22499,25,,,1,4,,22504,25,,,1,3,,22510,25,,,1,3,,22515,25,,,1,3,,22519,25,,,1,3,,22527,25,,,1,4,,22533,25,,,1,43,,22535,25,,,1,3,,22540,25,,,1,3,,22555,25,,,1,4,,22564,25,,,1,3,,22572,25,,,1,4,,22574,25,,,1,3,,22575,25,,,1,4,,22583,25,,,1,4,,22590,25,,,1,3,,22595,25,,,1,4,,22601,25,,,1,4,,22608,25,,,1,3,,22614,25,,,1,4,,22623,25,,,1,4,,22630,25,,,1,4,,22394,25,,,1,4,,22404,25,,,1,44,,22413,25,,,1,4,,22420,25,,,1,4,,22424,25,,,1,5,,22437,25,,,1,5,,22445,25,,,1,5,,22457,25,,,1,6,,22465,25,,,1,6,,22475,25,,,1,6,,22485,25,,,1,6,,22495,25,,,1,6,,22505,25,,,1,46,,22511,25,,,1,6,,22520,25,,,1,6,,22528,25,,,1,6,,22541,25,,,1,6,,22556,25,,,1,6,,22565,25,,,1,6,,22576,25,,,1,6,,22584,25,,,1,6,,22596,25,,,1,6,,22602,25,,,1,46,,22615,25,,,1,6,,22624,25,,,1,6,,22395,25,,,1,6,,22405,25,,,1,6,,22414,25,,,1,6,,22425,25,,,1,6,,22438,25,,,1,6,,22446,25,,,1,6,,22458,25,,,1,6,,22466,25,,,1,46,,22476,25,,,1,6,,22486,25,,,1,6,,22496,25,,,1,6,,22506,25,,,1,6,,22512,25,,,1,6,,22521,25,,,1,6,,22529,25,,,1,6,,22542,25,,,1,6,,22557,25,,,1,6,,22566,25,,,1,46,,22577,25,,,1,7,,22585,25,,,1,6,,22597,25,,,1,6,,22603,25,,,1,6,,22616,25,,,1,6,,22625,25,,,1,6,,22396,25,,,1,6,,22406,25,,,1,6,,22415,25,,,1,6,,22426,25,,,1,46,,22439,25,,,1,6,,22447,25,,,1,6,,22459,25,,,1,6,,22467,25,,,1,6,,22477,25,,,1,5,,22487,25,,,1,4,,22497,25,,,1,5,,22500,25,,,1,4,,22507,25,,,1,5,,22513,25,,,1,4,,22516,25,,,1,4,,22522,25,,,1,44,,22530,25,,,1,4,,22536,25,,,1,3,,22543,25,,,1,3,,22547,25,,,1,3,,22558,25,,,1,3,,22562,25,,,1,3,,22567,25,,,1,3,,22578,25,,,1,3,,22581,25,,,1,3,,22586,25,,,1,3,,22591,25,,,1,3,,22598,25,,,1,3,,22604,25,,,1,3,,22609,25,,,1,3,,22617,25,,,1,3,,22618,25,,,1,3,,22626,25,,,1,3,,22397,25,,,1,2,,22398,25,,,1,3,,22399,25,,,1,43,,22400,25,,,1,3,,22407,25,,,1,3,,22416,25,,,1,3,,22422,25,,,1,3,,22427,25,0,5,1,3,,22429,25,,,1,3,,22433,25,,,1,3,,22440,25,,,1,3,,22448,25,0,5,1,3,,22449,25,,,1,3,,22453,25,,,1,3,,22460,25,,,1,2,,22468,25,0,5,1,3,,22469,25,,,1,3,,22478,25,,,1,3,,22482,25,0,5,1,3,,22488,25,,,1,3,,22493,25,0,5,1,3,,22501,25,,,1,3,,22508,25,,,1,43,,22514,25,,,1,3,,22517,25,,,1,4,,22523,25,,,1,3,,22531,25,,,1,4,,22537,25,,,1,3,,22544,25,,,1,3,,22548,25,,,1,4,,22551,25,,,1,4,,22559,25,,,1,4,,22563,25,,,1,4,,22568,25,,,1,4,,22579,25,,,1,4,,22587,25,,,1,4,,22592,25,,,1,3,,22599,25,,,1,4,,22605,25,,,1,44,,22610,25,,,1,4,,22619,25,,,1,5,,22627,25,,,1,5,,22401,25,,,1,5,,22408,25,,,1,5,,22417,25,,,1,5,,22430,25,,,1,6,,22434,25,,,1,6,,22441,25,,,1,6,,22450,25,,,1,6,,22454,25,,,1,6,,22470,25,,,1,46,,22479,25,,,1,6,,22489,25,,,1,6,,22502,25,,,1,6,,22524,25,,,1,6,,22538,25,,,1,6,,22545,25,,,1,6,,22549,25,,,1,6,,22552,25,,,1,6,,22560,25,,,1,6,,22569,25,,,1,46,,22588,25,,,1,6,,22593,25,,,1,6,,22611,25,,,1,6,,22620,25,,,1,6,,22628,25,,,1,6,,22402,25,,,1,6,,22409,25,,,1,6,,22418,25,,,1,6,,22431,25,,,1,6,,22435,25,,,1,46,,22442,25,,,1,6,,22451,25,,,1,6,,22455,25,,,1,6,,22471,25,,,1,6,,22480,25,,,1,6,,22490,25,,,1,6,,22503,25,,,1,6,,22525,25,,,1,5,,22539,25,,,1,6,,22546,25,,,1,46,,22550,25,,,1,7,,22553,25,,,1,7,,22561,25,,,1,7,,22570,25,,,1,7,,22589,25,,,1,7,,22612,25,,,1,7,,22621,25,,,1,7,,22629,25,,,1,47,,22410,25,,,1,8,,22419,25,,,1,8,,22432,25,,,1,8,,22443,25,,,1,8,,22452,25,,,1,8,,22472,25,,,1,8,,22481,25,,,1,8,,22491,25,,,1,51,,22526,25,,,1
201,'GLOBAUX-01-A',535,,22741,7,,,1,10,,22748,7,,,1,9,,22757,7,,,1,50,,22769,7,,,1,9,,22778,7,,,1,10,,22631,7,,,1,10,,22645,7,,,1,9,,22658,7,,,1,10,,22666,7,,,1,50,,22669,7,,,1,9,,22688,7,,,1,10,,22696,7,,,1,9,,22704,7,,,1,9,,22712,7,,,1,10,,22719,7,,,1,9,,22727,7,,,1,49,,22733,7,,,1,9,,22749,7,,,1,8,,22758,7,,,1,9,,22770,7,,,1,9,,22779,7,,,1,9,,22632,7,,,1,8,,22646,7,,,1,49,,22659,7,,,1,9,,22667,7,,,1,8,,22670,7,,,1,9,,22677,7,,,1,9,,22689,7,,,1,9,,22697,7,,,1,48,,22705,7,,,1,9,,22713,7,,,1,9,,22720,7,,,1,9,,22728,7,,,1,8,,22734,7,,,1,8,,22750,7,,,1,8,,22759,7,,,1,7,,22771,7,,,1,48,,22780,7,,,1,8,,22633,7,,,1,7,,22640,7,,,1,8,,22647,7,,,1,7,,22660,7,,,1,7,,22668,7,,,1,7,,22671,7,,,1,7,,22678,7,,,1,47,,22682,7,,,1,7,,22690,7,,,1,7,,22698,7,,,1,7,,22706,7,,,1,6,,22714,7,,,1,7,,22721,7,,,1,7,,22729,7,,,1,6,,22735,7,,,1,6,,22742,7,,,1,47,,22751,7,,,1,6,,22760,7,,,1,7,,22763,7,,,1,6,,22772,7,,,1,6,,22781,7,,,1,7,,22634,7,,,1,6,,22641,7,,,1,7,,22648,7,,,1,6,,22653,7,,,1,46,,22661,7,,,1,7,,22672,7,,,1,6,,22679,7,,,1,7,,22683,7,,,1,6,,22691,7,,,1,7,,22699,7,,,1,6,,22707,7,,,1,6,,22715,7,,,1,7,,22722,7,,,1,6,,22730,7,,,1,47,,22736,7,,,1,6,,22743,7,,,1,6,,22752,7,,,1,7,,22761,7,,,1,6,,22764,7,,,1,7,,22773,7,,,1,6,,22782,7,,,1,6,,22635,7,,,1,7,,22642,7,,,1,46,,22649,7,,,1,7,,22654,7,,,1,6,,22662,7,,,1,7,,22673,7,,,1,6,,22680,7,,,1,6,,22684,7,,,1,7,,22692,7,,,1,6,,22700,7,,,1,7,,22708,7,,,1,46,,22716,7,,,1,6,,22723,7,,,1,7,,22731,7,,,1,6,,22737,7,,,1,7,,22744,7,,,1,6,,22753,7,,,1,7,,22762,7,,,1,6,,22765,7,,,1,6,,22774,7,,,1,7,,22783,7,,,1,46,,22636,7,,,1,7,,22643,7,,,1,6,,22650,7,,,1,6,,22655,7,,,1,7,,22663,7,,,1,6,,22674,7,,,1,7,,22681,7,,,1,7,,22685,7,,,1,7,,22693,7,,,1,48,,22701,7,,,1,7,,22709,7,,,1,7,,22717,7,,,1,7,,22724,7,,,1,8,,22732,7,,,1,7,,22738,7,,,1,8,,22745,7,,,1,7,,22754,7,,,1,48,,22766,7,,,1,8,,22775,7,,,1,7,,22637,7,,,1,8,,22644,7,,,1,8,,22651,7,,,1,8,,22656,7,,,1,7,,22664,7,,,1,8,,22675,7,,,1,48,,22686,7,,,1,8,,22694,7,,,1,9,,22702,7,,,1,8,,22710,7,,,1,9,,22718,7,,,1,9,,22725,7,,,1,50,,22739,7,,,1,9,,22746,7,,,1,10,,22755,7,,,1,9,,22767,7,,,1,9,,22776,7,,,1,10,,22638,7,,,1,9,,22652,7,,,1,50,,22657,7,,,1,9,,22665,7,,,1,10,,22676,7,,,1,10,,22687,7,,,1,10,,22695,7,,,1,9,,22703,7,,,1,50,,22711,7,,,1,10,,22726,7,,,1,10,,22740,7,,,1,10,,22747,7,,,1,10,,22756,7,,,1,10,,22768,7,,,1,50,,22777,7,,,1,10,,22639,7,,,1
201,'GLOBAUX-01-F1',535,,22877,7,,,1,9,,22890,7,,,1,10,,22898,7,,,1,49,,22906,7,,,1,9,,22911,7,,,1,10,,22784,7,,,1,9,,22792,7,,,1,9,,22809,7,,,1,10,,22817,7,,,1,9,,22825,7,,,1,49,,22833,7,,,1,10,,22841,7,,,1,9,,22846,7,,,1,9,,22859,7,,,1,10,,22862,7,,,1,9,,22878,7,,,1,49,,22891,7,,,1,10,,22899,7,,,1,9,,22907,7,,,1,9,,22912,7,,,1,9,,22785,7,,,1,9,,22793,7,,,1,9,,22803,7,,,1,49,,22810,7,,,1,9,,22818,7,,,1,8,,22826,7,,,1,9,,22834,7,,,1,9,,22842,7,,,1,8,,22847,7,,,1,49,,22860,7,,,1,9,,22863,7,,,1,8,,22870,7,,,1,9,,22879,7,,,1,8,,22892,7,,,1,9,,22900,7,,,1,9,,22908,7,,,1,48,,22913,7,,,1,9,,22786,7,,,1,8,,22794,7,,,1,9,,22804,7,,,1,9,,22811,7,,,1,8,,22819,7,,,1,9,,22827,7,,,1,48,,22835,7,,,1,8,,22843,7,,,1,8,,22848,7,,,1,8,,22861,7,,,1,8,,22864,7,,,1,8,,22871,7,,,1,8,,22880,7,,,1,7,,22886,7,,,1,47,,22893,7,,,1,6,,22901,7,,,1,7,,22909,7,,,1,7,,22914,7,,,1,7,,22919,7,,,1,7,,22787,7,,,1,7,,22795,7,,,1,6,,22798,7,,,1,7,,22805,7,,,1,47,,22812,7,,,1,7,,22820,7,,,1,7,,22828,7,,,1,7,,22836,7,,,1,6,,22844,7,,,1,7,,22849,7,,,1,7,,22854,7,,,1,7,,22865,7,,,1,7,,22872,7,,,1,47,,22881,7,,,1,6,,22887,7,,,1,7,,22894,7,,,1,7,,22902,7,,,1,7,,22910,7,,,1,7,,22915,7,,,1,7,,22920,7,,,1,6,,22788,7,,,1,7,,22796,7,,,1,47,,22799,7,,,1,7,,22806,7,,,1,8,,22813,7,,,1,7,,22821,7,,,1,7,,22829,7,,,1,8,,22837,7,,,1,7,,22845,7,,,1,7,,22850,7,,,1,48,,22855,7,,,1,7,,22866,7,,,1,7,,22873,7,,,1,8,,22882,7,,,1,7,,22888,7,,,1,7,,22895,7,,,1,8,,22903,7,,,1,7,,22916,7,,,1,48,,22921,7,,,1,8,,22789,7,,,1,8,,22797,7,,,1,8,,22800,7,,,1,7,,22807,7,,,1,8,,22814,7,,,1,8,,22822,7,,,1,8,,22830,7,,,1,48,,22838,7,,,1,8,,22851,7,,,1,7,,22856,7,,,1,8,,22867,7,,,1,8,,22874,7,,,1,8,,22883,7,,,1,8,,22889,7,,,1,48,,22896,7,,,1,8,,22904,7,,,1,9,,22917,7,,,1,8,,22922,7,,,1,9,,22790,7,,,1,8,,22801,7,,,1,9,,22808,7,,,1,48,,22815,7,,,1,9,,22823,7,,,1,9,,22831,7,,,1,9,,22839,7,,,1,8,,22852,7,,,1,9,,22857,7,,,1,9,,22868,7,,,1,50,,22875,7,,,1,10,,22884,7,,,1,10,,22897,7,,,1,10,,22905,7,,,1,10,,22918,7,,,1,10,,22923,7,,,1,50,,22791,7,,,1,10,,22802,7,,,1,10,,22816,7,,,1,10,,22824,7,,,1,10,,22832,7,,,1,10,,22840,7,,,1,50,,22853,7,,,1,10,,22858,7,,,1,10,,22869,7,,,1,10,,22876,7,,,1,10,,22885,7,,,1
201,'GLOBAUX-01-F2',535,,23017,7,,,1,9,,23030,7,,,1,10,,23038,7,,,1,49,,23046,7,,,1,9,,23051,7,,,1,10,,22924,7,,,1,9,,22932,7,,,1,9,,22949,7,,,1,10,,22957,7,,,1,9,,22965,7,,,1,49,,22973,7,,,1,10,,22981,7,,,1,9,,22986,7,,,1,9,,22999,7,,,1,10,,23002,7,,,1,9,,23018,7,,,1,49,,23031,7,,,1,10,,23039,7,,,1,9,,23047,7,,,1,9,,23052,7,,,1,9,,22925,7,,,1,9,,22933,7,,,1,9,,22943,7,,,1,49,,22950,7,,,1,9,,22958,7,,,1,8,,22966,7,,,1,9,,22974,7,,,1,9,,22982,7,,,1,8,,22987,7,,,1,49,,23000,7,,,1,9,,23003,7,,,1,8,,23010,7,,,1,9,,23019,7,,,1,8,,23032,7,,,1,9,,23040,7,,,1,9,,23048,7,,,1,48,,23053,7,,,1,9,,22926,7,,,1,8,,22934,7,,,1,9,,22944,7,,,1,9,,22951,7,,,1,8,,22959,7,,,1,9,,22967,7,,,1,48,,22975,7,,,1,8,,22983,7,,,1,8,,22988,7,,,1,8,,23001,7,,,1,8,,23004,7,,,1,8,,23011,7,,,1,8,,23020,7,,,1,7,,23026,7,,,1,47,,23033,7,,,1,6,,23041,7,,,1,7,,23049,7,,,1,7,,23054,7,,,1,7,,23059,7,,,1,7,,22927,7,,,1,7,,22935,7,,,1,6,,22938,7,,,1,7,,22945,7,,,1,47,,22952,7,,,1,7,,22960,7,,,1,7,,22968,7,,,1,7,,22976,7,,,1,6,,22984,7,,,1,7,,22989,7,,,1,7,,22994,7,,,1,7,,23005,7,,,1,7,,23012,7,,,1,47,,23021,7,,,1,6,,23027,7,,,1,7,,23034,7,,,1,7,,23042,7,,,1,7,,23050,7,,,1,7,,23055,7,,,1,7,,23060,7,,,1,6,,22928,7,,,1,7,,22936,7,,,1,47,,22939,7,,,1,7,,22946,7,,,1,8,,22953,7,,,1,7,,22961,7,,,1,7,,22969,7,,,1,8,,22977,7,,,1,7,,22985,7,,,1,7,,22990,7,,,1,48,,22995,7,,,1,7,,23006,7,,,1,7,,23013,7,,,1,8,,23022,7,,,1,7,,23028,7,,,1,7,,23035,7,,,1,8,,23043,7,,,1,7,,23056,7,,,1,48,,23061,7,,,1,8,,22929,7,,,1,8,,22937,7,,,1,8,,22940,7,,,1,7,,22947,7,,,1,8,,22954,7,,,1,8,,22962,7,,,1,8,,22970,7,,,1,48,,22978,7,,,1,8,,22991,7,,,1,7,,22996,7,,,1,8,,23007,7,,,1,8,,23014,7,,,1,8,,23023,7,,,1,8,,23029,7,,,1,48,,23036,7,,,1,8,,23044,7,,,1,9,,23057,7,,,1,8,,23062,7,,,1,9,,22930,7,,,1,8,,22941,7,,,1,9,,22948,7,,,1,48,,22955,7,,,1,9,,22963,7,,,1,9,,22971,7,,,1,9,,22979,7,,,1,8,,22992,7,,,1,9,,22997,7,,,1,9,,23008,7,,,1,50,,23015,7,,,1,10,,23024,7,,,1,10,,23037,7,,,1,10,,23045,7,,,1,10,,23058,7,,,1,10,,23063,7,,,1,50,,22931,7,,,1,10,,22942,7,,,1,10,,22956,7,,,1,10,,22964,7,,,1,10,,22972,7,,,1,10,,22980,7,,,1,50,,22993,7,,,1,10,,22998,7,,,1,10,,23009,7,,,1,10,,23016,7,,,1,10,,23025,7,,,1
201,'GLOBAUX-01-I',535,,23157,7,,,1,9,,23170,7,,,1,10,,23178,7,,,1,49,,23186,7,,,1,9,,23191,7,,,1,10,,23064,7,,,1,9,,23072,7,,,1,9,,23089,7,,,1,10,,23097,7,,,1,9,,23105,7,,,1,49,,23113,7,,,1,10,,23121,7,,,1,9,,23126,7,,,1,9,,23139,7,,,1,10,,23142,7,,,1,9,,23158,7,,,1,49,,23171,7,,,1,10,,23179,7,,,1,9,,23187,7,,,1,9,,23192,7,,,1,9,,23065,7,,,1,9,,23073,7,,,1,9,,23083,7,,,1,49,,23090,7,,,1,9,,23098,7,,,1,8,,23106,7,,,1,9,,23114,7,,,1,9,,23122,7,,,1,8,,23127,7,,,1,49,,23140,7,,,1,9,,23143,7,,,1,8,,23150,7,,,1,9,,23159,7,,,1,8,,23172,7,,,1,9,,23180,7,,,1,9,,23188,7,,,1,48,,23193,7,,,1,9,,23066,7,,,1,8,,23074,7,,,1,9,,23084,7,,,1,9,,23091,7,,,1,8,,23099,7,,,1,9,,23107,7,,,1,48,,23115,7,,,1,8,,23123,7,,,1,8,,23128,7,,,1,8,,23141,7,,,1,8,,23144,7,,,1,8,,23151,7,,,1,8,,23160,7,,,1,7,,23166,7,,,1,47,,23173,7,,,1,6,,23181,7,,,1,7,,23189,7,,,1,7,,23194,7,,,1,7,,23199,7,,,1,7,,23067,7,,,1,7,,23075,7,,,1,6,,23078,7,,,1,7,,23085,7,,,1,47,,23092,7,,,1,7,,23100,7,,,1,7,,23108,7,,,1,7,,23116,7,,,1,6,,23124,7,,,1,7,,23129,7,,,1,7,,23134,7,,,1,7,,23145,7,,,1,7,,23152,7,,,1,47,,23161,7,,,1,6,,23167,7,,,1,7,,23174,7,,,1,7,,23182,7,,,1,7,,23190,7,,,1,7,,23195,7,,,1,7,,23200,7,,,1,6,,23068,7,,,1,7,,23076,7,,,1,47,,23079,7,,,1,7,,23086,7,,,1,8,,23093,7,,,1,7,,23101,7,,,1,7,,23109,7,,,1,8,,23117,7,,,1,7,,23125,7,,,1,7,,23130,7,,,1,48,,23135,7,,,1,7,,23146,7,,,1,7,,23153,7,,,1,8,,23162,7,,,1,7,,23168,7,,,1,7,,23175,7,,,1,8,,23183,7,,,1,7,,23196,7,,,1,48,,23201,7,,,1,8,,23069,7,,,1,8,,23077,7,,,1,8,,23080,7,,,1,7,,23087,7,,,1,8,,23094,7,,,1,8,,23102,7,,,1,8,,23110,7,,,1,48,,23118,7,,,1,8,,23131,7,,,1,7,,23136,7,,,1,8,,23147,7,,,1,8,,23154,7,,,1,8,,23163,7,,,1,8,,23169,7,,,1,48,,23176,7,,,1,8,,23184,7,,,1,9,,23197,7,,,1,8,,23202,7,,,1,9,,23070,7,,,1,8,,23081,7,,,1,9,,23088,7,,,1,48,,23095,7,,,1,9,,23103,7,,,1,9,,23111,7,,,1,9,,23119,7,,,1,8,,23132,7,,,1,9,,23137,7,,,1,9,,23148,7,,,1,50,,23155,7,,,1,10,,23164,7,,,1,10,,23177,7,,,1,10,,23185,7,,,1,10,,23198,7,,,1,10,,23203,7,,,1,50,,23071,7,,,1,10,,23082,7,,,1,10,,23096,7,,,1,10,,23104,7,,,1,10,,23112,7,,,1,10,,23120,7,,,1,50,,23133,7,,,1,10,,23138,7,,,1,10,,23149,7,,,1,10,,23156,7,,,1,10,,23165,7,,,1
201,'GLOBAUX-01-S',535,,23391,7,,,1,6,,23405,7,,,1,6,,23411,7,,,1,6,,23418,7,,,1,6,,23424,7,,,1,46,,23204,7,,,1,6,,23206,7,,,1,6,,23224,7,,,1,6,,23226,7,,,1,5,,23238,7,,,1,5,,23243,7,,,1,5,,23251,7,,,1,5,,23276,7,,,1,4,,23277,7,,,1,4,,23279,7,,,1,4,,23288,7,,,1,4,,23297,7,,,1,43,,23305,7,,,1,4,,23308,7,,,1,3,,23313,7,,,1,4,,23322,7,,,1,3,,23327,7,,,1,3,,23331,7,,,1,3,,23339,7,,,1,3,,23344,7,,,1,3,,23346,7,,,1,3,,23351,7,,,1,3,,23366,7,,,1,3,,23375,4,,,1,3,,23383,7,,,1,3,,23384,7,,,1,3,,23385,4,,,1,3,,23390,7,,,1,3,,23392,7,,,1,2,,23394,7,,,1,3,,23401,4,,,1,43,,23406,7,,,1,3,,23412,7,,,1,3,,23417,7,,,1,3,,23419,7,,,1,3,,23425,7,,,1,3,,23434,7,,,1,3,,23442,4,,,1,3,,23205,7,,,1,3,,23207,7,,,1,2,,23216,7,,,1,3,,23225,7,,,1,3,,23227,7,,,1,3,,23234,4,,,1,3,,23235,7,,,1,3,,23239,7,,,1,3,,23244,7,,,1,3,,23252,7,,,1,3,,23259,7,,,1,3,,23260,7,,,1,3,,23271,7,,,1,3,,23278,7,,,1,43,,23280,7,,,1,4,,23289,7,,,1,3,,23298,7,,,1,3,,23306,7,,,1,4,,23309,7,,,1,4,,23314,7,,,1,3,,23318,7,,,1,4,,23323,7,,,1,4,,23328,7,,,1,4,,23332,7,,,1,4,,23340,7,,,1,4,,23345,7,,,1,5,,23352,7,,,1,5,,23367,7,,,1,5,,23376,7,,,1,45,,23386,7,,,1,5,,23395,7,,,1,6,,23407,7,,,1,6,,23413,7,,,1,6,,23426,7,,,1,6,,23435,7,,,1,6,,23208,7,,,1,6,,23217,7,,,1,6,,23228,7,,,1,6,,23240,7,,,1,46,,23253,7,,,1,6,,23261,7,,,1,6,,23272,7,,,1,6,,23281,7,,,1,6,,23290,7,,,1,6,,23299,7,,,1,6,,23310,7,,,1,7,,23319,7,,,1,6,,23324,7,,,1,6,,23333,7,,,1,46,,23341,7,,,1,6,,23353,7,,,1,5,,23368,7,,,1,6,,23377,7,,,1,7,,23387,7,,,1,6,,23396,7,,,1,6,,23408,7,,,1,5,,23414,7,,,1,6,,23427,7,,,1,7,,23436,7,,,1,46,,23209,7,,,1,6,,23218,7,,,1,5,,23229,7,,,1,6,,23241,7,,,1,7,,23254,7,,,1,6,,23262,7,,,1,6,,23273,7,,,1,6,,23282,7,,,1,6,,23291,7,,,1,5,,23300,7,,,1,46,,23311,7,,,1,6,,23320,7,,,1,7,,23325,7,,,1,6,,23334,7,,,1,6,,23342,7,,,1,6,,23354,7,,,1,6,,23369,7,,,1,6,,23378,7,,,1,6,,23388,7,,,1,6,,23397,7,,,1,46,,23409,7,,,1,5,,23415,7,,,1,5,,23428,7,,,1,5,,23437,7,,,1,5,,23210,7,,,1,5,,23212,7,,,1,4,,23219,7,,,1,5,,23230,7,,,1,3,,23236,7,,,1,4,,23242,7,,,1,3,,23248,7,,,1,3,,23255,7,,,1,4,,23263,7,,,1,3,,23267,7,,,1,43,,23274,7,,,1,3,,23283,7,,,1,4,,23284,7,,,1,3,,23292,7,,,1,3,,23296,7,,,1,3,,23301,7,,,1,4,,23307,7,,,1,3,,23312,7,,,1,3,,23315,7,,,1,3,,23321,7,,,1,3,,23326,7,,,1,4,,23329,7,,,1,3,,23335,7,,,1,3,,23343,7,,,1,3,,23347,7,,,1,3,,23355,7,,,1,3,,23358,7,,,1,4,,23362,7,,,1,3,,23370,7,,,1,43,,23374,7,,,1,3,,23379,7,,,1,3,,23389,7,,,1,3,,23393,7,,,1,4,,23398,7,,,1,3,,23402,7,,,1,3,,23410,7,,,1,3,,23416,7,,,1,4,,23420,7,,,1,3,,23429,7,,,1,3,,23430,7,,,1,3,,23438,7,,,1,4,,23211,7,,,1,4,,23213,7,,,1,4,,23220,7,,,1,4,,23231,7,,,1,4,,23237,7,,,1,3,,23245,7,,,1,44,,23249,7,,,1,5,,23256,7,,,1,4,,23264,7,,,1,5,,23268,7,,,1,5,,23275,7,,,1,4,,23285,7,,,1,5,,23293,7,,,1,5,,23302,7,,,1,5,,23316,7,,,1,5,,23330,7,,,1,5,,23336,7,,,1,5,,23348,7,,,1,45,,23356,7,,,1,5,,23359,7,,,1,5,,23363,7,,,1,6,,23371,7,,,1,6,,23380,7,,,1,6,,23399,7,,,1,6,,23403,7,,,1,6,,23421,7,,,1,6,,23431,7,,,1,6,,23439,7,,,1,6,,23214,7,,,1,46,,23221,7,,,1,6,,23232,7,,,1,6,,23246,7,,,1,6,,23250,7,,,1,6,,23257,7,,,1,6,,23265,7,,,1,6,,23269,7,,,1,6,,23286,7,,,1,6,,23294,7,,,1,6,,23303,7,,,1,46,,23317,7,,,1,6,,23337,7,,,1,6,,23349,7,,,1,6,,23357,7,,,1,6,,23360,7,,,1,6,,23364,7,,,1,6,,23372,7,,,1,6,,23381,7,,,1,6,,23400,7,,,1,6,,23404,7,,,1,46,,23422,7,,,1,6,,23432,7,,,1,6,,23440,7,,,1,6,,23215,7,,,1,6,,23222,7,,,1,6,,23233,7,,,1,7,,23247,7,,,1,7,,23258,7,,,1,7,,23266,7,,,1,47,,23270,7,,,1,7,,23287,7,,,1,7,,23295,7,,,1,7,,23304,7,,,1,7,,23338,7,,,1,8,,23350,7,,,1,8,,23361,7,,,1,8,,23365,7,,,1,48,,23373,7,,,1,8,,23382,7,,,1,8,,23423,7,,,1,8,,23433,7,,,1,8,,23441,7,,,1,8,,23223,7,,,1
