100,'GLOBAUX-01-A',554,,20201,19,,,1,50,,20211,19,,,1,10,,20229,19,,,1,10,,20236,19,,,1,10,,20246,19,,,1,10,,20269,19,,,1,11,,20287,19,,,1,50,,20297,19,,,1,10,,20304,19,,,1,10,,20314,19,,,1,10,,20331,19,,,1,10,,20341,19,,,1,10,,20202,19,,,1,50,,20212,19,,,1,10,,20230,19,,,1,10,,20237,19,,,1,10,,20247,19,,,1,9,,20270,19,,,1,10,,20278,19,,,1,49,,20288,19,,,1,10,,20298,19,,,1,8,,20305,19,,,1,9,,20315,19,,,1,8,,20332,19,,,1,8,,20342,19,,,1,9,,20203,19,,,1,48,,20213,19,,,1,9,,20221,19,,,1,8,,20231,19,,,1,9,,20238,19,,,1,8,,20248,19,,,1,8,,20263,19,,,1,7,,20271,19,,,1,48,,20279,19,,,1,8,,20289,19,,,1,7,,20299,19,,,1,8,,20306,19,,,1,8,,20316,19,,,1,7,,20333,19,,,1,8,,20343,19,,,1,8,,20204,19,,,1,48,,20214,19,,,1,7,,20222,19,,,1,8,,20232,19,,,1,7,,20239,19,,,1,6,,20249,19,,,1,7,,20256,19,,,1,6,,20264,19,,,1,7,,20272,19,,,1,6,,20280,19,,,1,47,,20290,19,,,1,6,,20300,19,,,1,7,,20307,19,,,1,7,,20317,19,,,1,6,,20324,19,,,1,7,,20334,19,,,1,6,,20344,19,,,1,7,,20205,19,,,1,6,,20215,19,,,1,47,,20223,19,,,1,6,,20233,19,,,1,7,,20240,19,,,1,6,,20250,19,,,1,7,,20257,19,,,1,6,,20265,19,,,1,7,,20273,19,,,1,6,,20281,19,,,1,7,,20291,19,,,1,46,,20301,19,,,1,7,,20308,19,,,1,6,,20318,19,,,1,7,,20325,19,,,1,6,,20335,19,,,1,7,,20345,19,,,1,6,,20206,19,,,1,7,,20216,19,,,1,6,,20224,19,,,1,7,,20234,19,,,1,46,,20241,19,,,1,7,,20251,19,,,1,6,,20258,19,,,1,7,,20266,19,,,1,6,,20274,19,,,1,7,,20282,19,,,1,6,,20292,19,,,1,7,,20302,19,,,1,6,,20309,19,,,1,47,,20319,19,,,1,6,,20326,19,,,1,7,,20336,19,,,1,6,,20346,19,,,1,7,,20207,19,,,1,6,,20217,19,,,1,7,,20225,19,,,1,6,,20235,19,,,1,7,,20242,19,,,1,46,,20252,19,,,1,7,,20259,19,,,1,6,,20267,19,,,1,7,,20275,19,,,1,6,,20283,19,,,1,7,,20293,19,,,1,6,,20303,19,,,1,6,,20310,19,,,1,7,,20320,19,,,1,47,,20327,19,,,1,8,,20337,19,,,1,8,,20347,19,,,1,7,,20208,19,,,1,8,,20218,19,,,1,8,,20226,19,,,1,7,,20243,19,,,1,8,,20253,19,,,1,47,,20260,19,,,1,8,,20268,19,,,1,8,,20276,19,,,1,7,,20284,19,,,1,9,,20294,19,,,1,8,,20311,19,,,1,8,,20321,19,,,1,9,,20328,19,,,1,48,,20338,19,,,1,8,,20348,19,,,1,9,,20209,19,,,1,8,,20219,19,,,1,9,,20227,19,,,1,8,,20244,19,,,1,9,,20254,19,,,1,48,,20261,19,,,1,8,,20277,19,,,1,9,,20285,19,,,1,8,,20295,19,,,1,10,,20312,19,,,1,10,,20322,19,,,1,49,,20329,19,,,1,10,,20339,19,,,1,10,,20349,19,,,1,10,,20210,19,,,1,10,,20220,19,,,1,10,,20228,19,,,1,50,,20245,19,,,1,10,,20255,19,,,1,10,,20262,19,,,1,10,,20286,19,,,1,10,,20296,19,,,1,10,,20313,19,,,1,50,,20323,19,,,1,10,,20330,19,,,1,10,,20340,19,,,1,13,,20350,19,,,1
100,'GLOBAUX-01-F1',554,,20351,19,,,1,50,,20361,19,,,1,10,,20368,19,,,1,10,,20393,19,,,1,10,,20403,19,,,1,10,,20413,19,,,1,11,,20435,19,,,1,50,,20445,19,,,1,10,,20454,19,,,1,10,,20463,19,,,1,10,,20472,19,,,1,10,,20481,19,,,1,10,,20352,19,,,1,50,,20362,19,,,1,10,,20369,19,,,1,10,,20394,19,,,1,9,,20404,19,,,1,10,,20414,19,,,1,9,,20429,19,,,1,49,,20436,19,,,1,10,,20446,19,,,1,9,,20455,19,,,1,9,,20464,19,,,1,10,,20473,19,,,1,8,,20482,19,,,1,9,,20353,19,,,1,48,,20363,19,,,1,8,,20370,19,,,1,9,,20385,19,,,1,8,,20395,19,,,1,9,,20405,19,,,1,8,,20415,19,,,1,9,,20430,19,,,1,48,,20437,19,,,1,9,,20447,19,,,1,8,,20456,19,,,1,9,,20465,19,,,1,8,,20474,19,,,1,8,,20483,19,,,1,9,,20354,19,,,1,48,,20364,19,,,1,7,,20371,19,,,1,8,,20378,19,,,1,8,,20386,19,,,1,7,,20396,19,,,1,8,,20406,19,,,1,8,,20416,19,,,1,7,,20431,19,,,1,48,,20438,19,,,1,8,,20448,19,,,1,7,,20457,19,,,1,8,,20466,19,,,1,8,,20475,19,,,1,8,,20484,19,,,1,7,,20355,19,,,1,8,,20365,19,,,1,48,,20372,19,,,1,7,,20379,19,,,1,8,,20387,19,,,1,8,,20397,19,,,1,7,,20407,19,,,1,7,,20417,19,,,1,7,,20423,19,,,1,7,,20432,19,,,1,47,,20439,19,,,1,7,,20449,19,,,1,7,,20458,19,,,1,7,,20467,19,,,1,7,,20476,19,,,1,7,,20485,19,,,1,7,,20356,19,,,1,7,,20366,19,,,1,47,,20373,19,,,1,7,,20380,19,,,1,7,,20388,19,,,1,7,,20398,19,,,1,7,,20408,19,,,1,7,,20418,19,,,1,7,,20424,19,,,1,7,,20433,19,,,1,7,,20440,19,,,1,47,,20450,19,,,1,7,,20459,19,,,1,7,,20468,19,,,1,7,,20477,19,,,1,7,,20486,19,,,1,7,,20357,19,,,1,7,,20367,19,,,1,7,,20374,19,,,1,7,,20381,19,,,1,47,,20389,19,,,1,7,,20399,19,,,1,7,,20409,19,,,1,7,,20419,19,,,1,7,,20425,19,,,1,7,,20434,19,,,1,7,,20441,19,,,1,7,,20451,19,,,1,48,,20460,19,,,1,8,,20469,19,,,1,9,,20478,19,,,1,8,,20487,19,,,1,9,,20358,19,,,1,8,,20375,19,,,1,8,,20382,19,,,1,49,,20390,19,,,1,8,,20400,19,,,1,9,,20410,19,,,1,8,,20420,19,,,1,8,,20426,19,,,1,9,,20442,19,,,1,8,,20452,19,,,1,49,,20461,19,,,1,8,,20470,19,,,1,8,,20479,19,,,1,9,,20488,19,,,1,8,,20359,19,,,1,9,,20376,19,,,1,8,,20383,19,,,1,8,,20391,19,,,1,49,,20401,19,,,1,9,,20411,19,,,1,9,,20421,19,,,1,9,,20427,19,,,1,9,,20443,19,,,1,9,,20453,19,,,1,49,,20462,19,,,1,9,,20471,19,,,1,9,,20480,19,,,1,10,,20489,19,,,1,10,,20360,19,,,1,10,,20377,19,,,1,50,,20384,19,,,1,10,,20392,19,,,1,10,,20402,19,,,1,10,,20412,19,,,1,10,,20422,19,,,1,10,,20428,19,,,1,53,,20444,19,,,1
100,'GLOBAUX-01-F2',554,,20490,19,,,1,50,,20500,19,,,1,10,,20507,19,,,1,10,,20532,19,,,1,10,,20542,19,,,1,10,,20552,19,,,1,11,,20574,19,,,1,50,,20584,19,,,1,10,,20593,19,,,1,10,,20602,19,,,1,10,,20611,19,,,1,10,,20620,19,,,1,10,,20491,19,,,1,50,,20501,19,,,1,10,,20508,19,,,1,10,,20533,19,,,1,9,,20543,19,,,1,10,,20553,19,,,1,9,,20568,19,,,1,49,,20575,19,,,1,10,,20585,19,,,1,9,,20594,19,,,1,9,,20603,19,,,1,10,,20612,19,,,1,8,,20621,19,,,1,9,,20492,19,,,1,48,,20502,19,,,1,8,,20509,19,,,1,9,,20524,19,,,1,8,,20534,19,,,1,9,,20544,19,,,1,8,,20554,19,,,1,9,,20569,19,,,1,48,,20576,19,,,1,9,,20586,19,,,1,8,,20595,19,,,1,9,,20604,19,,,1,8,,20613,19,,,1,8,,20622,19,,,1,9,,20493,19,,,1,48,,20503,19,,,1,7,,20510,19,,,1,8,,20517,19,,,1,8,,20525,19,,,1,7,,20535,19,,,1,8,,20545,19,,,1,8,,20555,19,,,1,7,,20570,19,,,1,48,,20577,19,,,1,8,,20587,19,,,1,7,,20596,19,,,1,8,,20605,19,,,1,8,,20614,19,,,1,8,,20623,19,,,1,7,,20494,19,,,1,8,,20504,19,,,1,48,,20511,19,,,1,7,,20518,19,,,1,8,,20526,19,,,1,8,,20536,19,,,1,7,,20546,19,,,1,7,,20556,19,,,1,7,,20562,19,,,1,7,,20571,19,,,1,47,,20578,19,,,1,7,,20588,19,,,1,7,,20597,19,,,1,7,,20606,19,,,1,7,,20615,19,,,1,7,,20624,19,,,1,7,,20495,19,,,1,7,,20505,19,,,1,47,,20512,19,,,1,7,,20519,19,,,1,7,,20527,19,,,1,7,,20537,19,,,1,7,,20547,19,,,1,7,,20557,19,,,1,7,,20563,19,,,1,7,,20572,19,,,1,7,,20579,19,,,1,47,,20589,19,,,1,7,,20598,19,,,1,7,,20607,19,,,1,7,,20616,19,,,1,7,,20625,19,,,1,7,,20496,19,,,1,7,,20506,19,,,1,7,,20513,19,,,1,7,,20520,19,,,1,47,,20528,19,,,1,7,,20538,19,,,1,7,,20548,19,,,1,7,,20558,19,,,1,7,,20564,19,,,1,7,,20573,19,,,1,7,,20580,19,,,1,7,,20590,19,,,1,48,,20599,19,,,1,8,,20608,19,,,1,9,,20617,19,,,1,8,,20626,19,,,1,9,,20497,19,,,1,8,,20514,19,,,1,8,,20521,19,,,1,49,,20529,19,,,1,8,,20539,19,,,1,9,,20549,19,,,1,8,,20559,19,,,1,8,,20565,19,,,1,9,,20581,19,,,1,8,,20591,19,,,1,49,,20600,19,,,1,8,,20609,19,,,1,8,,20618,19,,,1,9,,20627,19,,,1,8,,20498,19,,,1,9,,20515,19,,,1,8,,20522,19,,,1,8,,20530,19,,,1,49,,20540,19,,,1,9,,20550,19,,,1,9,,20560,19,,,1,9,,20566,19,,,1,9,,20582,19,,,1,9,,20592,19,,,1,49,,20601,19,,,1,9,,20610,19,,,1,9,,20619,19,,,1,10,,20628,19,,,1,10,,20499,19,,,1,10,,20516,19,,,1,50,,20523,19,,,1,10,,20531,19,,,1,10,,20541,19,,,1,10,,20551,19,,,1,10,,20561,19,,,1,10,,20567,19,,,1,53,,20583,19,,,1
100,'GLOBAUX-01-I',554,,20629,19,,,1,50,,20639,19,,,1,10,,20646,19,,,1,10,,20671,19,,,1,10,,20681,19,,,1,10,,20691,19,,,1,11,,20713,19,,,1,50,,20723,19,,,1,10,,20732,19,,,1,10,,20741,19,,,1,10,,20750,19,,,1,10,,20759,19,,,1,10,,20630,19,,,1,50,,20640,19,,,1,10,,20647,19,,,1,10,,20672,19,,,1,9,,20682,19,,,1,10,,20692,19,,,1,9,,20707,19,,,1,49,,20714,19,,,1,10,,20724,19,,,1,9,,20733,19,,,1,9,,20742,19,,,1,10,,20751,19,,,1,8,,20760,19,,,1,9,,20631,19,,,1,48,,20641,19,,,1,8,,20648,19,,,1,9,,20663,19,,,1,8,,20673,19,,,1,9,,20683,19,,,1,8,,20693,19,,,1,9,,20708,19,,,1,48,,20715,19,,,1,9,,20725,19,,,1,8,,20734,19,,,1,9,,20743,19,,,1,8,,20752,19,,,1,8,,20761,19,,,1,9,,20632,19,,,1,48,,20642,19,,,1,7,,20649,19,,,1,8,,20656,19,,,1,8,,20664,19,,,1,7,,20674,19,,,1,8,,20684,19,,,1,8,,20694,19,,,1,7,,20709,19,,,1,48,,20716,19,,,1,8,,20726,19,,,1,7,,20735,19,,,1,8,,20744,19,,,1,8,,20753,19,,,1,8,,20762,19,,,1,7,,20633,19,,,1,8,,20643,19,,,1,48,,20650,19,,,1,7,,20657,19,,,1,8,,20665,19,,,1,8,,20675,19,,,1,7,,20685,19,,,1,7,,20695,19,,,1,7,,20701,19,,,1,7,,20710,19,,,1,47,,20717,19,,,1,7,,20727,19,,,1,7,,20736,19,,,1,7,,20745,19,,,1,7,,20754,19,,,1,7,,20763,19,,,1,7,,20634,19,,,1,7,,20644,19,,,1,47,,20651,19,,,1,7,,20658,19,,,1,7,,20666,19,,,1,7,,20676,19,,,1,7,,20686,19,,,1,7,,20696,19,,,1,7,,20702,19,,,1,7,,20711,19,,,1,7,,20718,19,,,1,47,,20728,19,,,1,7,,20737,19,,,1,7,,20746,19,,,1,7,,20755,19,,,1,7,,20764,19,,,1,7,,20635,19,,,1,7,,20645,19,,,1,7,,20652,19,,,1,7,,20659,19,,,1,47,,20667,19,,,1,7,,20677,19,,,1,7,,20687,19,,,1,7,,20697,19,,,1,7,,20703,19,,,1,7,,20712,19,,,1,7,,20719,19,,,1,7,,20729,19,,,1,48,,20738,19,,,1,8,,20747,19,,,1,9,,20756,19,,,1,8,,20765,19,,,1,9,,20636,19,,,1,8,,20653,19,,,1,8,,20660,19,,,1,49,,20668,19,,,1,8,,20678,19,,,1,9,,20688,19,,,1,8,,20698,19,,,1,8,,20704,19,,,1,9,,20720,19,,,1,8,,20730,19,,,1,49,,20739,19,,,1,8,,20748,19,,,1,8,,20757,19,,,1,9,,20766,19,,,1,8,,20637,19,,,1,9,,20654,19,,,1,8,,20661,19,,,1,8,,20669,19,,,1,49,,20679,19,,,1,9,,20689,19,,,1,9,,20699,19,,,1,9,,20705,19,,,1,9,,20721,19,,,1,9,,20731,19,,,1,49,,20740,19,,,1,9,,20749,19,,,1,9,,20758,19,,,1,10,,20767,19,,,1,10,,20638,19,,,1,10,,20655,19,,,1,50,,20662,19,,,1,10,,20670,19,,,1,10,,20680,19,,,1,10,,20690,19,,,1,10,,20700,19,,,1,10,,20706,19,,,1,53,,20722,19,,,1
100,'GLOBAUX-01-S',555,,20768,19,,,1,46,,20796,19,,,1,7,,20806,19,,,1,7,,20826,19,,,1,7,,20848,19,,,1,7,,20852,19,,,1,6,,20859,19,,,1,7,,20870,19,,,1,5,,20876,19,,,1,4,,20893,19,,,1,4,,20902,19,,,1,4,,20905,19,,,1,44,,20913,19,,,1,4,,20930,19,,,1,3,,20936,19,,,1,3,,20946,19,,,1,3,,20948,19,,,1,4,,20950,19,,,1,3,,20952,19,,,1,3,,20968,19,,,1,3,,20977,19,,,1,4,,20979,19,,,1,3,,20997,19,,,1,3,,21003,19,,,1,4,,21004,19,,,1,3,,20769,19,,,1,3,,20787,19,,,1,3,,20789,19,,,1,4,,20797,19,,,1,3,,20807,19,,,1,43,,20808,19,,,1,3,,20809,19,,,1,3,,20811,19,,,1,3,,20812,19,,,1,3,,20827,19,,,1,3,,20833,19,,,1,3,,20839,19,,,1,3,,20849,19,,,1,3,,20853,19,,,1,3,,20860,19,,,1,3,,20865,19,,,1,3,,20871,19,,,1,3,,20877,19,,,1,4,,20894,19,,,1,3,,20903,19,,,1,3,,20906,19,,,1,3,,20912,19,,,1,3,,20914,19,,,1,3,,20931,19,,,1,44,,20937,19,,,1,3,,20947,19,,,1,3,,20949,19,,,1,3,,20951,19,,,1,4,,20955,19,,,1,3,,20960,19,,,1,4,,20969,19,,,1,3,,20978,19,,,1,4,,20984,19,,,1,4,,20998,19,,,1,3,,21005,19,,,1,4,,20770,19,,,1,4,,20780,19,,,1,5,,20790,19,,,1,5,,20798,19,,,1,5,,20810,19,,,1,45,,20813,19,,,1,5,,20828,19,,,1,6,,20840,19,,,1,6,,20854,19,,,1,6,,20866,19,,,1,6,,20878,19,,,1,6,,20895,19,,,1,6,,20907,19,,,1,6,,20915,19,,,1,6,,20932,19,,,1,46,,20938,19,,,1,6,,20956,19,,,1,6,,20961,19,,,1,6,,20970,19,,,1,6,,20985,19,,,1,6,,20999,19,,,1,6,,20771,19,,,1,6,,20781,19,,,1,6,,20791,19,,,1,6,,20799,19,,,1,46,,20814,19,,,1,6,,20829,19,,,1,6,,20841,19,,,1,6,,20855,19,,,1,6,,20867,19,,,1,6,,20879,19,,,1,6,,20896,19,,,1,6,,20908,19,,,1,6,,20916,19,,,1,6,,20933,19,,,1,46,,20939,19,,,1,6,,20957,19,,,1,6,,20962,19,,,1,6,,20971,19,,,1,6,,20986,19,,,1,6,,21000,19,,,1,6,,20772,19,,,1,6,,20782,19,,,1,6,,20792,19,,,1,6,,20800,19,,,1,46,,20815,19,,,1,6,,20830,19,,,1,6,,20842,19,,,1,6,,20856,19,,,1,6,,20868,19,,,1,6,,20880,19,,,1,6,,20897,19,,,1,7,,20909,19,,,1,6,,20917,19,,,1,6,,20934,19,,,1,46,,20940,19,,,1,6,,20958,19,,,1,6,,20963,19,,,1,6,,20972,19,,,1,5,,20987,19,,,1,4,,20989,19,,,1,4,,21001,19,,,1,4,,20773,19,,,1,4,,20775,19,,,1,4,,20783,19,,,1,4,,20793,19,,,1,4,,20795,19,,,1,4,,20801,19,,,1,44,,20816,19,,,1,3,,20821,19,,,1,4,,20831,19,,,1,3,,20834,19,,,1,3,,20843,19,,,1,3,,20850,19,,,1,4,,20857,19,,,1,3,,20869,19,,,1,3,,20872,19,,,1,3,,20881,19,,,1,3,,20886,19,,,1,3,,20891,19,,,1,3,,20898,19,,,1,3,,20904,19,,,1,3,,20910,19,,,1,3,,20918,19,,,1,2,,20923,19,,,1,3,,20925,19,,,1,3,,20935,19,,,1,43,,20941,19,,,1,2,,20953,19,,,1,3,,20954,19,,,1,3,,20959,19,,,1,3,,20964,19,,,1,2,,20973,19,,,1,3,,20980,19,,,1,3,,20983,19,,,1,3,,20988,19,,,1,2,,20990,19,,,1,3,,20993,19,,,1,3,,21002,19,,,1,2,,20774,19,,,1,3,,20776,19,,,1,3,,20784,19,,,1,3,,20788,19,,,1,4,,20794,19,,,1,3,,20802,19,,,1,3,,20817,19,,,1,4,,20822,19,,,1,3,,20832,19,,,1,44,,20835,19,,,1,4,,20844,19,,,1,3,,20851,19,,,1,4,,20858,19,,,1,3,,20861,19,,,1,4,,20873,19,,,1,4,,20882,19,,,1,5,,20887,19,,,1,4,,20892,19,,,1,4,,20899,19,,,1,4,,20911,19,,,1,4,,20919,19,,,1,4,,20924,19,,,1,4,,20926,19,,,1,4,,20942,19,,,1,45,,20965,19,,,1,6,,20974,19,,,1,6,,20981,19,,,1,5,,20991,19,,,1,6,,20994,19,,,1,6,,20777,19,,,1,6,,20785,19,,,1,6,,20803,19,,,1,6,,20818,19,,,1,6,,20823,19,,,1,46,,20836,19,,,1,6,,20845,19,,,1,6,,20862,19,,,1,6,,20874,19,,,1,6,,20883,19,,,1,6,,20888,19,,,1,6,,20900,19,,,1,7,,20920,19,,,1,6,,20927,19,,,1,6,,20943,19,,,1,46,,20966,19,,,1,6,,20975,19,,,1,6,,20982,19,,,1,6,,20992,19,,,1,6,,20995,19,,,1,6,,20778,19,,,1,6,,20786,19,,,1,6,,20804,19,,,1,6,,20819,19,,,1,6,,20824,19,,,1,46,,20837,19,,,1,6,,20846,19,,,1,7,,20863,19,,,1,6,,20875,19,,,1,6,,20884,19,,,1,6,,20889,19,,,1,6,,20901,19,,,1,7,,20921,19,,,1,6,,20928,19,,,1,48,,20944,19,,,1,8,,20967,19,,,1,8,,20976,19,,,1,8,,20996,19,,,1,8,,20779,19,,,1,8,,20805,19,,,1,8,,20820,19,,,1,8,,20825,19,,,1,48,,20838,19,,,1,8,,20847,19,,,1,8,,20864,19,,,1,8,,20885,19,,,1,8,,20890,19,,,1,7,,20922,19,,,1,8,,20929,19,,,1,52,,20945,19,,,1
101,'GLOBAUX-01-A',540,,21092,9,,,1,10,,21102,9,,,1,50,,21109,9,,,1,10,,21119,9,,,1,10,,21136,9,,,1,10,,21146,9,,,1,10,,21006,9,,,1,10,,21016,9,,,1,50,,21035,9,,,1,10,,21042,9,,,1,10,,21052,9,,,1,10,,21074,9,,,1,10,,21082,9,,,1,9,,21093,9,,,1,9,,21103,9,,,1,50,,21110,9,,,1,9,,21120,9,,,1,8,,21137,9,,,1,9,,21147,9,,,1,8,,21007,9,,,1,9,,21017,9,,,1,8,,21026,9,,,1,49,,21036,9,,,1,8,,21043,9,,,1,8,,21053,9,,,1,9,,21075,9,,,1,8,,21083,9,,,1,9,,21094,9,,,1,8,,21104,9,,,1,48,,21111,9,,,1,9,,21121,9,,,1,8,,21138,9,,,1,9,,21148,9,,,1,8,,21008,9,,,1,9,,21018,9,,,1,7,,21027,9,,,1,48,,21037,9,,,1,8,,21044,9,,,1,7,,21054,9,,,1,8,,21069,9,,,1,8,,21076,9,,,1,7,,21084,9,,,1,8,,21095,9,,,1,8,,21105,9,,,1,47,,21112,9,,,1,7,,21122,9,,,1,7,,21129,9,,,1,6,,21139,9,,,1,7,,21149,9,,,1,6,,21009,9,,,1,7,,21019,9,,,1,6,,21028,9,,,1,7,,21038,9,,,1,46,,21045,9,,,1,7,,21055,9,,,1,6,,21062,9,,,1,7,,21070,9,,,1,6,,21077,9,,,1,7,,21085,9,,,1,6,,21096,9,,,1,7,,21106,9,,,1,6,,21113,9,,,1,47,,21123,9,,,1,6,,21130,9,,,1,7,,21140,9,,,1,6,,21150,9,,,1,7,,21010,9,,,1,6,,21020,9,,,1,7,,21029,9,,,1,6,,21039,9,,,1,7,,21046,9,,,1,46,,21056,9,,,1,7,,21063,9,,,1,6,,21071,9,,,1,7,,21078,9,,,1,6,,21086,9,,,1,7,,21097,9,,,1,6,,21107,9,,,1,7,,21114,9,,,1,6,,21124,9,,,1,47,,21131,9,,,1,6,,21141,9,,,1,7,,21151,9,,,1,6,,21011,9,,,1,7,,21021,9,,,1,6,,21030,9,,,1,7,,21040,9,,,1,6,,21047,9,,,1,7,,21057,9,,,1,6,,21064,9,,,1,47,,21072,9,,,1,6,,21079,9,,,1,7,,21087,9,,,1,6,,21098,9,,,1,7,,21108,9,,,1,6,,21115,9,,,1,7,,21125,9,,,1,6,,21132,9,,,1,7,,21142,9,,,1,46,,21152,9,,,1,7,,21012,9,,,1,6,,21022,9,,,1,7,,21031,9,,,1,6,,21041,9,,,1,7,,21048,9,,,1,7,,21058,9,,,1,7,,21065,9,,,1,8,,21073,9,,,1,48,,21080,9,,,1,7,,21088,9,,,1,8,,21099,9,,,1,8,,21116,9,,,1,7,,21126,9,,,1,8,,21133,9,,,1,9,,21143,9,,,1,48,,21153,9,,,1,9,,21013,9,,,1,8,,21023,9,,,1,8,,21032,9,,,1,9,,21049,9,,,1,8,,21059,9,,,1,9,,21066,9,,,1,48,,21081,9,,,1,9,,21089,9,,,1,8,,21100,9,,,1,8,,21117,9,,,1,9,,21127,9,,,1,8,,21134,9,,,1,10,,21144,9,,,1,49,,21154,9,,,1,9,,21014,9,,,1,10,,21024,9,,,1,9,,21033,9,,,1,10,,21050,9,,,1,9,,21060,9,,,1,10,,21067,9,,,1,50,,21090,9,,,1,10,,21101,9,,,1,10,,21118,9,,,1,10,,21128,9,,,1,10,,21135,9,,,1,10,,21145,9,,,1,50,,21155,9,,,1,10,,21015,9,,,1,10,,21025,9,,,1,10,,21034,9,,,1,10,,21051,9,,,1,10,,21061,9,,,1,50,,21068,9,,,1,10,,21091,9,,,1
101,'GLOBAUX-01-F1',540,,21236,9,,,1,10,,21246,9,,,1,50,,21255,9,,,1,10,,21265,9,,,1,10,,21275,9,,,1,10,,21285,9,,,1,10,,21156,9,,,1,10,,21166,9,,,1,50,,21173,9,,,1,10,,21198,9,,,1,10,,21207,9,,,1,10,,21216,9,,,1,9,,21230,9,,,1,10,,21237,9,,,1,9,,21247,9,,,1,49,,21256,9,,,1,10,,21266,9,,,1,9,,21276,9,,,1,9,,21286,9,,,1,8,,21157,9,,,1,8,,21167,9,,,1,49,,21174,9,,,1,8,,21190,9,,,1,9,,21199,9,,,1,8,,21208,9,,,1,9,,21217,9,,,1,8,,21231,9,,,1,8,,21238,9,,,1,9,,21248,9,,,1,48,,21257,9,,,1,9,,21267,9,,,1,8,,21277,9,,,1,8,,21287,9,,,1,9,,21158,9,,,1,8,,21168,9,,,1,9,,21175,9,,,1,48,,21191,9,,,1,9,,21200,9,,,1,8,,21209,9,,,1,8,,21218,9,,,1,9,,21232,9,,,1,8,,21239,9,,,1,9,,21249,9,,,1,48,,21258,9,,,1,9,,21268,9,,,1,8,,21278,9,,,1,8,,21288,9,,,1,7,,21159,9,,,1,8,,21169,9,,,1,8,,21176,9,,,1,47,,21183,9,,,1,8,,21192,9,,,1,8,,21201,9,,,1,7,,21210,9,,,1,8,,21219,9,,,1,8,,21233,9,,,1,7,,21240,9,,,1,8,,21250,9,,,1,48,,21259,9,,,1,7,,21269,9,,,1,8,,21279,9,,,1,8,,21289,9,,,1,7,,21160,9,,,1,8,,21170,9,,,1,8,,21177,9,,,1,7,,21184,9,,,1,48,,21193,9,,,1,7,,21202,9,,,1,7,,21211,9,,,1,7,,21220,9,,,1,7,,21225,9,,,1,7,,21234,9,,,1,7,,21241,9,,,1,7,,21251,9,,,1,7,,21260,9,,,1,47,,21270,9,,,1,7,,21280,9,,,1,7,,21290,9,,,1,7,,21161,9,,,1,7,,21171,9,,,1,7,,21178,9,,,1,7,,21185,9,,,1,7,,21194,9,,,1,47,,21203,9,,,1,7,,21212,9,,,1,7,,21221,9,,,1,7,,21226,9,,,1,7,,21235,9,,,1,7,,21242,9,,,1,7,,21252,9,,,1,7,,21261,9,,,1,7,,21271,9,,,1,47,,21281,9,,,1,7,,21291,9,,,1,7,,21162,9,,,1,7,,21172,9,,,1,7,,21179,9,,,1,7,,21186,9,,,1,8,,21195,9,,,1,9,,21204,9,,,1,48,,21213,9,,,1,8,,21222,9,,,1,9,,21227,9,,,1,8,,21243,9,,,1,9,,21253,9,,,1,8,,21262,9,,,1,9,,21272,9,,,1,48,,21282,9,,,1,8,,21292,9,,,1,9,,21163,9,,,1,8,,21180,9,,,1,9,,21187,9,,,1,8,,21196,9,,,1,8,,21205,9,,,1,49,,21214,9,,,1,8,,21223,9,,,1,9,,21228,9,,,1,8,,21244,9,,,1,8,,21254,9,,,1,9,,21263,9,,,1,8,,21273,9,,,1,49,,21283,9,,,1,8,,21293,9,,,1,9,,21164,9,,,1,9,,21181,9,,,1,10,,21188,9,,,1,10,,21197,9,,,1,10,,21206,9,,,1,50,,21215,9,,,1,10,,21224,9,,,1,10,,21229,9,,,1,10,,21245,9,,,1,10,,21264,9,,,1,10,,21274,9,,,1,50,,21284,9,,,1,10,,21294,9,,,1,10,,21165,9,,,1,10,,21182,9,,,1,10,,21189,9,,,1
101,'GLOBAUX-01-F2',540,,21375,9,,,1,10,,21385,9,,,1,50,,21394,9,,,1,10,,21404,9,,,1,10,,21414,9,,,1,10,,21424,9,,,1,10,,21295,9,,,1,10,,21305,9,,,1,50,,21312,9,,,1,10,,21337,9,,,1,10,,21346,9,,,1,10,,21355,9,,,1,9,,21369,9,,,1,10,,21376,9,,,1,9,,21386,9,,,1,49,,21395,9,,,1,10,,21405,9,,,1,9,,21415,9,,,1,9,,21425,9,,,1,8,,21296,9,,,1,8,,21306,9,,,1,49,,21313,9,,,1,8,,21329,9,,,1,9,,21338,9,,,1,8,,21347,9,,,1,9,,21356,9,,,1,8,,21370,9,,,1,8,,21377,9,,,1,9,,21387,9,,,1,48,,21396,9,,,1,9,,21406,9,,,1,8,,21416,9,,,1,8,,21426,9,,,1,9,,21297,9,,,1,8,,21307,9,,,1,9,,21314,9,,,1,48,,21330,9,,,1,9,,21339,9,,,1,8,,21348,9,,,1,8,,21357,9,,,1,9,,21371,9,,,1,8,,21378,9,,,1,9,,21388,9,,,1,48,,21397,9,,,1,9,,21407,9,,,1,8,,21417,9,,,1,8,,21427,9,,,1,7,,21298,9,,,1,8,,21308,9,,,1,8,,21315,9,,,1,47,,21322,9,,,1,8,,21331,9,,,1,8,,21340,9,,,1,7,,21349,9,,,1,8,,21358,9,,,1,8,,21372,9,,,1,7,,21379,9,,,1,8,,21389,9,,,1,48,,21398,9,,,1,7,,21408,9,,,1,8,,21418,9,,,1,8,,21428,9,,,1,7,,21299,9,,,1,8,,21309,9,,,1,8,,21316,9,,,1,7,,21323,9,,,1,48,,21332,9,,,1,7,,21341,9,,,1,7,,21350,9,,,1,7,,21359,9,,,1,7,,21364,9,,,1,7,,21373,9,,,1,7,,21380,9,,,1,7,,21390,9,,,1,7,,21399,9,,,1,47,,21409,9,,,1,7,,21419,9,,,1,7,,21429,9,,,1,7,,21300,9,,,1,7,,21310,9,,,1,7,,21317,9,,,1,7,,21324,9,,,1,7,,21333,9,,,1,47,,21342,9,,,1,7,,21351,9,,,1,7,,21360,9,,,1,7,,21365,9,,,1,7,,21374,9,,,1,7,,21381,9,,,1,7,,21391,9,,,1,7,,21400,9,,,1,7,,21410,9,,,1,47,,21420,9,,,1,7,,21430,9,,,1,7,,21301,9,,,1,7,,21311,9,,,1,7,,21318,9,,,1,7,,21325,9,,,1,8,,21334,9,,,1,9,,21343,9,,,1,48,,21352,9,,,1,8,,21361,9,,,1,9,,21366,9,,,1,8,,21382,9,,,1,9,,21392,9,,,1,8,,21401,9,,,1,9,,21411,9,,,1,48,,21421,9,,,1,8,,21431,9,,,1,9,,21302,9,,,1,8,,21319,9,,,1,9,,21326,9,,,1,8,,21335,9,,,1,8,,21344,9,,,1,49,,21353,9,,,1,8,,21362,9,,,1,9,,21367,9,,,1,8,,21383,9,,,1,8,,21393,9,,,1,9,,21402,9,,,1,8,,21412,9,,,1,49,,21422,9,,,1,8,,21432,9,,,1,9,,21303,9,,,1,9,,21320,9,,,1,10,,21327,9,,,1,10,,21336,9,,,1,10,,21345,9,,,1,50,,21354,9,,,1,10,,21363,9,,,1,10,,21368,9,,,1,10,,21384,9,,,1,10,,21403,9,,,1,10,,21413,9,,,1,50,,21423,9,,,1,10,,21433,9,,,1,10,,21304,9,,,1,10,,21321,9,,,1,10,,21328,9,,,1
101,'GLOBAUX-01-I',540,,21514,9,,,1,10,,21524,9,,,1,50,,21533,9,,,1,10,,21543,9,,,1,10,,21553,9,,,1,10,,21563,9,,,1,10,,21434,9,,,1,10,,21444,9,,,1,50,,21451,9,,,1,10,,21476,9,,,1,10,,21485,9,,,1,10,,21494,9,,,1,9,,21508,9,,,1,10,,21515,9,,,1,9,,21525,9,,,1,49,,21534,9,,,1,10,,21544,9,,,1,9,,21554,9,,,1,9,,21564,9,,,1,8,,21435,9,,,1,8,,21445,9,,,1,49,,21452,9,,,1,8,,21468,9,,,1,9,,21477,9,,,1,8,,21486,9,,,1,9,,21495,9,,,1,8,,21509,9,,,1,8,,21516,9,,,1,9,,21526,9,,,1,48,,21535,9,,,1,9,,21545,9,,,1,8,,21555,9,,,1,8,,21565,9,,,1,9,,21436,9,,,1,8,,21446,9,,,1,9,,21453,9,,,1,48,,21469,9,,,1,9,,21478,9,,,1,8,,21487,9,,,1,8,,21496,9,,,1,9,,21510,9,,,1,8,,21517,9,,,1,9,,21527,9,,,1,48,,21536,9,,,1,9,,21546,9,,,1,8,,21556,9,,,1,8,,21566,9,,,1,7,,21437,9,,,1,8,,21447,9,,,1,8,,21454,9,,,1,47,,21461,9,,,1,8,,21470,9,,,1,8,,21479,9,,,1,7,,21488,9,,,1,8,,21497,9,,,1,8,,21511,9,,,1,7,,21518,9,,,1,8,,21528,9,,,1,48,,21537,9,,,1,7,,21547,9,,,1,8,,21557,9,,,1,8,,21567,9,,,1,7,,21438,9,,,1,8,,21448,9,,,1,8,,21455,9,,,1,7,,21462,9,,,1,48,,21471,9,,,1,7,,21480,9,,,1,7,,21489,9,,,1,7,,21498,9,,,1,7,,21503,9,,,1,7,,21512,9,,,1,7,,21519,9,,,1,7,,21529,9,,,1,7,,21538,9,,,1,47,,21548,9,,,1,7,,21558,9,,,1,7,,21568,9,,,1,7,,21439,9,,,1,7,,21449,9,,,1,7,,21456,9,,,1,7,,21463,9,,,1,7,,21472,9,,,1,47,,21481,9,,,1,7,,21490,9,,,1,7,,21499,9,,,1,7,,21504,9,,,1,7,,21513,9,,,1,7,,21520,9,,,1,7,,21530,9,,,1,7,,21539,9,,,1,7,,21549,9,,,1,47,,21559,9,,,1,7,,21569,9,,,1,7,,21440,9,,,1,7,,21450,9,,,1,7,,21457,9,,,1,7,,21464,9,,,1,8,,21473,9,,,1,9,,21482,9,,,1,48,,21491,9,,,1,8,,21500,9,,,1,9,,21505,9,,,1,8,,21521,9,,,1,9,,21531,9,,,1,8,,21540,9,,,1,9,,21550,9,,,1,48,,21560,9,,,1,8,,21570,9,,,1,9,,21441,9,,,1,8,,21458,9,,,1,9,,21465,9,,,1,8,,21474,9,,,1,8,,21483,9,,,1,49,,21492,9,,,1,8,,21501,9,,,1,9,,21506,9,,,1,8,,21522,9,,,1,8,,21532,9,,,1,9,,21541,9,,,1,8,,21551,9,,,1,49,,21561,9,,,1,8,,21571,9,,,1,9,,21442,9,,,1,9,,21459,9,,,1,10,,21466,9,,,1,10,,21475,9,,,1,10,,21484,9,,,1,50,,21493,9,,,1,10,,21502,9,,,1,10,,21507,9,,,1,10,,21523,9,,,1,10,,21542,9,,,1,10,,21552,9,,,1,50,,21562,9,,,1,10,,21572,9,,,1,10,,21443,9,,,1,10,,21460,9,,,1,10,,21467,9,,,1
101,'GLOBAUX-01-S',540,,21696,9,,,1,8,,21708,9,,,1,7,,21732,9,,,1,47,,21749,9,,,1,7,,21753,9,,,1,7,,21772,9,,,1,7,,21802,9,,,1,7,,21809,9,,,1,5,,21573,9,,,1,5,,21595,9,,,1,5,,21602,9,,,1,5,,21612,9,,,1,5,,21616,9,,,1,45,,21618,9,,,1,4,,21633,9,,,1,4,,21640,9,,,1,3,,21655,9,,,1,4,,21659,9,,,1,3,,21665,9,,,1,4,,21670,9,,,1,4,,21676,9,,,1,3,,21681,9,,,1,4,,21697,9,,,1,3,,21705,9,,,1,3,,21709,9,,,1,3,,21717,9,,,1,3,,21733,9,,,1,4,,21739,9,,,1,2,,21740,9,,,1,3,,21750,9,,,1,3,,21752,9,,,1,43,,21754,9,,,1,2,,21755,9,,,1,3,,21757,9,,,1,3,,21763,9,,,1,2,,21773,9,,,1,3,,21782,9,,,1,2,,21783,9,,,1,3,,21788,9,,,1,2,,21803,9,,,1,3,,21808,9,,,1,2,,21810,9,,,1,3,,21574,9,,,1,2,,21585,9,,,1,3,,21593,9,,,1,2,,21596,9,,,1,3,,21603,9,,,1,3,,21613,9,,,1,2,,21614,9,,,1,3,,21615,9,,,1,3,,21617,9,,,1,3,,21619,9,,,1,3,,21634,9,,,1,3,,21641,9,,,1,43,,21647,9,,,1,3,,21656,9,,,1,4,,21660,9,,,1,3,,21671,9,,,1,3,,21677,9,,,1,4,,21682,9,,,1,3,,21698,9,,,1,4,,21706,9,,,1,4,,21710,9,,,1,3,,21716,9,,,1,4,,21718,9,,,1,4,,21734,9,,,1,4,,21741,9,,,1,5,,21751,9,,,1,5,,21758,9,,,1,5,,21764,9,,,1,46,,21774,9,,,1,6,,21789,9,,,1,6,,21804,9,,,1,6,,21575,9,,,1,6,,21586,9,,,1,6,,21597,9,,,1,6,,21604,9,,,1,6,,21620,9,,,1,6,,21635,9,,,1,6,,21648,9,,,1,46,,21661,9,,,1,6,,21672,9,,,1,6,,21683,9,,,1,6,,21699,9,,,1,6,,21711,9,,,1,6,,21719,9,,,1,6,,21735,9,,,1,6,,21742,9,,,1,6,,21759,9,,,1,6,,21765,9,,,1,46,,21775,9,,,1,6,,21790,9,,,1,6,,21805,9,,,1,6,,21576,9,,,1,6,,21587,9,,,1,6,,21598,9,,,1,6,,21605,9,,,1,6,,21621,9,,,1,6,,21636,9,,,1,6,,21649,9,,,1,46,,21662,9,,,1,6,,21673,9,,,1,6,,21684,9,,,1,6,,21700,9,,,1,6,,21712,9,,,1,6,,21720,9,,,1,6,,21736,9,,,1,6,,21743,9,,,1,6,,21760,9,,,1,6,,21766,9,,,1,46,,21776,9,,,1,6,,21791,9,,,1,6,,21806,9,,,1,6,,21577,9,,,1,6,,21588,9,,,1,6,,21599,9,,,1,6,,21606,9,,,1,6,,21622,9,,,1,6,,21637,9,,,1,6,,21650,9,,,1,46,,21663,9,,,1,6,,21674,9,,,1,6,,21685,9,,,1,5,,21694,9,,,1,5,,21701,9,,,1,4,,21713,9,,,1,4,,21721,9,,,1,4,,21726,9,,,1,4,,21737,9,,,1,4,,21744,9,,,1,4,,21756,9,,,1,3,,21761,9,,,1,4,,21767,9,,,1,44,,21777,9,,,1,4,,21787,9,,,1,3,,21792,9,,,1,4,,21794,9,,,1,4,,21807,9,,,1,3,,21578,9,,,1,4,,21580,9,,,1,4,,21589,9,,,1,4,,21600,9,,,1,3,,21601,9,,,1,3,,21607,9,,,1,3,,21623,9,,,1,4,,21628,9,,,1,3,,21638,9,,,1,3,,21642,9,,,1,3,,21651,9,,,1,3,,21657,9,,,1,43,,21664,9,,,1,3,,21666,9,,,1,3,,21675,9,,,1,3,,21678,9,,,1,4,,21686,9,,,1,3,,21690,9,,,1,3,,21695,9,,,1,3,,21702,9,,,1,3,,21707,9,,,1,3,,21714,9,,,1,3,,21722,9,,,1,4,,21727,9,,,1,3,,21728,9,,,1,3,,21738,9,,,1,4,,21745,9,,,1,3,,21762,9,,,1,4,,21768,9,,,1,3,,21778,9,,,1,4,,21784,9,,,1,43,,21793,9,,,1,4,,21795,9,,,1,4,,21798,9,,,1,4,,21579,9,,,1,4,,21581,9,,,1,4,,21590,9,,,1,4,,21594,9,,,1,4,,21608,9,,,1,4,,21624,9,,,1,4,,21629,9,,,1,4,,21639,9,,,1,4,,21643,9,,,1,4,,21652,9,,,1,5,,21658,9,,,1,4,,21667,9,,,1,45,,21679,9,,,1,5,,21687,9,,,1,5,,21691,9,,,1,5,,21703,9,,,1,5,,21715,9,,,1,6,,21723,9,,,1,5,,21729,9,,,1,6,,21746,9,,,1,6,,21769,9,,,1,5,,21779,9,,,1,6,,21785,9,,,1,46,,21796,9,,,1,6,,21799,9,,,1,6,,21582,9,,,1,6,,21591,9,,,1,6,,21609,9,,,1,6,,21625,9,,,1,6,,21630,9,,,1,6,,21644,9,,,1,6,,21653,9,,,1,6,,21668,9,,,1,46,,21680,9,,,1,6,,21688,9,,,1,6,,21692,9,,,1,6,,21704,9,,,1,6,,21724,9,,,1,7,,21730,9,,,1,6,,21747,9,,,1,6,,21770,9,,,1,6,,21780,9,,,1,6,,21786,9,,,1,46,,21797,9,,,1,6,,21800,9,,,1,6,,21583,9,,,1,6,,21592,9,,,1,6,,21610,9,,,1,6,,21626,9,,,1,6,,21631,9,,,1,8,,21645,9,,,1,7,,21654,9,,,1,48,,21669,9,,,1,8,,21689,9,,,1,8,,21693,9,,,1,8,,21725,9,,,1,8,,21731,9,,,1,8,,21748,9,,,1,8,,21771,9,,,1,48,,21781,9,,,1,8,,21801,9,,,1,8,,21584,9,,,1,8,,21611,9,,,1,8,,21627,9,,,1,8,,21632,9,,,1,8,,21646,9,,,1
