100,'GLOBAUX-01-A',559,,20201,23,,,1,50,,20211,23,,,1,10,,20229,23,,,1,11,,20236,23,,,1,10,,20246,23,,,1,10,,20269,23,,,1,50,,20287,23,,,1,10,,20297,23,,,1,10,,20304,23,,,1,10,,20314,23,,,1,10,,20331,23,,,1,10,,20341,23,,,1,50,,20202,23,,,1,10,,20212,23,,,1,10,,20230,23,,,1,10,,20237,23,,,1,10,,20247,23,,,1,10,,20270,23,,,1,9,,20278,23,,,1,50,,20288,23,,,1,9,,20298,23,,,1,9,,20305,23,,,1,8,,20315,23,,,1,8,,20332,23,,,1,9,,20342,23,,,1,48,,20203,23,,,1,9,,20213,23,,,1,8,,20221,23,,,1,8,,20231,23,,,1,9,,20238,23,,,1,8,,20248,23,,,1,8,,20263,23,,,1,8,,20271,23,,,1,48,,20279,23,,,1,7,,20289,23,,,1,8,,20299,23,,,1,8,,20306,23,,,1,7,,20316,23,,,1,8,,20333,23,,,1,8,,20343,23,,,1,7,,20204,23,,,1,48,,20214,23,,,1,8,,20222,23,,,1,7,,20232,23,,,1,7,,20239,23,,,1,7,,20249,23,,,1,6,,20256,23,,,1,7,,20264,23,,,1,6,,20272,23,,,1,47,,20280,23,,,1,6,,20290,23,,,1,7,,20300,23,,,1,6,,20307,23,,,1,7,,20317,23,,,1,7,,20324,23,,,1,6,,20334,23,,,1,7,,20344,23,,,1,6,,20205,23,,,1,47,,20215,23,,,1,6,,20223,23,,,1,7,,20233,23,,,1,6,,20240,23,,,1,7,,20250,23,,,1,6,,20257,23,,,1,7,,20265,23,,,1,6,,20273,23,,,1,7,,20281,23,,,1,6,,20291,23,,,1,47,,20301,23,,,1,6,,20308,23,,,1,7,,20318,23,,,1,6,,20325,23,,,1,7,,20335,23,,,1,6,,20345,23,,,1,7,,20206,23,,,1,6,,20216,23,,,1,7,,20224,23,,,1,46,,20234,23,,,1,7,,20241,23,,,1,6,,20251,23,,,1,7,,20258,23,,,1,6,,20266,23,,,1,7,,20274,23,,,1,6,,20282,23,,,1,7,,20292,23,,,1,6,,20302,23,,,1,47,,20309,23,,,1,6,,20319,23,,,1,7,,20326,23,,,1,6,,20336,23,,,1,7,,20346,23,,,1,6,,20207,23,,,1,7,,20217,23,,,1,6,,20225,23,,,1,7,,20235,23,,,1,46,,20242,23,,,1,7,,20252,23,,,1,6,,20259,23,,,1,7,,20267,23,,,1,6,,20275,23,,,1,7,,20283,23,,,1,6,,20293,23,,,1,6,,20303,23,,,1,7,,20310,23,,,1,47,,20320,23,,,1,7,,20327,23,,,1,7,,20337,23,,,1,8,,20347,23,,,1,8,,20208,23,,,1,7,,20218,23,,,1,8,,20226,23,,,1,8,,20243,23,,,1,47,,20253,23,,,1,8,,20260,23,,,1,7,,20268,23,,,1,8,,20276,23,,,1,8,,20284,23,,,1,8,,20294,23,,,1,8,,20311,23,,,1,9,,20321,23,,,1,48,,20328,23,,,1,8,,20338,23,,,1,9,,20348,23,,,1,8,,20209,23,,,1,9,,20219,23,,,1,8,,20227,23,,,1,9,,20244,23,,,1,48,,20254,23,,,1,8,,20261,23,,,1,9,,20277,23,,,1,8,,20285,23,,,1,9,,20295,23,,,1,9,,20312,23,,,1,10,,20322,23,,,1,50,,20329,23,,,1,10,,20339,23,,,1,10,,20349,23,,,1,10,,20210,23,,,1,10,,20220,23,,,1,10,,20228,23,,,1,49,,20245,23,,,1,10,,20255,23,,,1,10,,20262,23,,,1,10,,20286,23,,,1,10,,20296,23,,,1,10,,20313,23,,,1,50,,20323,23,,,1,10,,20330,23,,,1,10,,20340,23,,,1,14,,20350,23,,,1
100,'GLOBAUX-01-F1',559,,20351,23,,,1,50,,20361,23,,,1,10,,20368,23,,,1,11,,20393,23,,,1,10,,20403,23,,,1,10,,20413,23,,,1,50,,20435,23,,,1,10,,20445,23,,,1,10,,20454,23,,,1,10,,20463,23,,,1,10,,20472,23,,,1,10,,20481,23,,,1,50,,20352,23,,,1,10,,20362,23,,,1,10,,20369,23,,,1,10,,20394,23,,,1,9,,20404,23,,,1,10,,20414,23,,,1,9,,20429,23,,,1,50,,20436,23,,,1,9,,20446,23,,,1,9,,20455,23,,,1,10,,20464,23,,,1,9,,20473,23,,,1,9,,20482,23,,,1,48,,20353,23,,,1,8,,20363,23,,,1,9,,20370,23,,,1,8,,20385,23,,,1,9,,20395,23,,,1,8,,20405,23,,,1,9,,20415,23,,,1,48,,20430,23,,,1,9,,20437,23,,,1,8,,20447,23,,,1,9,,20456,23,,,1,8,,20465,23,,,1,8,,20474,23,,,1,9,,20483,23,,,1,48,,20354,23,,,1,8,,20364,23,,,1,8,,20371,23,,,1,7,,20378,23,,,1,8,,20386,23,,,1,8,,20396,23,,,1,8,,20406,23,,,1,7,,20416,23,,,1,48,,20431,23,,,1,8,,20438,23,,,1,7,,20448,23,,,1,8,,20457,23,,,1,8,,20466,23,,,1,7,,20475,23,,,1,8,,20484,23,,,1,8,,20355,23,,,1,47,,20365,23,,,1,8,,20372,23,,,1,8,,20379,23,,,1,7,,20387,23,,,1,8,,20397,23,,,1,8,,20407,23,,,1,7,,20417,23,,,1,7,,20423,23,,,1,47,,20432,23,,,1,7,,20439,23,,,1,7,,20449,23,,,1,7,,20458,23,,,1,7,,20467,23,,,1,7,,20476,23,,,1,7,,20485,23,,,1,7,,20356,23,,,1,7,,20366,23,,,1,47,,20373,23,,,1,7,,20380,23,,,1,7,,20388,23,,,1,7,,20398,23,,,1,7,,20408,23,,,1,7,,20418,23,,,1,7,,20424,23,,,1,7,,20433,23,,,1,47,,20440,23,,,1,7,,20450,23,,,1,7,,20459,23,,,1,7,,20468,23,,,1,7,,20477,23,,,1,7,,20486,23,,,1,7,,20357,23,,,1,7,,20367,23,,,1,7,,20374,23,,,1,46,,20381,23,,,1,7,,20389,23,,,1,7,,20399,23,,,1,7,,20409,23,,,1,7,,20419,23,,,1,7,,20425,23,,,1,7,,20434,23,,,1,7,,20441,23,,,1,47,,20451,23,,,1,8,,20460,23,,,1,9,,20469,23,,,1,8,,20478,23,,,1,9,,20487,23,,,1,8,,20358,23,,,1,8,,20375,23,,,1,9,,20382,23,,,1,48,,20390,23,,,1,9,,20400,23,,,1,8,,20410,23,,,1,8,,20420,23,,,1,9,,20426,23,,,1,8,,20442,23,,,1,9,,20452,23,,,1,48,,20461,23,,,1,8,,20470,23,,,1,9,,20479,23,,,1,8,,20488,23,,,1,9,,20359,23,,,1,8,,20376,23,,,1,8,,20383,23,,,1,49,,20391,23,,,1,9,,20401,23,,,1,9,,20411,23,,,1,9,,20421,23,,,1,9,,20427,23,,,1,9,,20443,23,,,1,9,,20453,23,,,1,49,,20462,23,,,1,9,,20471,23,,,1,9,,20480,23,,,1,9,,20489,23,,,1,10,,20360,23,,,1,10,,20377,23,,,1,50,,20384,23,,,1,10,,20392,23,,,1,10,,20402,23,,,1,10,,20412,23,,,1,10,,20422,23,,,1,10,,20428,23,,,1,54,,20444,23,,,1
100,'GLOBAUX-01-F2',559,,20490,23,,,1,50,,20500,23,,,1,10,,20507,23,,,1,11,,20532,23,,,1,10,,20542,23,,,1,10,,20552,23,,,1,50,,20574,23,,,1,10,,20584,23,,,1,10,,20593,23,,,1,10,,20602,23,,,1,10,,20611,23,,,1,10,,20620,23,,,1,50,,20491,23,,,1,10,,20501,23,,,1,10,,20508,23,,,1,10,,20533,23,,,1,9,,20543,23,,,1,10,,20553,23,,,1,9,,20568,23,,,1,50,,20575,23,,,1,9,,20585,23,,,1,9,,20594,23,,,1,10,,20603,23,,,1,9,,20612,23,,,1,9,,20621,23,,,1,48,,20492,23,,,1,8,,20502,23,,,1,9,,20509,23,,,1,8,,20524,23,,,1,9,,20534,23,,,1,8,,20544,23,,,1,9,,20554,23,,,1,48,,20569,23,,,1,9,,20576,23,,,1,8,,20586,23,,,1,9,,20595,23,,,1,8,,20604,23,,,1,8,,20613,23,,,1,9,,20622,23,,,1,48,,20493,23,,,1,8,,20503,23,,,1,8,,20510,23,,,1,7,,20517,23,,,1,8,,20525,23,,,1,8,,20535,23,,,1,8,,20545,23,,,1,7,,20555,23,,,1,48,,20570,23,,,1,8,,20577,23,,,1,7,,20587,23,,,1,8,,20596,23,,,1,8,,20605,23,,,1,7,,20614,23,,,1,8,,20623,23,,,1,8,,20494,23,,,1,47,,20504,23,,,1,8,,20511,23,,,1,8,,20518,23,,,1,7,,20526,23,,,1,8,,20536,23,,,1,8,,20546,23,,,1,7,,20556,23,,,1,7,,20562,23,,,1,47,,20571,23,,,1,7,,20578,23,,,1,7,,20588,23,,,1,7,,20597,23,,,1,7,,20606,23,,,1,7,,20615,23,,,1,7,,20624,23,,,1,7,,20495,23,,,1,7,,20505,23,,,1,47,,20512,23,,,1,7,,20519,23,,,1,7,,20527,23,,,1,7,,20537,23,,,1,7,,20547,23,,,1,7,,20557,23,,,1,7,,20563,23,,,1,7,,20572,23,,,1,47,,20579,23,,,1,7,,20589,23,,,1,7,,20598,23,,,1,7,,20607,23,,,1,7,,20616,23,,,1,7,,20625,23,,,1,7,,20496,23,,,1,7,,20506,23,,,1,7,,20513,23,,,1,46,,20520,23,,,1,7,,20528,23,,,1,7,,20538,23,,,1,7,,20548,23,,,1,7,,20558,23,,,1,7,,20564,23,,,1,7,,20573,23,,,1,7,,20580,23,,,1,47,,20590,23,,,1,8,,20599,23,,,1,9,,20608,23,,,1,8,,20617,23,,,1,9,,20626,23,,,1,8,,20497,23,,,1,8,,20514,23,,,1,9,,20521,23,,,1,48,,20529,23,,,1,9,,20539,23,,,1,8,,20549,23,,,1,8,,20559,23,,,1,9,,20565,23,,,1,8,,20581,23,,,1,9,,20591,23,,,1,48,,20600,23,,,1,8,,20609,23,,,1,9,,20618,23,,,1,8,,20627,23,,,1,9,,20498,23,,,1,8,,20515,23,,,1,8,,20522,23,,,1,49,,20530,23,,,1,9,,20540,23,,,1,9,,20550,23,,,1,9,,20560,23,,,1,9,,20566,23,,,1,9,,20582,23,,,1,9,,20592,23,,,1,49,,20601,23,,,1,9,,20610,23,,,1,9,,20619,23,,,1,9,,20628,23,,,1,10,,20499,23,,,1,10,,20516,23,,,1,50,,20523,23,,,1,10,,20531,23,,,1,10,,20541,23,,,1,10,,20551,23,,,1,10,,20561,23,,,1,10,,20567,23,,,1,54,,20583,23,,,1
100,'GLOBAUX-01-I',559,,20629,23,,,1,50,,20639,23,,,1,10,,20646,23,,,1,11,,20671,23,,,1,10,,20681,23,,,1,10,,20691,23,,,1,50,,20713,23,,,1,10,,20723,23,,,1,10,,20732,23,,,1,10,,20741,23,,,1,10,,20750,23,,,1,10,,20759,23,,,1,50,,20630,23,,,1,10,,20640,23,,,1,10,,20647,23,,,1,10,,20672,23,,,1,9,,20682,23,,,1,10,,20692,23,,,1,9,,20707,23,,,1,50,,20714,23,,,1,9,,20724,23,,,1,9,,20733,23,,,1,10,,20742,23,,,1,9,,20751,23,,,1,9,,20760,23,,,1,48,,20631,23,,,1,8,,20641,23,,,1,9,,20648,23,,,1,8,,20663,23,,,1,9,,20673,23,,,1,8,,20683,23,,,1,9,,20693,23,,,1,48,,20708,23,,,1,9,,20715,23,,,1,8,,20725,23,,,1,9,,20734,23,,,1,8,,20743,23,,,1,8,,20752,23,,,1,9,,20761,23,,,1,48,,20632,23,,,1,8,,20642,23,,,1,8,,20649,23,,,1,7,,20656,23,,,1,8,,20664,23,,,1,8,,20674,23,,,1,8,,20684,23,,,1,7,,20694,23,,,1,48,,20709,23,,,1,8,,20716,23,,,1,7,,20726,23,,,1,8,,20735,23,,,1,8,,20744,23,,,1,7,,20753,23,,,1,8,,20762,23,,,1,8,,20633,23,,,1,47,,20643,23,,,1,8,,20650,23,,,1,8,,20657,23,,,1,7,,20665,23,,,1,8,,20675,23,,,1,8,,20685,23,,,1,7,,20695,23,,,1,7,,20701,23,,,1,47,,20710,23,,,1,7,,20717,23,,,1,7,,20727,23,,,1,7,,20736,23,,,1,7,,20745,23,,,1,7,,20754,23,,,1,7,,20763,23,,,1,7,,20634,23,,,1,7,,20644,23,,,1,47,,20651,23,,,1,7,,20658,23,,,1,7,,20666,23,,,1,7,,20676,23,,,1,7,,20686,23,,,1,7,,20696,23,,,1,7,,20702,23,,,1,7,,20711,23,,,1,47,,20718,23,,,1,7,,20728,23,,,1,7,,20737,23,,,1,7,,20746,23,,,1,7,,20755,23,,,1,7,,20764,23,,,1,7,,20635,23,,,1,7,,20645,23,,,1,7,,20652,23,,,1,46,,20659,23,,,1,7,,20667,23,,,1,7,,20677,23,,,1,7,,20687,23,,,1,7,,20697,23,,,1,7,,20703,23,,,1,7,,20712,23,,,1,7,,20719,23,,,1,47,,20729,23,,,1,8,,20738,23,,,1,9,,20747,23,,,1,8,,20756,23,,,1,9,,20765,23,,,1,8,,20636,23,,,1,8,,20653,23,,,1,9,,20660,23,,,1,48,,20668,23,,,1,9,,20678,23,,,1,8,,20688,23,,,1,8,,20698,23,,,1,9,,20704,23,,,1,8,,20720,23,,,1,9,,20730,23,,,1,48,,20739,23,,,1,8,,20748,23,,,1,9,,20757,23,,,1,8,,20766,23,,,1,9,,20637,23,,,1,8,,20654,23,,,1,8,,20661,23,,,1,49,,20669,23,,,1,9,,20679,23,,,1,9,,20689,23,,,1,9,,20699,23,,,1,9,,20705,23,,,1,9,,20721,23,,,1,9,,20731,23,,,1,49,,20740,23,,,1,9,,20749,23,,,1,9,,20758,23,,,1,9,,20767,23,,,1,10,,20638,23,,,1,10,,20655,23,,,1,50,,20662,23,,,1,10,,20670,23,,,1,10,,20680,23,,,1,10,,20690,23,,,1,10,,20700,23,,,1,10,,20706,23,,,1,54,,20722,23,,,1
100,'GLOBAUX-01-S',600,,20768,23,,,1,7,,20796,23,,,1,7,,20806,23,,,1,6,,20826,23,,,1,7,,20848,23,,,1,7,,20852,23,,,1,7,,20859,23,,,1,7,,20870,23,,,1,5,,20876,23,,,1,4,,20893,23,,,1,43,,20902,23,,,1,4,,20905,23,,,1,4,,20913,23,,,1,4,,20930,23,,,1,3,,20936,23,,,1,3,,20946,23,,,1,4,,20948,23,,,1,3,,20950,23,,,1,3,,20952,23,,,1,4,,20968,23,,,1,3,,20977,23,,,1,3,,20979,23,,,1,3,,20997,23,,,1,4,,21003,23,,,1,3,,21004,23,,,1,3,,20769,23,,,1,4,,20787,23,,,1,3,,20789,23,,,1,43,,20797,23,,,1,3,,20807,23,,,1,3,,20808,23,,,1,4,,20809,23,,,1,3,,20811,23,,,1,3,,20812,23,,,1,3,,20827,23,,,1,3,,20833,23,,,1,3,,20839,23,,,1,3,,20849,23,,,1,3,,20853,23,,,1,3,,20860,23,,,1,3,,20865,23,,,1,3,,20871,23,,,1,3,,20877,23,,,1,3,,20894,23,,,1,3,,20903,23,,,1,3,,20906,23,,,1,3,,20912,23,,,1,44,,20914,23,,,1,3,,20931,23,,,1,3,,20937,23,,,1,3,,20947,23,,,1,3,,20949,23,,,1,4,,20951,23,,,1,3,,20955,23,,,1,4,,20960,23,,,1,3,,20969,23,,,1,4,,20978,23,,,1,3,,20984,23,,,1,4,,20998,23,,,1,4,,21005,23,,,1,3,,20770,23,,,1,5,,20780,23,,,1,4,,20790,23,,,1,5,,20798,23,,,1,45,,20810,23,,,1,5,,20813,23,,,1,5,,20828,23,,,1,6,,20840,23,,,1,6,,20854,23,,,1,6,,20866,23,,,1,6,,20878,23,,,1,6,,20895,23,,,1,6,,20907,23,,,1,6,,20915,23,,,1,46,,20932,23,,,1,6,,20938,23,,,1,6,,20956,23,,,1,6,,20961,23,,,1,6,,20970,23,,,1,6,,20985,23,,,1,6,,20999,23,,,1,6,,20771,23,,,1,6,,20781,23,,,1,6,,20791,23,,,1,46,,20799,23,,,1,6,,20814,23,,,1,6,,20829,23,,,1,6,,20841,23,,,1,6,,20855,23,,,1,7,,20867,23,,,1,6,,20879,23,,,1,6,,20896,23,,,1,6,,20908,23,,,1,6,,20916,23,,,1,46,,20933,23,,,1,6,,20939,23,,,1,6,,20957,23,,,1,6,,20962,23,,,1,6,,20971,23,,,1,6,,20986,23,,,1,6,,21000,23,,,1,6,,20772,23,,,1,6,,20782,23,,,1,6,,20792,23,,,1,46,,20800,23,,,1,6,,20815,23,,,1,6,,20830,23,,,1,6,,20842,23,,,1,6,,20856,23,,,1,6,,20868,23,,,1,6,,20880,23,,,1,6,,20897,23,,,1,6,,20909,23,,,1,6,,20917,23,,,1,46,,20934,23,,,1,6,,20940,23,,,1,6,,20958,23,,,1,6,,20963,23,,,1,6,,20972,23,,,1,5,,20987,23,,,1,5,,20989,23,,,1,4,,21001,23,,,1,4,,20773,23,,,1,4,,20775,23,,,1,4,,20783,23,,,1,4,,20793,23,,,1,44,,20795,23,,,1,4,,20801,23,,,1,3,,20816,23,,,1,4,,20821,23,,,1,3,,20831,23,,,1,3,,20834,23,,,1,4,,20843,23,,,1,3,,20850,23,,,1,3,,20857,23,,,1,3,,20869,23,,,1,4,,20872,23,,,1,3,,20881,23,,,1,3,,20886,23,,,1,3,,20891,23,,,1,3,,20898,23,,,1,3,,20904,23,,,1,2,,20910,23,,,1,3,,20918,23,,,1,3,,20923,23,,,1,43,,20925,23,,,1,2,,20935,23,,,1,3,,20941,23,,,1,3,,20953,23,,,1,3,,20954,23,,,1,2,,20959,23,,,1,3,,20964,23,,,1,3,,20973,23,,,1,3,,20980,23,,,1,2,,20983,23,,,1,3,,20988,23,,,1,3,,20990,23,,,1,2,,20993,23,,,1,3,,21002,23,,,1,3,,20774,23,,,1,3,,20776,23,,,1,3,,20784,23,,,1,3,,20788,23,,,1,3,,20794,23,,,1,3,,20802,23,,,1,4,,20817,23,,,1,43,,20822,23,,,1,4,,20832,23,,,1,4,,20835,23,,,1,3,,20844,23,,,1,4,,20851,23,,,1,3,,20858,23,,,1,4,,20861,23,,,1,4,,20873,23,,,1,4,,20882,23,,,1,4,,20887,23,,,1,4,,20892,23,,,1,4,,20899,23,,,1,4,,20911,23,,,1,4,,20919,23,,,1,4,,20924,23,,,1,4,,20926,23,,,1,44,,20942,23,,,1,6,,20965,23,,,1,5,,20974,23,,,1,6,,20981,23,,,1,6,,20991,23,,,1,6,,20994,23,,,1,6,,20777,23,,,1,6,,20785,23,,,1,6,,20803,23,,,1,6,,20818,23,,,1,46,,20823,23,,,1,5,,20836,23,,,1,6,,20845,23,,,1,7,,20862,23,,,1,6,,20874,23,,,1,6,,20883,23,,,1,6,,20888,23,,,1,6,,20900,23,,,1,6,,20920,23,,,1,6,,20927,23,,,1,46,,20943,23,,,1,6,,20966,23,,,1,6,,20975,23,,,1,7,,20982,23,,,1,6,,20992,23,,,1,5,,20995,23,,,1,7,,20778,23,,,1,6,,20786,23,,,1,6,,20804,23,,,1,6,,20819,23,,,1,46,,20824,23,,,1,6,,20837,23,,,1,6,,20846,23,,,1,6,,20863,23,,,1,6,,20875,23,,,1,6,,20884,23,,,1,6,,20889,23,,,1,7,,20901,23,,,1,6,,20921,23,,,1,7,,20928,23,,,1,48,,20944,23,,,1,8,,20967,23,,,1,8,,20976,23,,,1,8,,20996,23,,,1,8,,20779,23,,,1,7,,20805,23,,,1,8,,20820,23,,,1,48,,20825,23,,,1,8,,20838,23,,,1,8,,20847,23,,,1,8,,20864,23,,,1,8,,20885,23,,,1,8,,20890,23,,,1,8,,20922,23,,,1,8,,20929,23,,,1,51,,20945,23,,,1
101,'GLOBAUX-01-A',535,,21092,5,,,1,10,,21102,5,,,1,10,,21109,5,,,1,50,,21119,5,,,1,10,,21136,5,,,1,10,,21146,5,,,1,10,,21006,5,,,1,10,,21016,5,,,1,10,,21035,5,,,1,50,,21042,5,,,1,10,,21052,5,,,1,10,,21074,5,,,1,9,,21082,5,,,1,9,,21093,5,,,1,10,,21103,5,,,1,49,,21110,5,,,1,9,,21120,5,,,1,9,,21137,5,,,1,8,,21147,5,,,1,9,,21007,5,,,1,8,,21017,5,,,1,9,,21026,5,,,1,48,,21036,5,,,1,9,,21043,5,,,1,8,,21053,5,,,1,8,,21075,5,,,1,9,,21083,5,,,1,8,,21094,5,,,1,9,,21104,5,,,1,48,,21111,5,,,1,8,,21121,5,,,1,9,,21138,5,,,1,8,,21148,5,,,1,9,,21008,5,,,1,8,,21018,5,,,1,8,,21027,5,,,1,7,,21037,5,,,1,48,,21044,5,,,1,8,,21054,5,,,1,7,,21069,5,,,1,8,,21076,5,,,1,8,,21084,5,,,1,7,,21095,5,,,1,8,,21105,5,,,1,48,,21112,5,,,1,7,,21122,5,,,1,6,,21129,5,,,1,7,,21139,5,,,1,6,,21149,5,,,1,7,,21009,5,,,1,6,,21019,5,,,1,7,,21028,5,,,1,6,,21038,5,,,1,7,,21045,5,,,1,46,,21055,5,,,1,7,,21062,5,,,1,6,,21070,5,,,1,7,,21077,5,,,1,6,,21085,5,,,1,7,,21096,5,,,1,6,,21106,5,,,1,7,,21113,5,,,1,6,,21123,5,,,1,47,,21130,5,,,1,6,,21140,5,,,1,7,,21150,5,,,1,6,,21010,5,,,1,7,,21020,5,,,1,6,,21029,5,,,1,7,,21039,5,,,1,6,,21046,5,,,1,7,,21056,5,,,1,46,,21063,5,,,1,7,,21071,5,,,1,6,,21078,5,,,1,7,,21086,5,,,1,6,,21097,5,,,1,7,,21107,5,,,1,6,,21114,5,,,1,7,,21124,5,,,1,6,,21131,5,,,1,47,,21141,5,,,1,6,,21151,5,,,1,7,,21011,5,,,1,6,,21021,5,,,1,7,,21030,5,,,1,6,,21040,5,,,1,7,,21047,5,,,1,6,,21057,5,,,1,7,,21064,5,,,1,6,,21072,5,,,1,47,,21079,5,,,1,6,,21087,5,,,1,7,,21098,5,,,1,6,,21108,5,,,1,7,,21115,5,,,1,6,,21125,5,,,1,7,,21132,5,,,1,6,,21142,5,,,1,7,,21152,5,,,1,46,,21012,5,,,1,7,,21022,5,,,1,6,,21031,5,,,1,7,,21041,5,,,1,6,,21048,5,,,1,7,,21058,5,,,1,8,,21065,5,,,1,8,,21073,5,,,1,47,,21080,5,,,1,8,,21088,5,,,1,8,,21099,5,,,1,7,,21116,5,,,1,8,,21126,5,,,1,8,,21133,5,,,1,8,,21143,5,,,1,9,,21153,5,,,1,48,,21013,5,,,1,9,,21023,5,,,1,8,,21032,5,,,1,9,,21049,5,,,1,8,,21059,5,,,1,8,,21066,5,,,1,9,,21081,5,,,1,48,,21089,5,,,1,9,,21100,5,,,1,8,,21117,5,,,1,8,,21127,5,,,1,9,,21134,5,,,1,9,,21144,5,,,1,10,,21154,5,,,1,49,,21014,5,,,1,9,,21024,5,,,1,10,,21033,5,,,1,10,,21050,5,,,1,9,,21060,5,,,1,10,,21067,5,,,1,50,,21090,5,,,1,10,,21101,5,,,1,10,,21118,5,,,1,10,,21128,5,,,1,10,,21135,5,,,1,10,,21145,5,,,1,50,,21155,5,,,1,10,,21015,5,,,1,10,,21025,5,,,1,10,,21034,5,,,1,10,,21051,5,,,1,10,,21061,5,,,1,50,,21068,5,,,1,10,,21091,5,,,1
101,'GLOBAUX-01-F1',535,,21236,5,,,1,10,,21246,5,,,1,10,,21255,5,,,1,50,,21265,5,,,1,10,,21275,5,,,1,10,,21285,5,,,1,10,,21156,5,,,1,10,,21166,5,,,1,10,,21173,5,,,1,50,,21198,5,,,1,10,,21207,5,,,1,10,,21216,5,,,1,9,,21230,5,,,1,9,,21237,5,,,1,10,,21247,5,,,1,49,,21256,5,,,1,9,,21266,5,,,1,10,,21276,5,,,1,8,,21286,5,,,1,9,,21157,5,,,1,8,,21167,5,,,1,8,,21174,5,,,1,49,,21190,5,,,1,8,,21199,5,,,1,9,,21208,5,,,1,8,,21217,5,,,1,9,,21231,5,,,1,8,,21238,5,,,1,8,,21248,5,,,1,49,,21257,5,,,1,8,,21267,5,,,1,9,,21277,5,,,1,8,,21287,5,,,1,8,,21158,5,,,1,9,,21168,5,,,1,8,,21175,5,,,1,49,,21191,5,,,1,8,,21200,5,,,1,9,,21209,5,,,1,8,,21218,5,,,1,8,,21232,5,,,1,9,,21239,5,,,1,8,,21249,5,,,1,49,,21258,5,,,1,8,,21268,5,,,1,9,,21278,5,,,1,7,,21288,5,,,1,8,,21159,5,,,1,8,,21169,5,,,1,7,,21176,5,,,1,8,,21183,5,,,1,48,,21192,5,,,1,7,,21201,5,,,1,8,,21210,5,,,1,8,,21219,5,,,1,7,,21233,5,,,1,8,,21240,5,,,1,8,,21250,5,,,1,7,,21259,5,,,1,48,,21269,5,,,1,8,,21279,5,,,1,7,,21289,5,,,1,8,,21160,5,,,1,8,,21170,5,,,1,7,,21177,5,,,1,8,,21184,5,,,1,8,,21193,5,,,1,47,,21202,5,,,1,7,,21211,5,,,1,7,,21220,5,,,1,7,,21225,5,,,1,7,,21234,5,,,1,6,,21241,5,,,1,7,,21251,5,,,1,7,,21260,5,,,1,47,,21270,5,,,1,7,,21280,5,,,1,7,,21290,5,,,1,7,,21161,5,,,1,7,,21171,5,,,1,8,,21178,5,,,1,7,,21185,5,,,1,7,,21194,5,,,1,7,,21203,5,,,1,47,,21212,5,,,1,7,,21221,5,,,1,7,,21226,5,,,1,6,,21235,5,,,1,7,,21242,5,,,1,7,,21252,5,,,1,7,,21261,5,,,1,7,,21271,5,,,1,7,,21281,5,,,1,47,,21291,5,,,1,7,,21162,5,,,1,7,,21172,5,,,1,7,,21179,5,,,1,7,,21186,5,,,1,9,,21195,5,,,1,8,,21204,5,,,1,49,,21213,5,,,1,8,,21222,5,,,1,9,,21227,5,,,1,8,,21243,5,,,1,8,,21253,5,,,1,9,,21262,5,,,1,8,,21272,5,,,1,9,,21282,5,,,1,48,,21292,5,,,1,8,,21163,5,,,1,9,,21180,5,,,1,8,,21187,5,,,1,9,,21196,5,,,1,8,,21205,5,,,1,9,,21214,5,,,1,48,,21223,5,,,1,8,,21228,5,,,1,9,,21244,5,,,1,8,,21254,5,,,1,9,,21263,5,,,1,8,,21273,5,,,1,8,,21283,5,,,1,49,,21293,5,,,1,8,,21164,5,,,1,10,,21181,5,,,1,10,,21188,5,,,1,10,,21197,5,,,1,10,,21206,5,,,1,50,,21215,5,,,1,10,,21224,5,,,1,10,,21229,5,,,1,10,,21245,5,,,1,10,,21264,5,,,1,10,,21274,5,,,1,50,,21284,5,,,1,10,,21294,5,,,1,10,,21165,5,,,1,10,,21182,5,,,1,10,,21189,5,,,1
101,'GLOBAUX-01-F2',535,,21375,5,,,1,10,,21385,5,,,1,10,,21394,5,,,1,50,,21404,5,,,1,10,,21414,5,,,1,10,,21424,5,,,1,10,,21295,5,,,1,10,,21305,5,,,1,10,,21312,5,,,1,50,,21337,5,,,1,10,,21346,5,,,1,10,,21355,5,,,1,9,,21369,5,,,1,9,,21376,5,,,1,10,,21386,5,,,1,49,,21395,5,,,1,9,,21405,5,,,1,10,,21415,5,,,1,8,,21425,5,,,1,9,,21296,5,,,1,8,,21306,5,,,1,8,,21313,5,,,1,49,,21329,5,,,1,8,,21338,5,,,1,9,,21347,5,,,1,8,,21356,5,,,1,9,,21370,5,,,1,8,,21377,5,,,1,8,,21387,5,,,1,49,,21396,5,,,1,8,,21406,5,,,1,9,,21416,5,,,1,8,,21426,5,,,1,8,,21297,5,,,1,9,,21307,5,,,1,8,,21314,5,,,1,49,,21330,5,,,1,8,,21339,5,,,1,9,,21348,5,,,1,8,,21357,5,,,1,8,,21371,5,,,1,9,,21378,5,,,1,8,,21388,5,,,1,49,,21397,5,,,1,8,,21407,5,,,1,9,,21417,5,,,1,7,,21427,5,,,1,8,,21298,5,,,1,8,,21308,5,,,1,7,,21315,5,,,1,8,,21322,5,,,1,48,,21331,5,,,1,7,,21340,5,,,1,8,,21349,5,,,1,8,,21358,5,,,1,7,,21372,5,,,1,8,,21379,5,,,1,8,,21389,5,,,1,7,,21398,5,,,1,48,,21408,5,,,1,8,,21418,5,,,1,7,,21428,5,,,1,8,,21299,5,,,1,8,,21309,5,,,1,7,,21316,5,,,1,8,,21323,5,,,1,8,,21332,5,,,1,47,,21341,5,,,1,7,,21350,5,,,1,7,,21359,5,,,1,7,,21364,5,,,1,7,,21373,5,,,1,6,,21380,5,,,1,7,,21390,5,,,1,7,,21399,5,,,1,47,,21409,5,,,1,7,,21419,5,,,1,7,,21429,5,,,1,7,,21300,5,,,1,7,,21310,5,,,1,8,,21317,5,,,1,7,,21324,5,,,1,7,,21333,5,,,1,7,,21342,5,,,1,47,,21351,5,,,1,7,,21360,5,,,1,7,,21365,5,,,1,6,,21374,5,,,1,7,,21381,5,,,1,7,,21391,5,,,1,7,,21400,5,,,1,7,,21410,5,,,1,7,,21420,5,,,1,47,,21430,5,,,1,7,,21301,5,,,1,7,,21311,5,,,1,7,,21318,5,,,1,7,,21325,5,,,1,9,,21334,5,,,1,8,,21343,5,,,1,49,,21352,5,,,1,8,,21361,5,,,1,9,,21366,5,,,1,8,,21382,5,,,1,8,,21392,5,,,1,9,,21401,5,,,1,8,,21411,5,,,1,9,,21421,5,,,1,48,,21431,5,,,1,8,,21302,5,,,1,9,,21319,5,,,1,8,,21326,5,,,1,9,,21335,5,,,1,8,,21344,5,,,1,9,,21353,5,,,1,48,,21362,5,,,1,8,,21367,5,,,1,9,,21383,5,,,1,8,,21393,5,,,1,9,,21402,5,,,1,8,,21412,5,,,1,8,,21422,5,,,1,49,,21432,5,,,1,8,,21303,5,,,1,10,,21320,5,,,1,10,,21327,5,,,1,10,,21336,5,,,1,10,,21345,5,,,1,50,,21354,5,,,1,10,,21363,5,,,1,10,,21368,5,,,1,10,,21384,5,,,1,10,,21403,5,,,1,10,,21413,5,,,1,50,,21423,5,,,1,10,,21433,5,,,1,10,,21304,5,,,1,10,,21321,5,,,1,10,,21328,5,,,1
101,'GLOBAUX-01-I',535,,21514,5,,,1,10,,21524,5,,,1,10,,21533,5,,,1,50,,21543,5,,,1,10,,21553,5,,,1,10,,21563,5,,,1,10,,21434,5,,,1,10,,21444,5,,,1,10,,21451,5,,,1,50,,21476,5,,,1,10,,21485,5,,,1,10,,21494,5,,,1,9,,21508,5,,,1,9,,21515,5,,,1,10,,21525,5,,,1,49,,21534,5,,,1,9,,21544,5,,,1,10,,21554,5,,,1,8,,21564,5,,,1,9,,21435,5,,,1,8,,21445,5,,,1,8,,21452,5,,,1,49,,21468,5,,,1,8,,21477,5,,,1,9,,21486,5,,,1,8,,21495,5,,,1,9,,21509,5,,,1,8,,21516,5,,,1,8,,21526,5,,,1,49,,21535,5,,,1,8,,21545,5,,,1,9,,21555,5,,,1,8,,21565,5,,,1,8,,21436,5,,,1,9,,21446,5,,,1,8,,21453,5,,,1,49,,21469,5,,,1,8,,21478,5,,,1,9,,21487,5,,,1,8,,21496,5,,,1,8,,21510,5,,,1,9,,21517,5,,,1,8,,21527,5,,,1,49,,21536,5,,,1,8,,21546,5,,,1,9,,21556,5,,,1,7,,21566,5,,,1,8,,21437,5,,,1,8,,21447,5,,,1,7,,21454,5,,,1,8,,21461,5,,,1,48,,21470,5,,,1,7,,21479,5,,,1,8,,21488,5,,,1,8,,21497,5,,,1,7,,21511,5,,,1,8,,21518,5,,,1,8,,21528,5,,,1,7,,21537,5,,,1,48,,21547,5,,,1,8,,21557,5,,,1,7,,21567,5,,,1,8,,21438,5,,,1,8,,21448,5,,,1,7,,21455,5,,,1,8,,21462,5,,,1,8,,21471,5,,,1,47,,21480,5,,,1,7,,21489,5,,,1,7,,21498,5,,,1,7,,21503,5,,,1,7,,21512,5,,,1,6,,21519,5,,,1,7,,21529,5,,,1,7,,21538,5,,,1,47,,21548,5,,,1,7,,21558,5,,,1,7,,21568,5,,,1,7,,21439,5,,,1,7,,21449,5,,,1,8,,21456,5,,,1,7,,21463,5,,,1,7,,21472,5,,,1,7,,21481,5,,,1,47,,21490,5,,,1,7,,21499,5,,,1,7,,21504,5,,,1,6,,21513,5,,,1,7,,21520,5,,,1,7,,21530,5,,,1,7,,21539,5,,,1,7,,21549,5,,,1,7,,21559,5,,,1,47,,21569,5,,,1,7,,21440,5,,,1,7,,21450,5,,,1,7,,21457,5,,,1,7,,21464,5,,,1,9,,21473,5,,,1,8,,21482,5,,,1,49,,21491,5,,,1,8,,21500,5,,,1,9,,21505,5,,,1,8,,21521,5,,,1,8,,21531,5,,,1,9,,21540,5,,,1,8,,21550,5,,,1,9,,21560,5,,,1,48,,21570,5,,,1,8,,21441,5,,,1,9,,21458,5,,,1,8,,21465,5,,,1,9,,21474,5,,,1,8,,21483,5,,,1,9,,21492,5,,,1,48,,21501,5,,,1,8,,21506,5,,,1,9,,21522,5,,,1,8,,21532,5,,,1,9,,21541,5,,,1,8,,21551,5,,,1,8,,21561,5,,,1,49,,21571,5,,,1,8,,21442,5,,,1,10,,21459,5,,,1,10,,21466,5,,,1,10,,21475,5,,,1,10,,21484,5,,,1,50,,21493,5,,,1,10,,21502,5,,,1,10,,21507,5,,,1,10,,21523,5,,,1,10,,21542,5,,,1,10,,21552,5,,,1,50,,21562,5,,,1,10,,21572,5,,,1,10,,21443,5,,,1,10,,21460,5,,,1,10,,21467,5,,,1
101,'GLOBAUX-01-S',535,,21696,5,,,1,8,,21708,5,,,1,7,,21732,5,,,1,7,,21749,5,,,1,47,,21753,5,,,1,7,,21772,5,,,1,7,,21802,5,,,1,7,,21809,5,,,1,5,,21573,5,,,1,5,,21595,5,,,1,5,,21602,5,,,1,5,,21612,5,,,1,5,,21616,5,,,1,4,,21618,5,,,1,4,,21633,5,,,1,44,,21640,5,,,1,4,,21655,5,,,1,3,,21659,5,,,1,4,,21665,5,,,1,3,,21670,5,,,1,4,,21676,5,,,1,4,,21681,5,,,1,3,,21697,5,,,1,3,,21705,5,,,1,4,,21709,5,,,1,3,,21717,5,,,1,3,,21733,5,,,1,3,,21739,5,,,1,3,,21740,5,,,1,3,,21750,5,,,1,2,,21752,5,,,1,3,,21754,5,,,1,3,,21755,5,,,1,43,,21757,5,,,1,2,,21763,5,,,1,3,,21773,5,,,1,3,,21782,5,,,1,2,,21783,5,,,1,3,,21788,5,,,1,2,,21803,5,,,1,3,,21808,5,,,1,2,,21810,5,,,1,3,,21574,5,,,1,2,,21585,5,,,1,3,,21593,5,,,1,2,,21596,5,,,1,3,,21603,5,,,1,2,,21613,5,,,1,3,,21614,5,,,1,3,,21615,5,,,1,3,,21617,5,,,1,3,,21619,5,,,1,3,,21634,5,,,1,3,,21641,5,,,1,3,,21647,5,,,1,3,,21656,5,,,1,43,,21660,5,,,1,4,,21671,5,,,1,3,,21677,5,,,1,3,,21682,5,,,1,4,,21698,5,,,1,4,,21706,5,,,1,3,,21710,5,,,1,4,,21716,5,,,1,4,,21718,5,,,1,3,,21734,5,,,1,5,,21741,5,,,1,5,,21751,5,,,1,5,,21758,5,,,1,5,,21764,5,,,1,46,,21774,5,,,1,6,,21789,5,,,1,6,,21804,5,,,1,6,,21575,5,,,1,6,,21586,5,,,1,6,,21597,5,,,1,6,,21604,5,,,1,6,,21620,5,,,1,6,,21635,5,,,1,6,,21648,5,,,1,46,,21661,5,,,1,6,,21672,5,,,1,6,,21683,5,,,1,6,,21699,5,,,1,6,,21711,5,,,1,6,,21719,5,,,1,6,,21735,5,,,1,6,,21742,5,,,1,6,,21759,5,,,1,6,,21765,5,,,1,46,,21775,5,,,1,6,,21790,5,,,1,6,,21805,5,,,1,6,,21576,5,,,1,6,,21587,5,,,1,6,,21598,5,,,1,6,,21605,5,,,1,6,,21621,5,,,1,6,,21636,5,,,1,6,,21649,5,,,1,46,,21662,5,,,1,6,,21673,5,,,1,6,,21684,5,,,1,6,,21700,5,,,1,6,,21712,5,,,1,6,,21720,5,,,1,6,,21736,5,,,1,6,,21743,5,,,1,6,,21760,5,,,1,6,,21766,5,,,1,46,,21776,5,,,1,6,,21791,5,,,1,6,,21806,5,,,1,6,,21577,5,,,1,6,,21588,5,,,1,6,,21599,5,,,1,6,,21606,5,,,1,6,,21622,5,,,1,6,,21637,5,,,1,6,,21650,5,,,1,46,,21663,5,,,1,6,,21674,5,,,1,6,,21685,5,,,1,5,,21694,5,,,1,5,,21701,5,,,1,4,,21713,5,,,1,4,,21721,5,,,1,4,,21726,5,,,1,4,,21737,5,,,1,3,,21744,5,,,1,4,,21756,5,,,1,4,,21761,5,,,1,4,,21767,5,,,1,3,,21777,5,,,1,44,,21787,5,,,1,4,,21792,5,,,1,4,,21794,5,,,1,3,,21807,5,,,1,4,,21578,5,,,1,4,,21580,5,,,1,4,,21589,5,,,1,3,,21600,5,,,1,4,,21601,5,,,1,3,,21607,5,,,1,3,,21623,5,,,1,3,,21628,5,,,1,3,,21638,5,,,1,4,,21642,5,,,1,3,,21651,5,,,1,3,,21657,5,,,1,3,,21664,5,,,1,3,,21666,5,,,1,43,,21675,5,,,1,3,,21678,5,,,1,3,,21686,5,,,1,3,,21690,5,,,1,3,,21695,5,,,1,3,,21702,5,,,1,3,,21707,5,,,1,4,,21714,5,,,1,3,,21722,5,,,1,3,,21727,5,,,1,3,,21728,5,,,1,4,,21738,5,,,1,3,,21745,5,,,1,4,,21762,5,,,1,3,,21768,5,,,1,4,,21778,5,,,1,3,,21784,5,,,1,4,,21793,5,,,1,44,,21795,5,,,1,4,,21798,5,,,1,4,,21579,5,,,1,4,,21581,5,,,1,4,,21590,5,,,1,4,,21594,5,,,1,4,,21608,5,,,1,4,,21624,5,,,1,4,,21629,5,,,1,4,,21639,5,,,1,4,,21643,5,,,1,4,,21652,5,,,1,4,,21658,5,,,1,5,,21667,5,,,1,5,,21679,5,,,1,45,,21687,5,,,1,5,,21691,5,,,1,5,,21703,5,,,1,5,,21715,5,,,1,5,,21723,5,,,1,6,,21729,5,,,1,5,,21746,5,,,1,6,,21769,5,,,1,6,,21779,5,,,1,6,,21785,5,,,1,6,,21796,5,,,1,46,,21799,5,,,1,6,,21582,5,,,1,6,,21591,5,,,1,6,,21609,5,,,1,6,,21625,5,,,1,6,,21630,5,,,1,6,,21644,5,,,1,6,,21653,5,,,1,6,,21668,5,,,1,6,,21680,5,,,1,46,,21688,5,,,1,6,,21692,5,,,1,6,,21704,5,,,1,6,,21724,5,,,1,6,,21730,5,,,1,6,,21747,5,,,1,6,,21770,5,,,1,6,,21780,5,,,1,6,,21786,5,,,1,47,,21797,5,,,1,6,,21800,5,,,1,6,,21583,5,,,1,6,,21592,5,,,1,6,,21610,5,,,1,6,,21626,5,,,1,6,,21631,5,,,1,7,,21645,5,,,1,8,,21654,5,,,1,8,,21669,5,,,1,48,,21689,5,,,1,8,,21693,5,,,1,8,,21725,5,,,1,8,,21731,5,,,1,8,,21748,5,,,1,8,,21771,5,,,1,8,,21781,5,,,1,48,,21801,5,,,1,8,,21584,5,,,1,8,,21611,5,,,1,8,,21627,5,,,1,8,,21632,5,,,1,8,,21646,5,,,1
