100,'GLOBAUX-01-A',602,,20201,25,,,1,10,,20211,25,,,1,10,,20229,25,,,1,10,,20236,25,,,1,10,,20246,25,,,1,10,,20269,25,,,1,51,,20287,25,,,1,10,,20297,25,,,1,10,,20304,25,,,1,10,,20314,25,,,1,10,,20331,25,,,1,10,,20341,25,,,1,50,,20202,25,,,1,10,,20212,25,,,1,10,,20230,25,,,1,10,,20237,25,,,1,10,,20247,25,,,1,10,,20270,25,,,1,49,,20278,25,,,1,9,,20288,25,,,1,10,,20298,25,,,1,8,,20305,25,,,1,9,,20315,25,,,1,8,,20332,25,,,1,8,,20342,25,,,1,49,,20203,25,,,1,8,,20213,25,,,1,9,,20221,25,,,1,8,,20231,25,,,1,9,,20238,25,,,1,8,,20248,25,,,1,8,,20263,25,,,1,47,,20271,25,,,1,8,,20279,25,,,1,8,,20289,25,,,1,8,,20299,25,,,1,7,,20306,25,,,1,8,,20316,25,,,1,8,,20333,25,,,1,7,,20343,25,,,1,48,,20204,25,,,1,8,,20214,25,,,1,7,,20222,25,,,1,8,,20232,25,,,1,7,,20239,25,,,1,7,,20249,25,,,1,6,,20256,25,,,1,7,,20264,25,,,1,6,,20272,25,,,1,47,,20280,25,,,1,6,,20290,25,,,1,7,,20300,25,,,1,6,,20307,25,,,1,7,,20317,25,,,1,6,,20324,25,,,1,7,,20334,25,,,1,6,,20344,25,,,1,7,,20205,25,,,1,46,,20215,25,,,1,7,,20223,25,,,1,6,,20233,25,,,1,7,,20240,25,,,1,6,,20250,25,,,1,7,,20257,25,,,1,6,,20265,25,,,1,7,,20273,25,,,1,6,,20281,25,,,1,47,,20291,25,,,1,6,,20301,25,,,1,7,,20308,25,,,1,6,,20318,25,,,1,7,,20325,25,,,1,6,,20335,25,,,1,7,,20345,25,,,1,6,,20206,25,,,1,7,,20216,25,,,1,46,,20224,25,,,1,7,,20234,25,,,1,6,,20241,25,,,1,7,,20251,25,,,1,7,,20258,25,,,1,6,,20266,25,,,1,7,,20274,25,,,1,6,,20282,25,,,1,7,,20292,25,,,1,6,,20302,25,,,1,47,,20309,25,,,1,6,,20319,25,,,1,7,,20326,25,,,1,6,,20336,25,,,1,7,,20346,25,,,1,6,,20207,25,,,1,7,,20217,25,,,1,6,,20225,25,,,1,7,,20235,25,,,1,46,,20242,25,,,1,7,,20252,25,,,1,6,,20259,25,,,1,6,,20267,25,,,1,7,,20275,25,,,1,6,,20283,25,,,1,7,,20293,25,,,1,6,,20303,25,,,1,7,,20310,25,,,1,46,,20320,25,,,1,7,,20327,25,,,1,8,,20337,25,,,1,8,,20347,25,,,1,7,,20208,25,,,1,8,,20218,25,,,1,8,,20226,25,,,1,7,,20243,25,,,1,48,,20253,25,,,1,7,,20260,25,,,1,8,,20268,25,,,1,8,,20276,25,,,1,7,,20284,25,,,1,9,,20294,25,,,1,8,,20311,25,,,1,8,,20321,25,,,1,49,,20328,25,,,1,8,,20338,25,,,1,9,,20348,25,,,1,8,,20209,25,,,1,8,,20219,25,,,1,9,,20227,25,,,1,8,,20244,25,,,1,49,,20254,25,,,1,8,,20261,25,,,1,9,,20277,25,,,1,8,,20285,25,,,1,8,,20295,25,,,1,10,,20312,25,,,1,10,,20322,25,,,1,49,,20329,25,,,1,10,,20339,25,,,1,10,,20349,25,,,1,10,,20210,25,,,1,10,,20220,25,,,1,10,,20228,25,,,1,50,,20245,25,,,1,10,,20255,25,,,1,10,,20262,25,,,1,10,,20286,25,,,1,10,,20296,25,,,1,10,,20313,25,,,1,50,,20323,25,,,1,10,,20330,25,,,1,10,,20340,25,,,1,13,,20350,25,,,1
100,'GLOBAUX-01-F1',602,,20351,25,,,1,10,,20361,25,,,1,10,,20368,25,,,1,10,,20393,25,,,1,10,,20403,25,,,1,10,,20413,25,,,1,51,,20435,25,,,1,10,,20445,25,,,1,10,,20454,25,,,1,10,,20463,25,,,1,10,,20472,25,,,1,10,,20481,25,,,1,50,,20352,25,,,1,10,,20362,25,,,1,10,,20369,25,,,1,10,,20394,25,,,1,9,,20404,25,,,1,10,,20414,25,,,1,49,,20429,25,,,1,9,,20436,25,,,1,10,,20446,25,,,1,9,,20455,25,,,1,9,,20464,25,,,1,10,,20473,25,,,1,8,,20482,25,,,1,49,,20353,25,,,1,8,,20363,25,,,1,8,,20370,25,,,1,9,,20385,25,,,1,8,,20395,25,,,1,9,,20405,25,,,1,8,,20415,25,,,1,49,,20430,25,,,1,8,,20437,25,,,1,9,,20447,25,,,1,8,,20456,25,,,1,9,,20465,25,,,1,8,,20474,25,,,1,9,,20483,25,,,1,48,,20354,25,,,1,8,,20364,25,,,1,7,,20371,25,,,1,8,,20378,25,,,1,8,,20386,25,,,1,8,,20396,25,,,1,7,,20406,25,,,1,8,,20416,25,,,1,48,,20431,25,,,1,7,,20438,25,,,1,8,,20448,25,,,1,8,,20457,25,,,1,7,,20466,25,,,1,8,,20475,25,,,1,8,,20484,25,,,1,7,,20355,25,,,1,48,,20365,25,,,1,8,,20372,25,,,1,7,,20379,25,,,1,8,,20387,25,,,1,8,,20397,25,,,1,7,,20407,25,,,1,7,,20417,25,,,1,7,,20423,25,,,1,47,,20432,25,,,1,7,,20439,25,,,1,7,,20449,25,,,1,7,,20458,25,,,1,7,,20467,25,,,1,7,,20476,25,,,1,7,,20485,25,,,1,7,,20356,25,,,1,47,,20366,25,,,1,7,,20373,25,,,1,7,,20380,25,,,1,7,,20388,25,,,1,7,,20398,25,,,1,7,,20408,25,,,1,7,,20418,25,,,1,7,,20424,25,,,1,7,,20433,25,,,1,47,,20440,25,,,1,7,,20450,25,,,1,7,,20459,25,,,1,7,,20468,25,,,1,7,,20477,25,,,1,7,,20486,25,,,1,7,,20357,25,,,1,7,,20367,25,,,1,47,,20374,25,,,1,7,,20381,25,,,1,7,,20389,25,,,1,7,,20399,25,,,1,7,,20409,25,,,1,7,,20419,25,,,1,7,,20425,25,,,1,7,,20434,25,,,1,7,,20441,25,,,1,47,,20451,25,,,1,8,,20460,25,,,1,9,,20469,25,,,1,8,,20478,25,,,1,8,,20487,25,,,1,9,,20358,25,,,1,8,,20375,25,,,1,49,,20382,25,,,1,8,,20390,25,,,1,8,,20400,25,,,1,9,,20410,25,,,1,8,,20420,25,,,1,9,,20426,25,,,1,8,,20442,25,,,1,48,,20452,25,,,1,9,,20461,25,,,1,8,,20470,25,,,1,8,,20479,25,,,1,9,,20488,25,,,1,8,,20359,25,,,1,9,,20376,25,,,1,8,,20383,25,,,1,48,,20391,25,,,1,9,,20401,25,,,1,9,,20411,25,,,1,9,,20421,25,,,1,9,,20427,25,,,1,9,,20443,25,,,1,49,,20453,25,,,1,9,,20462,25,,,1,9,,20471,25,,,1,9,,20480,25,,,1,10,,20489,25,,,1,10,,20360,25,,,1,10,,20377,25,,,1,50,,20384,25,,,1,10,,20392,25,,,1,10,,20402,25,,,1,10,,20412,25,,,1,10,,20422,25,,,1,10,,20428,25,,,1,53,,20444,25,,,1
100,'GLOBAUX-01-F2',602,,20490,25,,,1,10,,20500,25,,,1,10,,20507,25,,,1,10,,20532,25,,,1,10,,20542,25,,,1,10,,20552,25,,,1,51,,20574,25,,,1,10,,20584,25,,,1,10,,20593,25,,,1,10,,20602,25,,,1,10,,20611,25,,,1,10,,20620,25,,,1,50,,20491,25,,,1,10,,20501,25,,,1,10,,20508,25,,,1,10,,20533,25,,,1,9,,20543,25,,,1,10,,20553,25,,,1,49,,20568,25,,,1,9,,20575,25,,,1,10,,20585,25,,,1,9,,20594,25,,,1,9,,20603,25,,,1,10,,20612,25,,,1,8,,20621,25,,,1,49,,20492,25,,,1,8,,20502,25,,,1,8,,20509,25,,,1,9,,20524,25,,,1,8,,20534,25,,,1,9,,20544,25,,,1,8,,20554,25,,,1,49,,20569,25,,,1,8,,20576,25,,,1,9,,20586,25,,,1,8,,20595,25,,,1,9,,20604,25,,,1,8,,20613,25,,,1,9,,20622,25,,,1,48,,20493,25,,,1,8,,20503,25,,,1,7,,20510,25,,,1,8,,20517,25,,,1,8,,20525,25,,,1,8,,20535,25,,,1,7,,20545,25,,,1,8,,20555,25,,,1,48,,20570,25,,,1,7,,20577,25,,,1,8,,20587,25,,,1,8,,20596,25,,,1,7,,20605,25,,,1,8,,20614,25,,,1,8,,20623,25,,,1,7,,20494,25,,,1,48,,20504,25,,,1,8,,20511,25,,,1,7,,20518,25,,,1,8,,20526,25,,,1,8,,20536,25,,,1,7,,20546,25,,,1,7,,20556,25,,,1,7,,20562,25,,,1,47,,20571,25,,,1,7,,20578,25,,,1,7,,20588,25,,,1,7,,20597,25,,,1,7,,20606,25,,,1,7,,20615,25,,,1,7,,20624,25,,,1,7,,20495,25,,,1,47,,20505,25,,,1,7,,20512,25,,,1,7,,20519,25,,,1,7,,20527,25,,,1,7,,20537,25,,,1,7,,20547,25,,,1,7,,20557,25,,,1,7,,20563,25,,,1,7,,20572,25,,,1,47,,20579,25,,,1,7,,20589,25,,,1,7,,20598,25,,,1,7,,20607,25,,,1,7,,20616,25,,,1,7,,20625,25,,,1,7,,20496,25,,,1,7,,20506,25,,,1,47,,20513,25,,,1,7,,20520,25,,,1,7,,20528,25,,,1,7,,20538,25,,,1,7,,20548,25,,,1,7,,20558,25,,,1,7,,20564,25,,,1,7,,20573,25,,,1,7,,20580,25,,,1,47,,20590,25,,,1,8,,20599,25,,,1,9,,20608,25,,,1,8,,20617,25,,,1,8,,20626,25,,,1,9,,20497,25,,,1,8,,20514,25,,,1,49,,20521,25,,,1,8,,20529,25,,,1,8,,20539,25,,,1,9,,20549,25,,,1,8,,20559,25,,,1,9,,20565,25,,,1,8,,20581,25,,,1,48,,20591,25,,,1,9,,20600,25,,,1,8,,20609,25,,,1,8,,20618,25,,,1,9,,20627,25,,,1,8,,20498,25,,,1,9,,20515,25,,,1,8,,20522,25,,,1,48,,20530,25,,,1,9,,20540,25,,,1,9,,20550,25,,,1,9,,20560,25,,,1,9,,20566,25,,,1,9,,20582,25,,,1,49,,20592,25,,,1,9,,20601,25,,,1,9,,20610,25,,,1,9,,20619,25,,,1,10,,20628,25,,,1,10,,20499,25,,,1,10,,20516,25,,,1,50,,20523,25,,,1,10,,20531,25,,,1,10,,20541,25,,,1,10,,20551,25,,,1,10,,20561,25,,,1,10,,20567,25,,,1,53,,20583,25,,,1
100,'GLOBAUX-01-I',602,,20629,25,,,1,10,,20639,25,,,1,10,,20646,25,,,1,10,,20671,25,,,1,10,,20681,25,,,1,10,,20691,25,,,1,51,,20713,25,,,1,10,,20723,25,,,1,10,,20732,25,,,1,10,,20741,25,,,1,10,,20750,25,,,1,10,,20759,25,,,1,50,,20630,25,,,1,10,,20640,25,,,1,10,,20647,25,,,1,10,,20672,25,,,1,9,,20682,25,,,1,10,,20692,25,,,1,49,,20707,25,,,1,9,,20714,25,,,1,10,,20724,25,,,1,9,,20733,25,,,1,9,,20742,25,,,1,10,,20751,25,,,1,8,,20760,25,,,1,49,,20631,25,,,1,8,,20641,25,,,1,8,,20648,25,,,1,9,,20663,25,,,1,8,,20673,25,,,1,9,,20683,25,,,1,8,,20693,25,,,1,49,,20708,25,,,1,8,,20715,25,,,1,9,,20725,25,,,1,8,,20734,25,,,1,9,,20743,25,,,1,8,,20752,25,,,1,9,,20761,25,,,1,48,,20632,25,,,1,8,,20642,25,,,1,7,,20649,25,,,1,8,,20656,25,,,1,8,,20664,25,,,1,8,,20674,25,,,1,7,,20684,25,,,1,8,,20694,25,,,1,48,,20709,25,,,1,7,,20716,25,,,1,8,,20726,25,,,1,8,,20735,25,,,1,7,,20744,25,,,1,8,,20753,25,,,1,8,,20762,25,,,1,7,,20633,25,,,1,48,,20643,25,,,1,8,,20650,25,,,1,7,,20657,25,,,1,8,,20665,25,,,1,8,,20675,25,,,1,7,,20685,25,,,1,7,,20695,25,,,1,7,,20701,25,,,1,47,,20710,25,,,1,7,,20717,25,,,1,7,,20727,25,,,1,7,,20736,25,,,1,7,,20745,25,,,1,7,,20754,25,,,1,7,,20763,25,,,1,7,,20634,25,,,1,47,,20644,25,,,1,7,,20651,25,,,1,7,,20658,25,,,1,7,,20666,25,,,1,7,,20676,25,,,1,7,,20686,25,,,1,7,,20696,25,,,1,7,,20702,25,,,1,7,,20711,25,,,1,47,,20718,25,,,1,7,,20728,25,,,1,7,,20737,25,,,1,7,,20746,25,,,1,7,,20755,25,,,1,7,,20764,25,,,1,7,,20635,25,,,1,7,,20645,25,,,1,47,,20652,25,,,1,7,,20659,25,,,1,7,,20667,25,,,1,7,,20677,25,,,1,7,,20687,25,,,1,7,,20697,25,,,1,7,,20703,25,,,1,7,,20712,25,,,1,7,,20719,25,,,1,47,,20729,25,,,1,8,,20738,25,,,1,9,,20747,25,,,1,8,,20756,25,,,1,8,,20765,25,,,1,9,,20636,25,,,1,8,,20653,25,,,1,49,,20660,25,,,1,8,,20668,25,,,1,8,,20678,25,,,1,9,,20688,25,,,1,8,,20698,25,,,1,9,,20704,25,,,1,8,,20720,25,,,1,48,,20730,25,,,1,9,,20739,25,,,1,8,,20748,25,,,1,8,,20757,25,,,1,9,,20766,25,,,1,8,,20637,25,,,1,9,,20654,25,,,1,8,,20661,25,,,1,48,,20669,25,,,1,9,,20679,25,,,1,9,,20689,25,,,1,9,,20699,25,,,1,9,,20705,25,,,1,9,,20721,25,,,1,49,,20731,25,,,1,9,,20740,25,,,1,9,,20749,25,,,1,9,,20758,25,,,1,10,,20767,25,,,1,10,,20638,25,,,1,10,,20655,25,,,1,50,,20662,25,,,1,10,,20670,25,,,1,10,,20680,25,,,1,10,,20690,25,,,1,10,,20700,25,,,1,10,,20706,25,,,1,53,,20722,25,,,1
100,'GLOBAUX-01-S',603,,20768,25,,,1,6,,20796,25,,,1,7,,20806,25,,,1,7,,20826,25,,,1,7,,20848,25,,,1,7,,20852,25,,,1,7,,20859,25,,,1,6,,20870,25,,,1,5,,20876,25,,,1,4,,20893,25,,,1,44,,20902,25,,,1,4,,20905,25,,,1,4,,20913,25,,,1,4,,20930,25,,,1,3,,20936,25,,,1,3,,20946,25,,,1,3,,20948,25,,,1,4,,20950,25,,,1,3,,20952,25,,,1,3,,20968,25,,,1,3,,20977,25,,,1,4,,20979,25,,,1,3,,20997,25,,,1,3,,21003,25,,,1,4,,21004,25,,,1,3,,20769,25,,,1,3,,20787,25,,,1,43,,20789,25,,,1,4,,20797,25,,,1,3,,20807,25,,,1,3,,20808,25,,,1,3,,20809,25,,,1,3,,20811,25,,,1,3,,20812,25,,,1,3,,20827,25,,,1,3,,20833,25,,,1,3,,20839,25,,,1,3,,20849,25,,,1,3,,20853,25,,,1,3,,20860,25,,,1,3,,20865,25,,,1,3,,20871,25,,,1,3,,20877,25,,,1,4,,20894,25,,,1,3,,20903,25,,,1,3,,20906,25,,,1,3,,20912,25,,,1,43,,20914,25,,,1,3,,20931,25,,,1,4,,20937,25,,,1,3,,20947,25,,,1,3,,20949,25,,,1,3,,20951,25,,,1,4,,20955,25,,,1,3,,20960,25,,,1,4,,20969,25,,,1,3,,20978,25,,,1,4,,20984,25,,,1,4,,20998,25,,,1,3,,21005,25,,,1,4,,20770,25,,,1,4,,20780,25,,,1,5,,20790,25,,,1,45,,20798,25,,,1,5,,20810,25,,,1,5,,20813,25,,,1,5,,20828,25,,,1,6,,20840,25,,,1,6,,20854,25,,,1,6,,20866,25,,,1,6,,20878,25,,,1,6,,20895,25,,,1,6,,20907,25,,,1,6,,20915,25,,,1,46,,20932,25,,,1,6,,20938,25,,,1,6,,20956,25,,,1,6,,20961,25,,,1,6,,20970,25,,,1,6,,20985,25,,,1,6,,20999,25,,,1,6,,20771,25,,,1,6,,20781,25,,,1,6,,20791,25,,,1,46,,20799,25,,,1,6,,20814,25,,,1,6,,20829,25,,,1,6,,20841,25,,,1,6,,20855,25,,,1,6,,20867,25,,,1,6,,20879,25,,,1,6,,20896,25,,,1,6,,20908,25,,,1,6,,20916,25,,,1,46,,20933,25,,,1,6,,20939,25,,,1,6,,20957,25,,,1,6,,20962,25,,,1,6,,20971,25,,,1,6,,20986,25,,,1,6,,21000,25,,,1,6,,20772,25,,,1,6,,20782,25,,,1,6,,20792,25,,,1,46,,20800,25,,,1,6,,20815,25,,,1,6,,20830,25,,,1,6,,20842,25,,,1,6,,20856,25,,,1,7,,20868,25,,,1,6,,20880,25,,,1,6,,20897,25,,,1,6,,20909,25,,,1,6,,20917,25,,,1,46,,20934,25,,,1,6,,20940,25,,,1,6,,20958,25,,,1,6,,20963,25,,,1,6,,20972,25,,,1,5,,20987,25,,,1,4,,20989,25,,,1,4,,21001,25,,,1,4,,20773,25,,,1,4,,20775,25,,,1,4,,20783,25,,,1,4,,20793,25,,,1,44,,20795,25,,,1,4,,20801,25,,,1,4,,20816,25,,,1,4,,20821,25,,,1,3,,20831,25,,,1,3,,20834,25,,,1,3,,20843,25,,,1,4,,20850,25,,,1,3,,20857,25,,,1,3,,20869,25,,,1,3,,20872,25,,,1,3,,20881,25,,,1,3,,20886,25,,,1,4,,20891,25,,,1,3,,20898,25,,,1,2,,20904,25,,,1,3,,20910,25,,,1,3,,20918,25,,,1,43,,20923,25,,,1,2,,20925,25,,,1,3,,20935,25,,,1,3,,20941,25,,,1,3,,20953,25,,,1,2,,20954,25,,,1,3,,20959,25,,,1,3,,20964,25,,,1,2,,20973,25,,,1,3,,20980,25,,,1,3,,20983,25,,,1,3,,20988,25,,,1,2,,20990,25,,,1,3,,20993,25,,,1,3,,21002,25,,,1,3,,20774,25,,,1,2,,20776,25,,,1,4,,20784,25,,,1,3,,20788,25,,,1,3,,20794,25,,,1,3,,20802,25,,,1,3,,20817,25,,,1,44,,20822,25,,,1,4,,20832,25,,,1,3,,20835,25,,,1,4,,20844,25,,,1,3,,20851,25,,,1,4,,20858,25,,,1,4,,20861,25,,,1,4,,20873,25,,,1,4,,20882,25,,,1,4,,20887,25,,,1,4,,20892,25,,,1,4,,20899,25,,,1,4,,20911,25,,,1,4,,20919,25,,,1,4,,20924,25,,,1,44,,20926,25,,,1,4,,20942,25,,,1,5,,20965,25,,,1,6,,20974,25,,,1,6,,20981,25,,,1,6,,20991,25,,,1,6,,20994,25,,,1,5,,20777,25,,,1,6,,20785,25,,,1,6,,20803,25,,,1,6,,20818,25,,,1,46,,20823,25,,,1,6,,20836,25,,,1,6,,20845,25,,,1,6,,20862,25,,,1,6,,20874,25,,,1,6,,20883,25,,,1,6,,20888,25,,,1,6,,20900,25,,,1,7,,20920,25,,,1,6,,20927,25,,,1,46,,20943,25,,,1,6,,20966,25,,,1,6,,20975,25,,,1,6,,20982,25,,,1,6,,20992,25,,,1,6,,20995,25,,,1,6,,20778,25,,,1,6,,20786,25,,,1,6,,20804,25,,,1,6,,20819,25,,,1,46,,20824,25,,,1,7,,20837,25,,,1,6,,20846,25,,,1,6,,20863,25,,,1,6,,20875,25,,,1,6,,20884,25,,,1,6,,20889,25,,,1,6,,20901,25,,,1,7,,20921,25,,,1,46,,20928,25,,,1,8,,20944,25,,,1,8,,20967,25,,,1,8,,20976,25,,,1,8,,20996,25,,,1,8,,20779,25,,,1,8,,20805,25,,,1,8,,20820,25,,,1,48,,20825,25,,,1,8,,20838,25,,,1,8,,20847,25,,,1,8,,20864,25,,,1,8,,20885,25,,,1,8,,20890,25,,,1,7,,20922,25,,,1,8,,20929,25,,,1,52,,20945,25,,,1
101,'GLOBAUX-01-A',532,,21092,3,,,1,10,,21102,3,,,1,10,,21109,3,,,1,50,,21119,3,,,1,10,,21136,3,,,1,10,,21146,3,,,1,10,,21006,3,,,1,10,,21016,3,,,1,10,,21035,3,,,1,50,,21042,3,,,1,10,,21052,3,,,1,10,,21074,3,,,1,10,,21082,3,,,1,9,,21093,3,,,1,9,,21103,3,,,1,50,,21110,3,,,1,9,,21120,3,,,1,8,,21137,3,,,1,9,,21147,3,,,1,8,,21007,3,,,1,9,,21017,3,,,1,8,,21026,3,,,1,8,,21036,3,,,1,49,,21043,3,,,1,8,,21053,3,,,1,9,,21075,3,,,1,8,,21083,3,,,1,9,,21094,3,,,1,8,,21104,3,,,1,8,,21111,3,,,1,49,,21121,3,,,1,8,,21138,3,,,1,9,,21148,3,,,1,8,,21008,3,,,1,8,,21018,3,,,1,8,,21027,3,,,1,8,,21037,3,,,1,47,,21044,3,,,1,8,,21054,3,,,1,8,,21069,3,,,1,7,,21076,3,,,1,8,,21084,3,,,1,8,,21095,3,,,1,7,,21105,3,,,1,8,,21112,3,,,1,47,,21122,3,,,1,7,,21129,3,,,1,6,,21139,3,,,1,7,,21149,3,,,1,6,,21009,3,,,1,7,,21019,3,,,1,6,,21028,3,,,1,7,,21038,3,,,1,6,,21045,3,,,1,47,,21055,3,,,1,6,,21062,3,,,1,7,,21070,3,,,1,6,,21077,3,,,1,7,,21085,3,,,1,6,,21096,3,,,1,7,,21106,3,,,1,6,,21113,3,,,1,7,,21123,3,,,1,46,,21130,3,,,1,7,,21140,3,,,1,6,,21150,3,,,1,7,,21010,3,,,1,6,,21020,3,,,1,7,,21029,3,,,1,6,,21039,3,,,1,7,,21046,3,,,1,6,,21056,3,,,1,47,,21063,3,,,1,6,,21071,3,,,1,7,,21078,3,,,1,6,,21086,3,,,1,7,,21097,3,,,1,6,,21107,3,,,1,7,,21114,3,,,1,6,,21124,3,,,1,7,,21131,3,,,1,6,,21141,3,,,1,47,,21151,3,,,1,6,,21011,3,,,1,7,,21021,3,,,1,6,,21030,3,,,1,7,,21040,3,,,1,6,,21047,3,,,1,7,,21057,3,,,1,6,,21064,3,,,1,7,,21072,3,,,1,46,,21079,3,,,1,7,,21087,3,,,1,6,,21098,3,,,1,7,,21108,3,,,1,6,,21115,3,,,1,7,,21125,3,,,1,6,,21132,3,,,1,7,,21142,3,,,1,6,,21152,3,,,1,47,,21012,3,,,1,6,,21022,3,,,1,7,,21031,3,,,1,6,,21041,3,,,1,7,,21048,3,,,1,7,,21058,3,,,1,7,,21065,3,,,1,8,,21073,3,,,1,8,,21080,3,,,1,47,,21088,3,,,1,8,,21099,3,,,1,8,,21116,3,,,1,7,,21126,3,,,1,8,,21133,3,,,1,9,,21143,3,,,1,8,,21153,3,,,1,49,,21013,3,,,1,8,,21023,3,,,1,9,,21032,3,,,1,8,,21049,3,,,1,8,,21059,3,,,1,9,,21066,3,,,1,8,,21081,3,,,1,49,,21089,3,,,1,8,,21100,3,,,1,8,,21117,3,,,1,9,,21127,3,,,1,8,,21134,3,,,1,10,,21144,3,,,1,9,,21154,3,,,1,49,,21014,3,,,1,10,,21024,3,,,1,9,,21033,3,,,1,10,,21050,3,,,1,10,,21060,3,,,1,9,,21067,3,,,1,50,,21090,3,,,1,10,,21101,3,,,1,10,,21118,3,,,1,10,,21128,3,,,1,10,,21135,3,,,1,10,,21145,3,,,1,50,,21155,3,,,1,10,,21015,3,,,1,10,,21025,3,,,1,10,,21034,3,,,1,10,,21051,3,,,1,10,,21061,3,,,1,50,,21068,3,,,1,10,,21091,3,,,1
101,'GLOBAUX-01-F1',532,,21236,3,,,1,10,,21246,3,,,1,10,,21255,3,,,1,50,,21265,3,,,1,10,,21275,3,,,1,10,,21285,3,,,1,10,,21156,3,,,1,10,,21166,3,,,1,10,,21173,3,,,1,50,,21198,3,,,1,10,,21207,3,,,1,10,,21216,3,,,1,10,,21230,3,,,1,9,,21237,3,,,1,9,,21247,3,,,1,50,,21256,3,,,1,9,,21266,3,,,1,9,,21276,3,,,1,9,,21286,3,,,1,8,,21157,3,,,1,8,,21167,3,,,1,9,,21174,3,,,1,48,,21190,3,,,1,9,,21199,3,,,1,8,,21208,3,,,1,9,,21217,3,,,1,8,,21231,3,,,1,8,,21238,3,,,1,9,,21248,3,,,1,8,,21257,3,,,1,49,,21267,3,,,1,8,,21277,3,,,1,8,,21287,3,,,1,9,,21158,3,,,1,8,,21168,3,,,1,9,,21175,3,,,1,8,,21191,3,,,1,49,,21200,3,,,1,8,,21209,3,,,1,8,,21218,3,,,1,9,,21232,3,,,1,8,,21239,3,,,1,9,,21249,3,,,1,8,,21258,3,,,1,48,,21268,3,,,1,9,,21278,3,,,1,8,,21288,3,,,1,7,,21159,3,,,1,8,,21169,3,,,1,8,,21176,3,,,1,7,,21183,3,,,1,48,,21192,3,,,1,8,,21201,3,,,1,7,,21210,3,,,1,8,,21219,3,,,1,8,,21233,3,,,1,7,,21240,3,,,1,8,,21250,3,,,1,8,,21259,3,,,1,47,,21269,3,,,1,8,,21279,3,,,1,8,,21289,3,,,1,7,,21160,3,,,1,8,,21170,3,,,1,8,,21177,3,,,1,7,,21184,3,,,1,8,,21193,3,,,1,47,,21202,3,,,1,7,,21211,3,,,1,7,,21220,3,,,1,7,,21225,3,,,1,7,,21234,3,,,1,7,,21241,3,,,1,7,,21251,3,,,1,7,,21260,3,,,1,7,,21270,3,,,1,47,,21280,3,,,1,7,,21290,3,,,1,7,,21161,3,,,1,7,,21171,3,,,1,7,,21178,3,,,1,7,,21185,3,,,1,7,,21194,3,,,1,7,,21203,3,,,1,47,,21212,3,,,1,7,,21221,3,,,1,7,,21226,3,,,1,7,,21235,3,,,1,7,,21242,3,,,1,7,,21252,3,,,1,7,,21261,3,,,1,7,,21271,3,,,1,7,,21281,3,,,1,47,,21291,3,,,1,7,,21162,3,,,1,7,,21172,3,,,1,7,,21179,3,,,1,7,,21186,3,,,1,8,,21195,3,,,1,9,,21204,3,,,1,8,,21213,3,,,1,49,,21222,3,,,1,8,,21227,3,,,1,8,,21243,3,,,1,9,,21253,3,,,1,8,,21262,3,,,1,9,,21272,3,,,1,8,,21282,3,,,1,48,,21292,3,,,1,9,,21163,3,,,1,8,,21180,3,,,1,9,,21187,3,,,1,8,,21196,3,,,1,9,,21205,3,,,1,8,,21214,3,,,1,48,,21223,3,,,1,9,,21228,3,,,1,8,,21244,3,,,1,9,,21254,3,,,1,8,,21263,3,,,1,8,,21273,3,,,1,9,,21283,3,,,1,48,,21293,3,,,1,9,,21164,3,,,1,9,,21181,3,,,1,10,,21188,3,,,1,10,,21197,3,,,1,10,,21206,3,,,1,50,,21215,3,,,1,10,,21224,3,,,1,10,,21229,3,,,1,10,,21245,3,,,1,10,,21264,3,,,1,10,,21274,3,,,1,50,,21284,3,,,1,10,,21294,3,,,1,10,,21165,3,,,1,10,,21182,3,,,1,10,,21189,3,,,1
101,'GLOBAUX-01-F2',532,,21375,3,,,1,10,,21385,3,,,1,10,,21394,3,,,1,50,,21404,3,,,1,10,,21414,3,,,1,10,,21424,3,,,1,10,,21295,3,,,1,10,,21305,3,,,1,10,,21312,3,,,1,50,,21337,3,,,1,10,,21346,3,,,1,10,,21355,3,,,1,10,,21369,3,,,1,9,,21376,3,,,1,9,,21386,3,,,1,50,,21395,3,,,1,9,,21405,3,,,1,9,,21415,3,,,1,9,,21425,3,,,1,8,,21296,3,,,1,8,,21306,3,,,1,9,,21313,3,,,1,48,,21329,3,,,1,9,,21338,3,,,1,8,,21347,3,,,1,9,,21356,3,,,1,8,,21370,3,,,1,8,,21377,3,,,1,9,,21387,3,,,1,8,,21396,3,,,1,49,,21406,3,,,1,8,,21416,3,,,1,8,,21426,3,,,1,9,,21297,3,,,1,8,,21307,3,,,1,9,,21314,3,,,1,8,,21330,3,,,1,49,,21339,3,,,1,8,,21348,3,,,1,8,,21357,3,,,1,9,,21371,3,,,1,8,,21378,3,,,1,9,,21388,3,,,1,8,,21397,3,,,1,48,,21407,3,,,1,9,,21417,3,,,1,8,,21427,3,,,1,7,,21298,3,,,1,8,,21308,3,,,1,8,,21315,3,,,1,7,,21322,3,,,1,48,,21331,3,,,1,8,,21340,3,,,1,7,,21349,3,,,1,8,,21358,3,,,1,8,,21372,3,,,1,7,,21379,3,,,1,8,,21389,3,,,1,8,,21398,3,,,1,47,,21408,3,,,1,8,,21418,3,,,1,8,,21428,3,,,1,7,,21299,3,,,1,8,,21309,3,,,1,8,,21316,3,,,1,7,,21323,3,,,1,8,,21332,3,,,1,47,,21341,3,,,1,7,,21350,3,,,1,7,,21359,3,,,1,7,,21364,3,,,1,7,,21373,3,,,1,7,,21380,3,,,1,7,,21390,3,,,1,7,,21399,3,,,1,7,,21409,3,,,1,47,,21419,3,,,1,7,,21429,3,,,1,7,,21300,3,,,1,7,,21310,3,,,1,7,,21317,3,,,1,7,,21324,3,,,1,7,,21333,3,,,1,7,,21342,3,,,1,47,,21351,3,,,1,7,,21360,3,,,1,7,,21365,3,,,1,7,,21374,3,,,1,7,,21381,3,,,1,7,,21391,3,,,1,7,,21400,3,,,1,7,,21410,3,,,1,7,,21420,3,,,1,47,,21430,3,,,1,7,,21301,3,,,1,7,,21311,3,,,1,7,,21318,3,,,1,7,,21325,3,,,1,8,,21334,3,,,1,9,,21343,3,,,1,8,,21352,3,,,1,49,,21361,3,,,1,8,,21366,3,,,1,8,,21382,3,,,1,9,,21392,3,,,1,8,,21401,3,,,1,9,,21411,3,,,1,8,,21421,3,,,1,48,,21431,3,,,1,9,,21302,3,,,1,8,,21319,3,,,1,9,,21326,3,,,1,8,,21335,3,,,1,9,,21344,3,,,1,8,,21353,3,,,1,48,,21362,3,,,1,9,,21367,3,,,1,8,,21383,3,,,1,9,,21393,3,,,1,8,,21402,3,,,1,8,,21412,3,,,1,9,,21422,3,,,1,48,,21432,3,,,1,9,,21303,3,,,1,9,,21320,3,,,1,10,,21327,3,,,1,10,,21336,3,,,1,10,,21345,3,,,1,50,,21354,3,,,1,10,,21363,3,,,1,10,,21368,3,,,1,10,,21384,3,,,1,10,,21403,3,,,1,10,,21413,3,,,1,50,,21423,3,,,1,10,,21433,3,,,1,10,,21304,3,,,1,10,,21321,3,,,1,10,,21328,3,,,1
101,'GLOBAUX-01-I',532,,21514,3,,,1,10,,21524,3,,,1,10,,21533,3,,,1,50,,21543,3,,,1,10,,21553,3,,,1,10,,21563,3,,,1,10,,21434,3,,,1,10,,21444,3,,,1,10,,21451,3,,,1,50,,21476,3,,,1,10,,21485,3,,,1,10,,21494,3,,,1,10,,21508,3,,,1,9,,21515,3,,,1,9,,21525,3,,,1,50,,21534,3,,,1,9,,21544,3,,,1,9,,21554,3,,,1,9,,21564,3,,,1,8,,21435,3,,,1,8,,21445,3,,,1,9,,21452,3,,,1,48,,21468,3,,,1,9,,21477,3,,,1,8,,21486,3,,,1,9,,21495,3,,,1,8,,21509,3,,,1,8,,21516,3,,,1,9,,21526,3,,,1,8,,21535,3,,,1,49,,21545,3,,,1,8,,21555,3,,,1,8,,21565,3,,,1,9,,21436,3,,,1,8,,21446,3,,,1,9,,21453,3,,,1,8,,21469,3,,,1,49,,21478,3,,,1,8,,21487,3,,,1,8,,21496,3,,,1,9,,21510,3,,,1,8,,21517,3,,,1,9,,21527,3,,,1,8,,21536,3,,,1,48,,21546,3,,,1,9,,21556,3,,,1,8,,21566,3,,,1,7,,21437,3,,,1,8,,21447,3,,,1,8,,21454,3,,,1,7,,21461,3,,,1,48,,21470,3,,,1,8,,21479,3,,,1,7,,21488,3,,,1,8,,21497,3,,,1,8,,21511,3,,,1,7,,21518,3,,,1,8,,21528,3,,,1,8,,21537,3,,,1,47,,21547,3,,,1,8,,21557,3,,,1,8,,21567,3,,,1,7,,21438,3,,,1,8,,21448,3,,,1,8,,21455,3,,,1,7,,21462,3,,,1,8,,21471,3,,,1,47,,21480,3,,,1,7,,21489,3,,,1,7,,21498,3,,,1,7,,21503,3,,,1,7,,21512,3,,,1,7,,21519,3,,,1,7,,21529,3,,,1,7,,21538,3,,,1,7,,21548,3,,,1,47,,21558,3,,,1,7,,21568,3,,,1,7,,21439,3,,,1,7,,21449,3,,,1,7,,21456,3,,,1,7,,21463,3,,,1,7,,21472,3,,,1,7,,21481,3,,,1,47,,21490,3,,,1,7,,21499,3,,,1,7,,21504,3,,,1,7,,21513,3,,,1,7,,21520,3,,,1,7,,21530,3,,,1,7,,21539,3,,,1,7,,21549,3,,,1,7,,21559,3,,,1,47,,21569,3,,,1,7,,21440,3,,,1,7,,21450,3,,,1,7,,21457,3,,,1,7,,21464,3,,,1,8,,21473,3,,,1,9,,21482,3,,,1,8,,21491,3,,,1,49,,21500,3,,,1,8,,21505,3,,,1,8,,21521,3,,,1,9,,21531,3,,,1,8,,21540,3,,,1,9,,21550,3,,,1,8,,21560,3,,,1,48,,21570,3,,,1,9,,21441,3,,,1,8,,21458,3,,,1,9,,21465,3,,,1,8,,21474,3,,,1,9,,21483,3,,,1,8,,21492,3,,,1,48,,21501,3,,,1,9,,21506,3,,,1,8,,21522,3,,,1,9,,21532,3,,,1,8,,21541,3,,,1,8,,21551,3,,,1,9,,21561,3,,,1,48,,21571,3,,,1,9,,21442,3,,,1,9,,21459,3,,,1,10,,21466,3,,,1,10,,21475,3,,,1,10,,21484,3,,,1,50,,21493,3,,,1,10,,21502,3,,,1,10,,21507,3,,,1,10,,21523,3,,,1,10,,21542,3,,,1,10,,21552,3,,,1,50,,21562,3,,,1,10,,21572,3,,,1,10,,21443,3,,,1,10,,21460,3,,,1,10,,21467,3,,,1
101,'GLOBAUX-01-S',532,,21696,3,,,1,8,,21708,3,,,1,7,,21732,3,,,1,7,,21749,3,,,1,47,,21753,3,,,1,7,,21772,3,,,1,7,,21802,3,,,1,7,,21809,3,,,1,5,,21573,3,,,1,5,,21595,3,,,1,5,,21602,3,,,1,5,,21612,3,,,1,5,,21616,3,,,1,4,,21618,3,,,1,5,,21633,3,,,1,3,,21640,3,,,1,44,,21655,3,,,1,4,,21659,3,,,1,3,,21665,3,,,1,4,,21670,3,,,1,3,,21676,3,,,1,4,,21681,3,,,1,4,,21697,3,,,1,3,,21705,3,,,1,3,,21709,3,,,1,3,,21717,3,,,1,3,,21733,3,,,1,3,,21739,3,,,1,3,,21740,3,,,1,3,,21750,3,,,1,3,,21752,3,,,1,2,,21754,3,,,1,3,,21755,3,,,1,3,,21757,3,,,1,43,,21763,3,,,1,2,,21773,3,,,1,3,,21782,3,,,1,2,,21783,3,,,1,3,,21788,3,,,1,2,,21803,3,,,1,3,,21808,3,,,1,2,,21810,3,,,1,3,,21574,3,,,1,2,,21585,3,,,1,3,,21593,3,,,1,2,,21596,3,,,1,3,,21603,3,,,1,3,,21613,3,,,1,2,,21614,3,,,1,3,,21615,3,,,1,3,,21617,3,,,1,3,,21619,3,,,1,3,,21634,3,,,1,3,,21641,3,,,1,3,,21647,3,,,1,3,,21656,3,,,1,44,,21660,3,,,1,3,,21671,3,,,1,3,,21677,3,,,1,4,,21682,3,,,1,3,,21698,3,,,1,4,,21706,3,,,1,4,,21710,3,,,1,3,,21716,3,,,1,4,,21718,3,,,1,4,,21734,3,,,1,4,,21741,3,,,1,5,,21751,3,,,1,5,,21758,3,,,1,5,,21764,3,,,1,6,,21774,3,,,1,46,,21789,3,,,1,6,,21804,3,,,1,6,,21575,3,,,1,6,,21586,3,,,1,6,,21597,3,,,1,6,,21604,3,,,1,6,,21620,3,,,1,6,,21635,3,,,1,6,,21648,3,,,1,6,,21661,3,,,1,46,,21672,3,,,1,6,,21683,3,,,1,6,,21699,3,,,1,6,,21711,3,,,1,6,,21719,3,,,1,6,,21735,3,,,1,6,,21742,3,,,1,6,,21759,3,,,1,6,,21765,3,,,1,6,,21775,3,,,1,46,,21790,3,,,1,6,,21805,3,,,1,6,,21576,3,,,1,6,,21587,3,,,1,6,,21598,3,,,1,6,,21605,3,,,1,6,,21621,3,,,1,6,,21636,3,,,1,6,,21649,3,,,1,6,,21662,3,,,1,46,,21673,3,,,1,6,,21684,3,,,1,6,,21700,3,,,1,6,,21712,3,,,1,6,,21720,3,,,1,6,,21736,3,,,1,6,,21743,3,,,1,6,,21760,3,,,1,6,,21766,3,,,1,6,,21776,3,,,1,46,,21791,3,,,1,6,,21806,3,,,1,6,,21577,3,,,1,6,,21588,3,,,1,6,,21599,3,,,1,6,,21606,3,,,1,6,,21622,3,,,1,6,,21637,3,,,1,6,,21650,3,,,1,6,,21663,3,,,1,46,,21674,3,,,1,6,,21685,3,,,1,5,,21694,3,,,1,5,,21701,3,,,1,4,,21713,3,,,1,4,,21721,3,,,1,4,,21726,3,,,1,4,,21737,3,,,1,4,,21744,3,,,1,3,,21756,3,,,1,4,,21761,3,,,1,4,,21767,3,,,1,4,,21777,3,,,1,3,,21787,3,,,1,44,,21792,3,,,1,4,,21794,3,,,1,4,,21807,3,,,1,3,,21578,3,,,1,4,,21580,3,,,1,4,,21589,3,,,1,4,,21600,3,,,1,3,,21601,3,,,1,3,,21607,3,,,1,3,,21623,3,,,1,4,,21628,3,,,1,3,,21638,3,,,1,3,,21642,3,,,1,3,,21651,3,,,1,3,,21657,3,,,1,3,,21664,3,,,1,3,,21666,3,,,1,3,,21675,3,,,1,43,,21678,3,,,1,3,,21686,3,,,1,4,,21690,3,,,1,3,,21695,3,,,1,3,,21702,3,,,1,3,,21707,3,,,1,3,,21714,3,,,1,3,,21722,3,,,1,3,,21727,3,,,1,4,,21728,3,,,1,3,,21738,3,,,1,3,,21745,3,,,1,4,,21762,3,,,1,3,,21768,3,,,1,4,,21778,3,,,1,3,,21784,3,,,1,4,,21793,3,,,1,4,,21795,3,,,1,44,,21798,3,,,1,4,,21579,3,,,1,4,,21581,3,,,1,4,,21590,3,,,1,4,,21594,3,,,1,4,,21608,3,,,1,4,,21624,3,,,1,4,,21629,3,,,1,4,,21639,3,,,1,4,,21643,3,,,1,4,,21652,3,,,1,5,,21658,3,,,1,4,,21667,3,,,1,5,,21679,3,,,1,45,,21687,3,,,1,5,,21691,3,,,1,5,,21703,3,,,1,5,,21715,3,,,1,6,,21723,3,,,1,5,,21729,3,,,1,6,,21746,3,,,1,6,,21769,3,,,1,5,,21779,3,,,1,6,,21785,3,,,1,6,,21796,3,,,1,46,,21799,3,,,1,6,,21582,3,,,1,6,,21591,3,,,1,6,,21609,3,,,1,6,,21625,3,,,1,6,,21630,3,,,1,6,,21644,3,,,1,6,,21653,3,,,1,6,,21668,3,,,1,6,,21680,3,,,1,46,,21688,3,,,1,6,,21692,3,,,1,6,,21704,3,,,1,6,,21724,3,,,1,7,,21730,3,,,1,6,,21747,3,,,1,6,,21770,3,,,1,6,,21780,3,,,1,6,,21786,3,,,1,6,,21797,3,,,1,46,,21800,3,,,1,6,,21583,3,,,1,6,,21592,3,,,1,6,,21610,3,,,1,6,,21626,3,,,1,6,,21631,3,,,1,8,,21645,3,,,1,7,,21654,3,,,1,8,,21669,3,,,1,48,,21689,3,,,1,8,,21693,3,,,1,8,,21725,3,,,1,8,,21731,3,,,1,8,,21748,3,,,1,8,,21771,3,,,1,8,,21781,3,,,1,48,,21801,3,,,1,8,,21584,3,,,1,8,,21611,3,,,1,8,,21627,3,,,1,8,,21632,3,,,1,8,,21646,3,,,1
