500,'GLOBAUX-01-A',537,,24707,6,,,1,10,,24725,6,,,1,10,,24743,6,,,1,50,,24760,6,,,1,10,,24777,6,,,1,10,,24805,6,,,1,10,,24822,6,,,1,10,,24708,6,,,1,10,,24726,6,,,1,50,,24744,6,,,1,10,,24761,6,,,1,10,,24778,6,,,1,10,,24806,6,,,1,10,,24823,6,,,1,10,,24709,6,,,1,50,,24727,6,,,1,10,,24745,6,,,1,10,,24762,6,,,1,10,,24779,6,,,1,10,,24807,6,,,1,10,,24824,6,,,1,50,,24710,6,,,1,10,,24728,6,,,1,10,,24746,6,,,1,10,,24763,6,,,1,8,,24780,6,,,1,9,,24794,6,,,1,48,,24808,6,,,1,9,,24825,6,,,1,8,,24711,6,,,1,9,,24729,6,,,1,8,,24747,6,,,1,9,,24764,6,,,1,8,,24781,6,,,1,49,,24795,6,,,1,8,,24809,6,,,1,9,,24826,6,,,1,8,,24712,6,,,1,9,,24730,6,,,1,8,,24748,6,,,1,9,,24765,6,,,1,48,,24782,6,,,1,9,,24796,6,,,1,8,,24810,6,,,1,9,,24827,6,,,1,8,,24713,6,,,1,9,,24731,6,,,1,8,,24749,6,,,1,49,,24766,6,,,1,8,,24783,6,,,1,9,,24797,6,,,1,8,,24811,6,,,1,9,,24828,6,,,1,8,,24714,6,,,1,9,,24732,6,,,1,48,,24750,6,,,1,9,,24767,6,,,1,8,,24784,6,,,1,9,,24798,6,,,1,8,,24812,6,,,1,9,,24829,6,,,1,8,,24715,6,,,1,49,,24733,6,,,1,8,,24751,6,,,1,9,,24768,6,,,1,8,,24785,6,,,1,9,,24799,6,,,1,8,,24813,6,,,1,9,,24830,6,,,1,8,,24716,6,,,1,49,,24734,6,,,1,9,,24752,6,,,1,8,,24769,6,,,1,9,,24786,6,,,1,8,,24800,6,,,1,9,,24814,6,,,1,8,,24831,6,,,1,49,,24717,6,,,1,8,,24735,6,,,1,9,,24753,6,,,1,8,,24770,6,,,1,9,,24787,6,,,1,8,,24801,6,,,1,9,,24815,6,,,1,48,,24832,6,,,1,9,,24718,6,,,1,8,,24736,6,,,1,9,,24754,6,,,1,8,,24771,6,,,1,8,,24788,6,,,1,9,,24802,6,,,1,48,,24816,6,,,1,9,,24833,6,,,1,8,,24719,6,,,1,9,,24737,6,,,1,8,,24755,6,,,1,9,,24772,6,,,1,8,,24789,6,,,1,49,,24803,6,,,1,8,,24817,6,,,1,9,,24834,6,,,1,8,,24720,6,,,1,9,,24738,6,,,1,8,,24756,6,,,1,9,,24773,6,,,1,48,,24790,6,,,1,9,,24804,6,,,1,8,,24818,6,,,1,10,,24835,6,,,1,10,,24721,6,,,1,10,,24739,6,,,1,50,,24757,6,,,1,10,,24774,6,,,1,10,,24791,6,,,1,10,,24819,6,,,1,10,,24836,6,,,1,10,,24722,6,,,1,50,,24740,6,,,1,10,,24758,6,,,1,10,,24775,6,,,1,10,,24792,6,,,1,10,,24820,6,,,1,10,,24837,6,,,1,50,,24723,6,,,1,10,,24741,6,,,1,10,,24759,6,,,1,10,,24776,6,,,1,10,,24793,6,,,1,10,,24821,6,,,1,50,,24838,6,,,1,10,,24724,6,,,1,10,,24742,6,,,1
500,'GLOBAUX-01-F1',537,,24839,6,,,1,10,,24856,6,,,1,10,,24873,6,,,1,50,,24890,6,,,1,10,,24907,6,,,1,10,,24938,6,,,1,10,,24951,6,,,1,10,,24840,6,,,1,10,,24857,6,,,1,50,,24874,6,,,1,10,,24891,6,,,1,10,,24908,6,,,1,10,,24939,6,,,1,10,,24952,6,,,1,10,,24841,6,,,1,50,,24858,6,,,1,10,,24875,6,,,1,10,,24892,6,,,1,10,,24909,6,,,1,10,,24940,6,,,1,10,,24953,6,,,1,50,,24842,6,,,1,10,,24859,6,,,1,10,,24876,6,,,1,10,,24893,6,,,1,8,,24910,6,,,1,9,,24924,6,,,1,48,,24941,6,,,1,9,,24954,6,,,1,8,,24843,6,,,1,9,,24860,6,,,1,8,,24877,6,,,1,9,,24894,6,,,1,8,,24911,6,,,1,49,,24925,6,,,1,8,,24942,6,,,1,9,,24955,6,,,1,8,,24844,6,,,1,9,,24861,6,,,1,8,,24878,6,,,1,9,,24895,6,,,1,48,,24912,6,,,1,9,,24926,6,,,1,8,,24943,6,,,1,9,,24956,6,,,1,8,,24845,6,,,1,9,,24862,6,,,1,8,,24879,6,,,1,49,,24896,6,,,1,8,,24913,6,,,1,9,,24927,6,,,1,8,,24944,6,,,1,9,,24957,6,,,1,8,,24846,6,,,1,9,,24863,6,,,1,48,,24880,6,,,1,9,,24897,6,,,1,8,,24914,6,,,1,9,,24928,6,,,1,8,,24945,6,,,1,9,,24958,6,,,1,8,,24847,6,,,1,49,,24864,6,,,1,8,,24881,6,,,1,9,,24898,6,,,1,8,,24915,6,,,1,9,,24929,6,,,1,8,,24946,6,,,1,9,,24959,6,,,1,8,,24848,6,,,1,49,,24865,6,,,1,8,,24882,6,,,1,9,,24899,6,,,1,9,,24916,6,,,1,8,,24930,6,,,1,9,,24947,6,,,1,8,,24960,6,,,1,48,,24849,6,,,1,9,,24866,6,,,1,8,,24883,6,,,1,9,,24900,6,,,1,8,,24917,6,,,1,9,,24931,6,,,1,8,,24948,6,,,1,49,,24961,6,,,1,8,,24850,6,,,1,9,,24867,6,,,1,8,,24884,6,,,1,9,,24901,6,,,1,8,,24918,6,,,1,9,,24932,6,,,1,48,,24949,6,,,1,9,,24962,6,,,1,8,,24851,6,,,1,9,,24868,6,,,1,8,,24885,6,,,1,9,,24902,6,,,1,8,,24919,6,,,1,49,,24933,6,,,1,8,,24950,6,,,1,9,,24963,6,,,1,9,,24852,6,,,1,10,,24869,6,,,1,10,,24886,6,,,1,50,,24903,6,,,1,10,,24920,6,,,1,10,,24934,6,,,1,10,,24964,6,,,1,10,,24853,6,,,1,10,,24870,6,,,1,50,,24887,6,,,1,10,,24904,6,,,1,10,,24921,6,,,1,10,,24935,6,,,1,10,,24965,6,,,1,10,,24854,6,,,1,50,,24871,6,,,1,10,,24888,6,,,1,10,,24905,6,,,1,10,,24922,6,,,1,10,,24936,6,,,1,10,,24966,6,,,1,50,,24855,6,,,1,10,,24872,6,,,1,10,,24889,6,,,1,10,,24906,6,,,1,10,,24923,6,,,1,10,,24937,6,,,1
500,'GLOBAUX-01-F2',537,,24967,6,,,1,10,,24984,6,,,1,10,,25001,6,,,1,50,,25018,6,,,1,10,,25035,6,,,1,10,,25066,6,,,1,10,,25079,6,,,1,10,,24968,6,,,1,10,,24985,6,,,1,50,,25002,6,,,1,10,,25019,6,,,1,10,,25036,6,,,1,10,,25067,6,,,1,10,,25080,6,,,1,10,,24969,6,,,1,50,,24986,6,,,1,10,,25003,6,,,1,10,,25020,6,,,1,10,,25037,6,,,1,10,,25068,6,,,1,10,,25081,6,,,1,50,,24970,6,,,1,10,,24987,6,,,1,10,,25004,6,,,1,10,,25021,6,,,1,8,,25038,6,,,1,9,,25052,6,,,1,48,,25069,6,,,1,9,,25082,6,,,1,8,,24971,6,,,1,9,,24988,6,,,1,8,,25005,6,,,1,9,,25022,6,,,1,8,,25039,6,,,1,49,,25053,6,,,1,8,,25070,6,,,1,9,,25083,6,,,1,8,,24972,6,,,1,9,,24989,6,,,1,8,,25006,6,,,1,9,,25023,6,,,1,48,,25040,6,,,1,9,,25054,6,,,1,8,,25071,6,,,1,9,,25084,6,,,1,8,,24973,6,,,1,9,,24990,6,,,1,8,,25007,6,,,1,49,,25024,6,,,1,8,,25041,6,,,1,9,,25055,6,,,1,8,,25072,6,,,1,9,,25085,6,,,1,8,,24974,6,,,1,9,,24991,6,,,1,48,,25008,6,,,1,9,,25025,6,,,1,8,,25042,6,,,1,9,,25056,6,,,1,8,,25073,6,,,1,9,,25086,6,,,1,8,,24975,6,,,1,49,,24992,6,,,1,8,,25009,6,,,1,9,,25026,6,,,1,8,,25043,6,,,1,9,,25057,6,,,1,8,,25074,6,,,1,9,,25087,6,,,1,8,,24976,6,,,1,49,,24993,6,,,1,8,,25010,6,,,1,9,,25027,6,,,1,9,,25044,6,,,1,8,,25058,6,,,1,9,,25075,6,,,1,8,,25088,6,,,1,48,,24977,6,,,1,9,,24994,6,,,1,8,,25011,6,,,1,9,,25028,6,,,1,8,,25045,6,,,1,9,,25059,6,,,1,8,,25076,6,,,1,49,,25089,6,,,1,8,,24978,6,,,1,9,,24995,6,,,1,8,,25012,6,,,1,9,,25029,6,,,1,8,,25046,6,,,1,9,,25060,6,,,1,48,,25077,6,,,1,9,,25090,6,,,1,8,,24979,6,,,1,9,,24996,6,,,1,8,,25013,6,,,1,9,,25030,6,,,1,8,,25047,6,,,1,49,,25061,6,,,1,8,,25078,6,,,1,9,,25091,6,,,1,9,,24980,6,,,1,10,,24997,6,,,1,10,,25014,6,,,1,50,,25031,6,,,1,10,,25048,6,,,1,10,,25062,6,,,1,10,,25092,6,,,1,10,,24981,6,,,1,10,,24998,6,,,1,50,,25015,6,,,1,10,,25032,6,,,1,10,,25049,6,,,1,10,,25063,6,,,1,10,,25093,6,,,1,10,,24982,6,,,1,50,,24999,6,,,1,10,,25016,6,,,1,10,,25033,6,,,1,10,,25050,6,,,1,10,,25064,6,,,1,10,,25094,6,,,1,50,,24983,6,,,1,10,,25000,6,,,1,10,,25017,6,,,1,10,,25034,6,,,1,10,,25051,6,,,1,10,,25065,6,,,1
500,'GLOBAUX-01-I',537,,25095,6,,,1,10,,25112,6,,,1,10,,25129,6,,,1,50,,25146,6,,,1,10,,25163,6,,,1,10,,25194,6,,,1,10,,25207,6,,,1,10,,25096,6,,,1,10,,25113,6,,,1,50,,25130,6,,,1,10,,25147,6,,,1,10,,25164,6,,,1,10,,25195,6,,,1,10,,25208,6,,,1,10,,25097,6,,,1,50,,25114,6,,,1,10,,25131,6,,,1,10,,25148,6,,,1,10,,25165,6,,,1,10,,25196,6,,,1,10,,25209,6,,,1,50,,25098,6,,,1,10,,25115,6,,,1,10,,25132,6,,,1,10,,25149,6,,,1,8,,25166,6,,,1,9,,25180,6,,,1,48,,25197,6,,,1,9,,25210,6,,,1,8,,25099,6,,,1,9,,25116,6,,,1,8,,25133,6,,,1,9,,25150,6,,,1,8,,25167,6,,,1,49,,25181,6,,,1,8,,25198,6,,,1,9,,25211,6,,,1,8,,25100,6,,,1,9,,25117,6,,,1,8,,25134,6,,,1,9,,25151,6,,,1,48,,25168,6,,,1,9,,25182,6,,,1,8,,25199,6,,,1,9,,25212,6,,,1,8,,25101,6,,,1,9,,25118,6,,,1,8,,25135,6,,,1,49,,25152,6,,,1,8,,25169,6,,,1,9,,25183,6,,,1,8,,25200,6,,,1,9,,25213,6,,,1,8,,25102,6,,,1,9,,25119,6,,,1,48,,25136,6,,,1,9,,25153,6,,,1,8,,25170,6,,,1,9,,25184,6,,,1,8,,25201,6,,,1,9,,25214,6,,,1,8,,25103,6,,,1,49,,25120,6,,,1,8,,25137,6,,,1,9,,25154,6,,,1,8,,25171,6,,,1,9,,25185,6,,,1,8,,25202,6,,,1,9,,25215,6,,,1,8,,25104,6,,,1,49,,25121,6,,,1,8,,25138,6,,,1,9,,25155,6,,,1,9,,25172,6,,,1,8,,25186,6,,,1,9,,25203,6,,,1,8,,25216,6,,,1,48,,25105,6,,,1,9,,25122,6,,,1,8,,25139,6,,,1,9,,25156,6,,,1,8,,25173,6,,,1,9,,25187,6,,,1,8,,25204,6,,,1,49,,25217,6,,,1,8,,25106,6,,,1,9,,25123,6,,,1,8,,25140,6,,,1,9,,25157,6,,,1,8,,25174,6,,,1,9,,25188,6,,,1,48,,25205,6,,,1,9,,25218,6,,,1,8,,25107,6,,,1,9,,25124,6,,,1,8,,25141,6,,,1,9,,25158,6,,,1,8,,25175,6,,,1,49,,25189,6,,,1,8,,25206,6,,,1,9,,25219,6,,,1,9,,25108,6,,,1,10,,25125,6,,,1,10,,25142,6,,,1,50,,25159,6,,,1,10,,25176,6,,,1,10,,25190,6,,,1,10,,25220,6,,,1,10,,25109,6,,,1,10,,25126,6,,,1,50,,25143,6,,,1,10,,25160,6,,,1,10,,25177,6,,,1,10,,25191,6,,,1,10,,25221,6,,,1,10,,25110,6,,,1,50,,25127,6,,,1,10,,25144,6,,,1,10,,25161,6,,,1,10,,25178,6,,,1,10,,25192,6,,,1,10,,25222,6,,,1,50,,25111,6,,,1,10,,25128,6,,,1,10,,25145,6,,,1,10,,25162,6,,,1,10,,25179,6,,,1,10,,25193,6,,,1
500,'GLOBAUX-01-S',537,,25223,6,,,1,8,,25235,6,,,1,8,,25239,6,,,1,48,,25263,6,,,1,8,,25301,6,,,1,6,,25328,6,,,1,6,,25345,6,,,1,5,,25348,6,,,1,5,,25375,6,,,1,4,,25386,6,,,1,5,,25389,6,,,1,4,,25401,6,,,1,5,,25224,6,,,1,5,,25236,6,,,1,4,,25240,6,,,1,45,,25264,6,,,1,4,,25281,6,,,1,5,,25284,6,,,1,4,,25302,6,,,1,5,,25309,6,,,1,4,,25329,6,,,1,5,,25346,6,,,1,4,,25349,6,,,1,5,,25376,6,,,1,4,,25387,6,,,1,5,,25390,6,,,1,4,,25402,6,,,1,5,,25225,6,,,1,44,,25237,6,,,1,5,,25241,6,,,1,3,,25265,6,,,1,4,,25282,6,,,1,3,,25285,6,,,1,4,,25303,6,,,1,3,,25304,6,,,1,4,,25310,6,,,1,3,,25330,6,,,1,4,,25347,6,,,1,3,,25350,6,,,1,5,,25360,6,,,1,4,,25377,6,,,1,5,,25388,6,,,1,4,,25391,6,,,1,45,,25403,6,,,1,4,,25226,6,,,1,5,,25238,6,,,1,4,,25242,6,,,1,5,,25266,6,,,1,4,,25283,6,,,1,4,,25286,6,,,1,5,,25305,6,,,1,4,,25311,6,,,1,7,,25331,6,,,1,8,,25361,6,,,1,7,,25378,6,,,1,47,,25404,6,,,1,7,,25227,6,,,1,8,,25243,6,,,1,7,,25267,6,,,1,7,,25287,6,,,1,7,,25312,6,,,1,8,,25332,6,,,1,7,,25362,6,,,1,47,,25379,6,,,1,7,,25405,6,,,1,8,,25228,6,,,1,7,,25244,6,,,1,7,,25268,6,,,1,7,,25288,6,,,1,8,,25313,6,,,1,7,,25333,6,,,1,47,,25363,6,,,1,7,,25380,6,,,1,8,,25406,6,,,1,7,,25229,6,,,1,7,,25245,6,,,1,7,,25269,6,,,1,8,,25289,6,,,1,7,,25314,6,,,1,7,,25334,6,,,1,47,,25364,6,,,1,8,,25381,6,,,1,7,,25407,6,,,1,7,,25230,6,,,1,7,,25246,6,,,1,8,,25270,6,,,1,7,,25290,6,,,1,7,,25315,6,,,1,47,,25335,6,,,1,8,,25365,6,,,1,7,,25382,6,,,1,7,,25408,6,,,1,7,,25231,6,,,1,8,,25247,6,,,1,7,,25271,6,,,1,7,,25291,6,,,1,47,,25316,6,,,1,6,,25336,6,,,1,6,,25351,6,,,1,5,,25366,6,,,1,5,,25383,6,,,1,6,,25392,6,,,1,5,,25409,6,,,1,4,,25232,6,,,1,5,,25248,6,,,1,5,,25257,6,,,1,5,,25272,6,,,1,5,,25292,6,,,1,45,,25306,6,,,1,5,,25317,6,,,1,4,,25325,6,,,1,5,,25337,6,,,1,5,,25352,6,,,1,5,,25367,6,,,1,5,,25384,6,,,1,5,,25393,6,,,1,4,,25410,6,,,1,5,,25233,6,,,1,5,,25249,6,,,1,5,,25258,6,,,1,45,,25273,6,,,1,4,,25293,6,,,1,5,,25307,6,,,1,5,,25318,6,,,1,5,,25326,6,,,1,5,,25338,6,,,1,5,,25353,6,,,1,4,,25368,6,,,1,5,,25385,6,,,1,5,,25394,6,,,1,5,,25411,6,,,1,5,,25234,6,,,1,5,,25250,6,,,1,45,,25259,6,,,1,5,,25274,6,,,1,5,,25294,6,,,1,6,,25308,6,,,1,5,,25319,6,,,1,6,,25327,6,,,1,7,,25339,6,,,1,6,,25354,6,,,1,7,,25369,6,,,1,6,,25395,6,,,1,47,,25412,6,,,1,6,,25251,6,,,1,7,,25260,6,,,1,6,,25275,6,,,1,7,,25295,6,,,1,6,,25320,6,,,1,7,,25340,6,,,1,6,,25355,6,,,1,7,,25370,6,,,1,46,,25396,6,,,1,7,,25413,6,,,1,6,,25252,6,,,1,7,,25261,6,,,1,6,,25276,6,,,1,7,,25296,6,,,1,6,,25321,6,,,1,7,,25341,6,,,1,6,,25356,6,,,1,47,,25371,6,,,1,6,,25397,6,,,1,7,,25414,6,,,1,6,,25253,6,,,1,7,,25262,6,,,1,6,,25277,6,,,1,7,,25297,6,,,1,6,,25322,6,,,1,7,,25342,6,,,1,6,,25357,6,,,1,47,,25372,6,,,1,6,,25398,6,,,1,7,,25415,6,,,1,6,,25254,6,,,1,8,,25278,6,,,1,8,,25298,6,,,1,8,,25323,6,,,1,8,,25343,6,,,1,48,,25358,6,,,1,8,,25373,6,,,1,8,,25399,6,,,1,8,,25255,6,,,1,8,,25279,6,,,1,8,,25299,6,,,1,8,,25324,6,,,1,48,,25344,6,,,1,8,,25359,6,,,1,8,,25374,6,,,1,8,,25400,6,,,1,8,,25256,6,,,1,9,,25280,6,,,1,10,,25300,6,,,1
501,'GLOBAUX-01-A',537,,25484,7,,,1,10,,25513,7,,,1,10,,25531,7,,,1,50,,25416,7,,,1,10,,25433,7,,,1,10,,25450,7,,,1,10,,25467,7,,,1,10,,25485,7,,,1,10,,25514,7,,,1,50,,25532,7,,,1,10,,25417,7,,,1,10,,25434,7,,,1,10,,25451,7,,,1,10,,25468,7,,,1,10,,25486,7,,,1,50,,25515,7,,,1,10,,25533,7,,,1,10,,25418,7,,,1,10,,25435,7,,,1,10,,25452,7,,,1,10,,25469,7,,,1,49,,25487,7,,,1,9,,25502,7,,,1,8,,25516,7,,,1,9,,25534,7,,,1,8,,25419,7,,,1,9,,25436,7,,,1,8,,25453,7,,,1,49,,25470,7,,,1,8,,25488,7,,,1,9,,25503,7,,,1,8,,25517,7,,,1,9,,25535,7,,,1,8,,25420,7,,,1,9,,25437,7,,,1,48,,25454,7,,,1,9,,25471,7,,,1,8,,25489,7,,,1,9,,25504,7,,,1,8,,25518,7,,,1,9,,25536,7,,,1,8,,25421,7,,,1,49,,25438,7,,,1,8,,25455,7,,,1,9,,25472,7,,,1,8,,25490,7,,,1,9,,25505,7,,,1,8,,25519,7,,,1,9,,25537,7,,,1,48,,25422,7,,,1,9,,25439,7,,,1,8,,25456,7,,,1,9,,25473,7,,,1,8,,25491,7,,,1,9,,25506,7,,,1,8,,25520,7,,,1,49,,25538,7,,,1,8,,25423,7,,,1,9,,25440,7,,,1,8,,25457,7,,,1,9,,25474,7,,,1,8,,25492,7,,,1,9,,25507,7,,,1,48,,25521,7,,,1,9,,25539,7,,,1,8,,25424,7,,,1,9,,25441,7,,,1,8,,25458,7,,,1,9,,25475,7,,,1,8,,25493,7,,,1,49,,25508,7,,,1,8,,25522,7,,,1,9,,25540,7,,,1,8,,25425,7,,,1,9,,25442,7,,,1,8,,25459,7,,,1,9,,25476,7,,,1,48,,25494,7,,,1,9,,25509,7,,,1,8,,25523,7,,,1,9,,25541,7,,,1,8,,25426,7,,,1,9,,25443,7,,,1,8,,25460,7,,,1,49,,25477,7,,,1,8,,25495,7,,,1,9,,25510,7,,,1,8,,25524,7,,,1,9,,25542,7,,,1,8,,25427,7,,,1,9,,25444,7,,,1,48,,25461,7,,,1,9,,25478,7,,,1,8,,25496,7,,,1,9,,25511,7,,,1,8,,25525,7,,,1,9,,25543,7,,,1,8,,25428,7,,,1,49,,25445,7,,,1,8,,25462,7,,,1,9,,25479,7,,,1,8,,25497,7,,,1,9,,25512,7,,,1,8,,25526,7,,,1,9,,25544,7,,,1,50,,25429,7,,,1,10,,25446,7,,,1,10,,25463,7,,,1,10,,25480,7,,,1,10,,25498,7,,,1,10,,25527,7,,,1,50,,25545,7,,,1,10,,25430,7,,,1,10,,25447,7,,,1,10,,25464,7,,,1,10,,25481,7,,,1,10,,25499,7,,,1,50,,25528,7,,,1,10,,25546,7,,,1,10,,25431,7,,,1,10,,25448,7,,,1,10,,25465,7,,,1,10,,25482,7,,,1,50,,25500,7,,,1,10,,25529,7,,,1,10,,25547,7,,,1,10,,25432,7,,,1,10,,25449,7,,,1,10,,25466,7,,,1,50,,25483,7,,,1,10,,25501,7,,,1,10,,25530,7,,,1
501,'GLOBAUX-01-F1',537,,25615,7,,,1,10,,25646,7,,,1,10,,25659,7,,,1,50,,25548,7,,,1,10,,25565,7,,,1,10,,25582,7,,,1,10,,25599,7,,,1,10,,25616,7,,,1,10,,25647,7,,,1,50,,25660,7,,,1,10,,25549,7,,,1,10,,25566,7,,,1,10,,25583,7,,,1,10,,25600,7,,,1,10,,25617,7,,,1,50,,25648,7,,,1,10,,25661,7,,,1,10,,25550,7,,,1,10,,25567,7,,,1,10,,25584,7,,,1,10,,25601,7,,,1,49,,25618,7,,,1,9,,25632,7,,,1,8,,25649,7,,,1,9,,25662,7,,,1,8,,25551,7,,,1,9,,25568,7,,,1,8,,25585,7,,,1,49,,25602,7,,,1,8,,25619,7,,,1,9,,25633,7,,,1,8,,25650,7,,,1,9,,25663,7,,,1,8,,25552,7,,,1,9,,25569,7,,,1,48,,25586,7,,,1,9,,25603,7,,,1,8,,25620,7,,,1,9,,25634,7,,,1,8,,25651,7,,,1,9,,25664,7,,,1,8,,25553,7,,,1,49,,25570,7,,,1,8,,25587,7,,,1,9,,25604,7,,,1,8,,25621,7,,,1,9,,25635,7,,,1,8,,25652,7,,,1,9,,25665,7,,,1,48,,25554,7,,,1,9,,25571,7,,,1,8,,25588,7,,,1,9,,25605,7,,,1,8,,25622,7,,,1,9,,25636,7,,,1,8,,25653,7,,,1,49,,25666,7,,,1,8,,25555,7,,,1,9,,25572,7,,,1,8,,25589,7,,,1,9,,25606,7,,,1,8,,25623,7,,,1,9,,25637,7,,,1,48,,25654,7,,,1,9,,25667,7,,,1,8,,25556,7,,,1,9,,25573,7,,,1,8,,25590,7,,,1,9,,25607,7,,,1,8,,25624,7,,,1,49,,25638,7,,,1,8,,25655,7,,,1,9,,25668,7,,,1,8,,25557,7,,,1,9,,25574,7,,,1,8,,25591,7,,,1,9,,25608,7,,,1,48,,25625,7,,,1,9,,25639,7,,,1,8,,25656,7,,,1,9,,25669,7,,,1,8,,25558,7,,,1,9,,25575,7,,,1,8,,25592,7,,,1,49,,25609,7,,,1,8,,25626,7,,,1,9,,25640,7,,,1,8,,25657,7,,,1,9,,25670,7,,,1,8,,25559,7,,,1,9,,25576,7,,,1,48,,25593,7,,,1,9,,25610,7,,,1,8,,25627,7,,,1,9,,25641,7,,,1,8,,25658,7,,,1,9,,25671,7,,,1,8,,25560,7,,,1,50,,25577,7,,,1,10,,25594,7,,,1,10,,25611,7,,,1,10,,25628,7,,,1,10,,25642,7,,,1,10,,25672,7,,,1,50,,25561,7,,,1,10,,25578,7,,,1,10,,25595,7,,,1,10,,25612,7,,,1,10,,25629,7,,,1,10,,25643,7,,,1,50,,25673,7,,,1,10,,25562,7,,,1,10,,25579,7,,,1,10,,25596,7,,,1,10,,25613,7,,,1,10,,25630,7,,,1,50,,25644,7,,,1,10,,25674,7,,,1,10,,25563,7,,,1,10,,25580,7,,,1,10,,25597,7,,,1,10,,25614,7,,,1,50,,25631,7,,,1,10,,25645,7,,,1,10,,25675,7,,,1,10,,25564,7,,,1,10,,25581,7,,,1,10,,25598,7,,,1
501,'GLOBAUX-01-F2',537,,25743,7,,,1,10,,25774,7,,,1,10,,25787,7,,,1,50,,25676,7,,,1,10,,25693,7,,,1,10,,25710,7,,,1,10,,25727,7,,,1,10,,25744,7,,,1,10,,25775,7,,,1,50,,25788,7,,,1,10,,25677,7,,,1,10,,25694,7,,,1,10,,25711,7,,,1,10,,25728,7,,,1,10,,25745,7,,,1,50,,25776,7,,,1,10,,25789,7,,,1,10,,25678,7,,,1,10,,25695,7,,,1,10,,25712,7,,,1,10,,25729,7,,,1,49,,25746,7,,,1,9,,25760,7,,,1,8,,25777,7,,,1,9,,25790,7,,,1,8,,25679,7,,,1,9,,25696,7,,,1,8,,25713,7,,,1,49,,25730,7,,,1,8,,25747,7,,,1,9,,25761,7,,,1,8,,25778,7,,,1,9,,25791,7,,,1,8,,25680,7,,,1,9,,25697,7,,,1,48,,25714,7,,,1,9,,25731,7,,,1,8,,25748,7,,,1,9,,25762,7,,,1,8,,25779,7,,,1,9,,25792,7,,,1,8,,25681,7,,,1,49,,25698,7,,,1,8,,25715,7,,,1,9,,25732,7,,,1,8,,25749,7,,,1,9,,25763,7,,,1,8,,25780,7,,,1,9,,25793,7,,,1,48,,25682,7,,,1,9,,25699,7,,,1,8,,25716,7,,,1,9,,25733,7,,,1,8,,25750,7,,,1,9,,25764,7,,,1,8,,25781,7,,,1,49,,25794,7,,,1,8,,25683,7,,,1,9,,25700,7,,,1,8,,25717,7,,,1,9,,25734,7,,,1,8,,25751,7,,,1,9,,25765,7,,,1,48,,25782,7,,,1,9,,25795,7,,,1,8,,25684,7,,,1,9,,25701,7,,,1,8,,25718,7,,,1,9,,25735,7,,,1,8,,25752,7,,,1,49,,25766,7,,,1,8,,25783,7,,,1,9,,25796,7,,,1,8,,25685,7,,,1,9,,25702,7,,,1,8,,25719,7,,,1,9,,25736,7,,,1,48,,25753,7,,,1,9,,25767,7,,,1,8,,25784,7,,,1,9,,25797,7,,,1,8,,25686,7,,,1,9,,25703,7,,,1,8,,25720,7,,,1,49,,25737,7,,,1,8,,25754,7,,,1,9,,25768,7,,,1,8,,25785,7,,,1,9,,25798,7,,,1,8,,25687,7,,,1,9,,25704,7,,,1,48,,25721,7,,,1,9,,25738,7,,,1,8,,25755,7,,,1,9,,25769,7,,,1,8,,25786,7,,,1,9,,25799,7,,,1,8,,25688,7,,,1,50,,25705,7,,,1,10,,25722,7,,,1,10,,25739,7,,,1,10,,25756,7,,,1,10,,25770,7,,,1,10,,25800,7,,,1,50,,25689,7,,,1,10,,25706,7,,,1,10,,25723,7,,,1,10,,25740,7,,,1,10,,25757,7,,,1,10,,25771,7,,,1,50,,25801,7,,,1,10,,25690,7,,,1,10,,25707,7,,,1,10,,25724,7,,,1,10,,25741,7,,,1,10,,25758,7,,,1,50,,25772,7,,,1,10,,25802,7,,,1,10,,25691,7,,,1,10,,25708,7,,,1,10,,25725,7,,,1,10,,25742,7,,,1,50,,25759,7,,,1,10,,25773,7,,,1,10,,25803,7,,,1,10,,25692,7,,,1,10,,25709,7,,,1,10,,25726,7,,,1
501,'GLOBAUX-01-I',537,,25871,7,,,1,10,,25902,7,,,1,10,,25915,7,,,1,50,,25804,7,,,1,10,,25821,7,,,1,10,,25838,7,,,1,10,,25855,7,,,1,10,,25872,7,,,1,10,,25903,7,,,1,50,,25916,7,,,1,10,,25805,7,,,1,10,,25822,7,,,1,10,,25839,7,,,1,10,,25856,7,,,1,10,,25873,7,,,1,50,,25904,7,,,1,10,,25917,7,,,1,10,,25806,7,,,1,10,,25823,7,,,1,10,,25840,7,,,1,10,,25857,7,,,1,49,,25874,7,,,1,9,,25888,7,,,1,8,,25905,7,,,1,9,,25918,7,,,1,8,,25807,7,,,1,9,,25824,7,,,1,8,,25841,7,,,1,49,,25858,7,,,1,8,,25875,7,,,1,9,,25889,7,,,1,8,,25906,7,,,1,9,,25919,7,,,1,8,,25808,7,,,1,9,,25825,7,,,1,48,,25842,7,,,1,9,,25859,7,,,1,8,,25876,7,,,1,9,,25890,7,,,1,8,,25907,7,,,1,9,,25920,7,,,1,8,,25809,7,,,1,49,,25826,7,,,1,8,,25843,7,,,1,9,,25860,7,,,1,8,,25877,7,,,1,9,,25891,7,,,1,8,,25908,7,,,1,9,,25921,7,,,1,48,,25810,7,,,1,9,,25827,7,,,1,8,,25844,7,,,1,9,,25861,7,,,1,8,,25878,7,,,1,9,,25892,7,,,1,8,,25909,7,,,1,49,,25922,7,,,1,8,,25811,7,,,1,9,,25828,7,,,1,8,,25845,7,,,1,9,,25862,7,,,1,8,,25879,7,,,1,9,,25893,7,,,1,48,,25910,7,,,1,9,,25923,7,,,1,8,,25812,7,,,1,9,,25829,7,,,1,8,,25846,7,,,1,9,,25863,7,,,1,8,,25880,7,,,1,49,,25894,7,,,1,8,,25911,7,,,1,9,,25924,7,,,1,8,,25813,7,,,1,9,,25830,7,,,1,8,,25847,7,,,1,9,,25864,7,,,1,48,,25881,7,,,1,9,,25895,7,,,1,8,,25912,7,,,1,9,,25925,7,,,1,8,,25814,7,,,1,9,,25831,7,,,1,8,,25848,7,,,1,49,,25865,7,,,1,8,,25882,7,,,1,9,,25896,7,,,1,8,,25913,7,,,1,9,,25926,7,,,1,8,,25815,7,,,1,9,,25832,7,,,1,48,,25849,7,,,1,9,,25866,7,,,1,8,,25883,7,,,1,9,,25897,7,,,1,8,,25914,7,,,1,9,,25927,7,,,1,8,,25816,7,,,1,50,,25833,7,,,1,10,,25850,7,,,1,10,,25867,7,,,1,10,,25884,7,,,1,10,,25898,7,,,1,10,,25928,7,,,1,50,,25817,7,,,1,10,,25834,7,,,1,10,,25851,7,,,1,10,,25868,7,,,1,10,,25885,7,,,1,10,,25899,7,,,1,50,,25929,7,,,1,10,,25818,7,,,1,10,,25835,7,,,1,10,,25852,7,,,1,10,,25869,7,,,1,10,,25886,7,,,1,50,,25900,7,,,1,10,,25930,7,,,1,10,,25819,7,,,1,10,,25836,7,,,1,10,,25853,7,,,1,10,,25870,7,,,1,50,,25887,7,,,1,10,,25901,7,,,1,10,,25931,7,,,1,10,,25820,7,,,1,10,,25837,7,,,1,10,,25854,7,,,1
501,'GLOBAUX-01-S',537,,26034,7,,,1,8,,26052,7,,,1,8,,26083,7,,,1,48,,26095,7,,,1,8,,25932,7,,,1,6,,25943,7,,,1,7,,25947,7,,,1,6,,25971,7,,,1,6,,25990,7,,,1,4,,26007,7,,,1,5,,26014,7,,,1,4,,26035,7,,,1,5,,26053,7,,,1,4,,26056,7,,,1,45,,26084,7,,,1,4,,26096,7,,,1,5,,26099,7,,,1,4,,26111,7,,,1,5,,25933,7,,,1,4,,25944,7,,,1,5,,25948,7,,,1,4,,25972,7,,,1,5,,25988,7,,,1,4,,25991,7,,,1,4,,26008,7,,,1,4,,26009,7,,,1,4,,26015,7,,,1,3,,26036,7,,,1,44,,26054,7,,,1,3,,26057,7,,,1,4,,26067,7,,,1,3,,26085,7,,,1,4,,26097,7,,,1,3,,26100,7,,,1,4,,26112,7,,,1,5,,25934,7,,,1,4,,25945,7,,,1,5,,25949,7,,,1,4,,25973,7,,,1,5,,25989,7,,,1,4,,25992,7,,,1,5,,26010,7,,,1,4,,26016,7,,,1,45,,26037,7,,,1,4,,26055,7,,,1,4,,26068,7,,,1,5,,26086,7,,,1,4,,26098,7,,,1,5,,26101,7,,,1,4,,26113,7,,,1,5,,25935,7,,,1,5,,25946,7,,,1,5,,25950,7,,,1,7,,25974,7,,,1,7,,25993,7,,,1,47,,26017,7,,,1,7,,26038,7,,,1,8,,26069,7,,,1,7,,26087,7,,,1,7,,26114,7,,,1,7,,25936,7,,,1,8,,25951,7,,,1,7,,25975,7,,,1,47,,25994,7,,,1,7,,26018,7,,,1,8,,26039,7,,,1,7,,26070,7,,,1,7,,26088,7,,,1,8,,26115,7,,,1,7,,25937,7,,,1,7,,25952,7,,,1,47,,25976,7,,,1,8,,25995,7,,,1,7,,26019,7,,,1,7,,26040,7,,,1,7,,26071,7,,,1,8,,26089,7,,,1,7,,26116,7,,,1,7,,25938,7,,,1,7,,25953,7,,,1,48,,25977,7,,,1,7,,25996,7,,,1,7,,26020,7,,,1,7,,26041,7,,,1,8,,26072,7,,,1,7,,26090,7,,,1,7,,26117,7,,,1,7,,25939,7,,,1,48,,25954,7,,,1,7,,25978,7,,,1,7,,25997,7,,,1,7,,26021,7,,,1,8,,26042,7,,,1,7,,26073,7,,,1,7,,26091,7,,,1,7,,26118,7,,,1,48,,25940,7,,,1,5,,25955,7,,,1,5,,25964,7,,,1,5,,25979,7,,,1,5,,25998,7,,,1,4,,26011,7,,,1,5,,26022,7,,,1,5,,26031,7,,,1,5,,26043,7,,,1,5,,26058,7,,,1,5,,26074,7,,,1,4,,26092,7,,,1,45,,26102,7,,,1,5,,26119,7,,,1,5,,25941,7,,,1,5,,25956,7,,,1,5,,25965,7,,,1,4,,25980,7,,,1,5,,25999,7,,,1,5,,26012,7,,,1,5,,26023,7,,,1,5,,26032,7,,,1,5,,26044,7,,,1,4,,26059,7,,,1,5,,26075,7,,,1,45,,26093,7,,,1,5,,26103,7,,,1,5,,26120,7,,,1,5,,25942,7,,,1,5,,25957,7,,,1,5,,25966,7,,,1,5,,25981,7,,,1,5,,26000,7,,,1,5,,26013,7,,,1,5,,26024,7,,,1,5,,26033,7,,,1,5,,26045,7,,,1,45,,26060,7,,,1,5,,26076,7,,,1,5,,26094,7,,,1,6,,26104,7,,,1,6,,26121,7,,,1,7,,25958,7,,,1,6,,25967,7,,,1,7,,25982,7,,,1,6,,26001,7,,,1,6,,26025,7,,,1,47,,26046,7,,,1,6,,26061,7,,,1,7,,26077,7,,,1,6,,26105,7,,,1,7,,26122,7,,,1,6,,25959,7,,,1,7,,25968,7,,,1,6,,25983,7,,,1,7,,26002,7,,,1,46,,26026,7,,,1,7,,26047,7,,,1,6,,26062,7,,,1,7,,26078,7,,,1,6,,26106,7,,,1,7,,26123,7,,,1,6,,25960,7,,,1,7,,25969,7,,,1,6,,25984,7,,,1,47,,26003,7,,,1,6,,26027,7,,,1,7,,26048,7,,,1,6,,26063,7,,,1,7,,26079,7,,,1,6,,26107,7,,,1,7,,26124,7,,,1,6,,25961,7,,,1,7,,25970,7,,,1,6,,25985,7,,,1,47,,26004,7,,,1,8,,26028,7,,,1,7,,26049,7,,,1,8,,26064,7,,,1,8,,26080,7,,,1,8,,26108,7,,,1,8,,25962,7,,,1,47,,25986,7,,,1,8,,26005,7,,,1,8,,26029,7,,,1,8,,26050,7,,,1,8,,26065,7,,,1,8,,26081,7,,,1,8,,26109,7,,,1,8,,25963,7,,,1,48,,25987,7,,,1,8,,26006,7,,,1,8,,26030,7,,,1,8,,26051,7,,,1,8,,26066,7,,,1,8,,26082,7,,,1,8,,26110,7,,,1
