200,'GLOBAUX-01-A',556,,21847,19,,,1,50,,21851,19,,,1,10,,21872,19,,,1,9,,21881,19,,,1,10,,21890,19,,,1,10,,21905,19,,,1,10,,21919,19,,,1,50,,21927,19,,,1,10,,21933,19,,,1,9,,21941,19,,,1,10,,21952,19,,,1,10,,21960,19,,,1,9,,21811,19,,,1,50,,21825,19,,,1,9,,21839,19,,,1,9,,21848,19,,,1,8,,21852,19,,,1,9,,21860,19,,,1,9,,21873,19,,,1,9,,21882,19,,,1,48,,21891,19,,,1,9,,21898,19,,,1,8,,21906,19,,,1,9,,21913,19,,,1,8,,21920,19,,,1,9,,21934,19,,,1,8,,21942,19,,,1,49,,21953,19,,,1,8,,21961,19,,,1,9,,21812,19,,,1,8,,21826,19,,,1,9,,21840,19,,,1,8,,21849,19,,,1,8,,21853,19,,,1,49,,21861,19,,,1,8,,21874,19,,,1,9,,21883,19,,,1,8,,21892,19,,,1,8,,21899,19,,,1,8,,21907,19,,,1,7,,21914,19,,,1,8,,21921,19,,,1,48,,21935,19,,,1,8,,21943,19,,,1,7,,21954,19,,,1,8,,21962,19,,,1,8,,21813,19,,,1,7,,21819,19,,,1,8,,21827,19,,,1,47,,21841,19,,,1,7,,21850,19,,,1,8,,21854,19,,,1,7,,21862,19,,,1,7,,21866,19,,,1,7,,21875,19,,,1,7,,21884,19,,,1,6,,21893,19,,,1,7,,21900,19,,,1,46,,21908,19,,,1,6,,21915,19,,,1,7,,21922,19,,,1,6,,21928,19,,,1,7,,21936,19,,,1,6,,21944,19,,,1,7,,21947,19,,,1,6,,21955,19,,,1,7,,21963,19,,,1,46,,21814,19,,,1,7,,21820,19,,,1,6,,21828,19,,,1,6,,21833,19,,,1,7,,21842,19,,,1,7,,21855,19,,,1,6,,21863,19,,,1,7,,21867,19,,,1,6,,21876,19,,,1,6,,21885,19,,,1,47,,21894,19,,,1,6,,21901,19,,,1,7,,21909,19,,,1,6,,21916,19,,,1,7,,21923,19,,,1,6,,21929,19,,,1,7,,21937,19,,,1,6,,21945,19,,,1,6,,21948,19,,,1,47,,21956,19,,,1,6,,21964,19,,,1,7,,21815,19,,,1,6,,21821,19,,,1,7,,21829,19,,,1,6,,21834,19,,,1,6,,21843,19,,,1,7,,21856,19,,,1,6,,21864,19,,,1,46,,21868,19,,,1,7,,21877,19,,,1,6,,21886,19,,,1,6,,21895,19,,,1,7,,21902,19,,,1,6,,21910,19,,,1,6,,21917,19,,,1,7,,21924,19,,,1,6,,21930,19,,,1,6,,21938,19,,,1,47,,21946,19,,,1,6,,21949,19,,,1,6,,21957,19,,,1,7,,21965,19,,,1,6,,21816,19,,,1,6,,21822,19,,,1,7,,21830,19,,,1,6,,21835,19,,,1,7,,21844,19,,,1,47,,21857,19,,,1,7,,21865,19,,,1,8,,21869,19,,,1,7,,21878,19,,,1,8,,21887,19,,,1,7,,21896,19,,,1,7,,21903,19,,,1,8,,21911,19,,,1,47,,21918,19,,,1,8,,21925,19,,,1,7,,21931,19,,,1,7,,21939,19,,,1,8,,21950,19,,,1,7,,21958,19,,,1,8,,21817,19,,,1,8,,21823,19,,,1,47,,21831,19,,,1,8,,21836,19,,,1,8,,21845,19,,,1,9,,21858,19,,,1,8,,21870,19,,,1,9,,21879,19,,,1,9,,21888,19,,,1,49,,21897,19,,,1,9,,21904,19,,,1,9,,21912,19,,,1,9,,21926,19,,,1,10,,21932,19,,,1,10,,21940,19,,,1,9,,21951,19,,,1,50,,21959,19,,,1,9,,21818,19,,,1,10,,21832,19,,,1,10,,21837,19,,,1,10,,21846,19,,,1,10,,21859,19,,,1,50,,21871,19,,,1,10,,21880,19,,,1,13,,21889,19,,,1
200,'GLOBAUX-01-F1',556,,22001,19,,,1,49,,22009,19,,,1,9,,22017,19,,,1,9,,22025,19,,,1,10,,22031,19,,,1,9,,22043,19,,,1,9,,22047,19,,,1,50,,22062,19,,,1,9,,22074,19,,,1,9,,22082,19,,,1,9,,22090,19,,,1,10,,22095,19,,,1,9,,21966,19,,,1,9,,21975,19,,,1,50,,21993,19,,,1,9,,22002,19,,,1,9,,22010,19,,,1,9,,22018,19,,,1,10,,22026,19,,,1,9,,22032,19,,,1,49,,22044,19,,,1,9,,22048,19,,,1,9,,22055,19,,,1,9,,22063,19,,,1,8,,22075,19,,,1,9,,22083,19,,,1,8,,22091,19,,,1,49,,22096,19,,,1,9,,21967,19,,,1,8,,21976,19,,,1,9,,21986,19,,,1,8,,21994,19,,,1,9,,22003,19,,,1,8,,22011,19,,,1,49,,22019,19,,,1,9,,22027,19,,,1,8,,22033,19,,,1,9,,22045,19,,,1,8,,22049,19,,,1,9,,22056,19,,,1,9,,22064,19,,,1,48,,22076,19,,,1,9,,22084,19,,,1,9,,22092,19,,,1,8,,22097,19,,,1,9,,21968,19,,,1,8,,21977,19,,,1,8,,21987,19,,,1,48,,21995,19,,,1,8,,22004,19,,,1,8,,22012,19,,,1,8,,22020,19,,,1,8,,22028,19,,,1,8,,22034,19,,,1,7,,22046,19,,,1,8,,22050,19,,,1,48,,22057,19,,,1,8,,22065,19,,,1,8,,22070,19,,,1,7,,22077,19,,,1,7,,22085,19,,,1,7,,22093,19,,,1,7,,22098,19,,,1,7,,22103,19,,,1,47,,21969,19,,,1,6,,21978,19,,,1,7,,21981,19,,,1,7,,21988,19,,,1,7,,21996,19,,,1,7,,22005,19,,,1,7,,22013,19,,,1,7,,22021,19,,,1,6,,22029,19,,,1,47,,22035,19,,,1,7,,22039,19,,,1,7,,22051,19,,,1,7,,22058,19,,,1,7,,22066,19,,,1,6,,22071,19,,,1,7,,22078,19,,,1,7,,22086,19,,,1,7,,22094,19,,,1,47,,22099,19,,,1,7,,22104,19,,,1,7,,21970,19,,,1,6,,21979,19,,,1,7,,21982,19,,,1,7,,21989,19,,,1,7,,21997,19,,,1,7,,22006,19,,,1,47,,22014,19,,,1,8,,22022,19,,,1,7,,22030,19,,,1,7,,22036,19,,,1,8,,22040,19,,,1,7,,22052,19,,,1,7,,22059,19,,,1,8,,22067,19,,,1,7,,22072,19,,,1,47,,22079,19,,,1,8,,22087,19,,,1,8,,22100,19,,,1,8,,22105,19,,,1,7,,21971,19,,,1,8,,21980,19,,,1,8,,21983,19,,,1,48,,21990,19,,,1,8,,21998,19,,,1,7,,22007,19,,,1,8,,22015,19,,,1,8,,22023,19,,,1,8,,22037,19,,,1,8,,22041,19,,,1,8,,22053,19,,,1,48,,22060,19,,,1,8,,22068,19,,,1,8,,22073,19,,,1,8,,22080,19,,,1,8,,22088,19,,,1,9,,22101,19,,,1,8,,22106,19,,,1,49,,21972,19,,,1,9,,21984,19,,,1,8,,21991,19,,,1,9,,21999,19,,,1,9,,22008,19,,,1,10,,22016,19,,,1,10,,22024,19,,,1,50,,22038,19,,,1,10,,22042,19,,,1,10,,22054,19,,,1,10,,22061,19,,,1,10,,22069,19,,,1,10,,22081,19,,,1,50,,22089,19,,,1,10,,22102,19,,,1,10,,22107,19,,,1,10,,21973,19,,,1,10,,21985,19,,,1,12,,22000,19,,,1
200,'GLOBAUX-01-F2',556,,22143,19,,,1,49,,22151,19,,,1,9,,22159,19,,,1,9,,22167,19,,,1,10,,22173,19,,,1,9,,22185,19,,,1,9,,22189,19,,,1,50,,22204,19,,,1,9,,22216,19,,,1,9,,22224,19,,,1,9,,22232,19,,,1,10,,22237,19,,,1,9,,22108,19,,,1,9,,22117,19,,,1,50,,22135,19,,,1,9,,22144,19,,,1,9,,22152,19,,,1,9,,22160,19,,,1,10,,22168,19,,,1,9,,22174,19,,,1,49,,22186,19,,,1,9,,22190,19,,,1,9,,22197,19,,,1,9,,22205,19,,,1,8,,22217,19,,,1,9,,22225,19,,,1,8,,22233,19,,,1,49,,22238,19,,,1,9,,22109,19,,,1,8,,22118,19,,,1,9,,22128,19,,,1,8,,22136,19,,,1,9,,22145,19,,,1,8,,22153,19,,,1,49,,22161,19,,,1,9,,22169,19,,,1,8,,22175,19,,,1,9,,22187,19,,,1,8,,22191,19,,,1,9,,22198,19,,,1,9,,22206,19,,,1,48,,22218,19,,,1,9,,22226,19,,,1,9,,22234,19,,,1,8,,22239,19,,,1,9,,22110,19,,,1,8,,22119,19,,,1,8,,22129,19,,,1,48,,22137,19,,,1,8,,22146,19,,,1,8,,22154,19,,,1,8,,22162,19,,,1,8,,22170,19,,,1,8,,22176,19,,,1,7,,22188,19,,,1,8,,22192,19,,,1,48,,22199,19,,,1,8,,22207,19,,,1,8,,22212,19,,,1,7,,22219,19,,,1,7,,22227,19,,,1,7,,22235,19,,,1,7,,22240,19,,,1,7,,22245,19,,,1,47,,22111,19,,,1,6,,22120,19,,,1,7,,22123,19,,,1,7,,22130,19,,,1,7,,22138,19,,,1,7,,22147,19,,,1,7,,22155,19,,,1,7,,22163,19,,,1,6,,22171,19,,,1,47,,22177,19,,,1,7,,22181,19,,,1,7,,22193,19,,,1,7,,22200,19,,,1,7,,22208,19,,,1,6,,22213,19,,,1,7,,22220,19,,,1,7,,22228,19,,,1,7,,22236,19,,,1,47,,22241,19,,,1,7,,22246,19,,,1,7,,22112,19,,,1,6,,22121,19,,,1,7,,22124,19,,,1,7,,22131,19,,,1,7,,22139,19,,,1,7,,22148,19,,,1,47,,22156,19,,,1,8,,22164,19,,,1,7,,22172,19,,,1,7,,22178,19,,,1,8,,22182,19,,,1,7,,22194,19,,,1,7,,22201,19,,,1,8,,22209,19,,,1,7,,22214,19,,,1,47,,22221,19,,,1,8,,22229,19,,,1,8,,22242,19,,,1,8,,22247,19,,,1,7,,22113,19,,,1,8,,22122,19,,,1,8,,22125,19,,,1,48,,22132,19,,,1,8,,22140,19,,,1,7,,22149,19,,,1,8,,22157,19,,,1,8,,22165,19,,,1,8,,22179,19,,,1,8,,22183,19,,,1,8,,22195,19,,,1,48,,22202,19,,,1,8,,22210,19,,,1,8,,22215,19,,,1,8,,22222,19,,,1,8,,22230,19,,,1,9,,22243,19,,,1,8,,22248,19,,,1,49,,22114,19,,,1,9,,22126,19,,,1,8,,22133,19,,,1,9,,22141,19,,,1,9,,22150,19,,,1,10,,22158,19,,,1,10,,22166,19,,,1,50,,22180,19,,,1,10,,22184,19,,,1,10,,22196,19,,,1,10,,22203,19,,,1,10,,22211,19,,,1,10,,22223,19,,,1,50,,22231,19,,,1,10,,22244,19,,,1,10,,22249,19,,,1,10,,22115,19,,,1,10,,22127,19,,,1,12,,22142,19,,,1
200,'GLOBAUX-01-I',556,,22285,19,,,1,49,,22293,19,,,1,9,,22301,19,,,1,9,,22309,19,,,1,10,,22315,19,,,1,9,,22327,19,,,1,9,,22331,19,,,1,50,,22346,19,,,1,9,,22358,19,,,1,9,,22366,19,,,1,9,,22374,19,,,1,10,,22379,19,,,1,9,,22250,19,,,1,9,,22259,19,,,1,50,,22277,19,,,1,9,,22286,19,,,1,9,,22294,19,,,1,9,,22302,19,,,1,10,,22310,19,,,1,9,,22316,19,,,1,49,,22328,19,,,1,9,,22332,19,,,1,9,,22339,19,,,1,9,,22347,19,,,1,8,,22359,19,,,1,9,,22367,19,,,1,8,,22375,19,,,1,49,,22380,19,,,1,9,,22251,19,,,1,8,,22260,19,,,1,9,,22270,19,,,1,8,,22278,19,,,1,9,,22287,19,,,1,8,,22295,19,,,1,49,,22303,19,,,1,9,,22311,19,,,1,8,,22317,19,,,1,9,,22329,19,,,1,8,,22333,19,,,1,9,,22340,19,,,1,9,,22348,19,,,1,48,,22360,19,,,1,9,,22368,19,,,1,9,,22376,19,,,1,8,,22381,19,,,1,9,,22252,19,,,1,8,,22261,19,,,1,8,,22271,19,,,1,48,,22279,19,,,1,8,,22288,19,,,1,8,,22296,19,,,1,8,,22304,19,,,1,8,,22312,19,,,1,8,,22318,19,,,1,7,,22330,19,,,1,8,,22334,19,,,1,48,,22341,19,,,1,8,,22349,19,,,1,8,,22354,19,,,1,7,,22361,19,,,1,7,,22369,19,,,1,7,,22377,19,,,1,7,,22382,19,,,1,7,,22387,19,,,1,47,,22253,19,,,1,6,,22262,19,,,1,7,,22265,19,,,1,7,,22272,19,,,1,7,,22280,19,,,1,7,,22289,19,,,1,7,,22297,19,,,1,7,,22305,19,,,1,6,,22313,19,,,1,47,,22319,19,,,1,7,,22323,19,,,1,7,,22335,19,,,1,7,,22342,19,,,1,7,,22350,19,,,1,6,,22355,19,,,1,7,,22362,19,,,1,7,,22370,19,,,1,7,,22378,19,,,1,47,,22383,19,,,1,7,,22388,19,,,1,7,,22254,19,,,1,6,,22263,19,,,1,7,,22266,19,,,1,7,,22273,19,,,1,7,,22281,19,,,1,7,,22290,19,,,1,47,,22298,19,,,1,8,,22306,19,,,1,7,,22314,19,,,1,7,,22320,19,,,1,8,,22324,19,,,1,7,,22336,19,,,1,7,,22343,19,,,1,8,,22351,19,,,1,7,,22356,19,,,1,47,,22363,19,,,1,8,,22371,19,,,1,8,,22384,19,,,1,8,,22389,19,,,1,7,,22255,19,,,1,8,,22264,19,,,1,8,,22267,19,,,1,48,,22274,19,,,1,8,,22282,19,,,1,7,,22291,19,,,1,8,,22299,19,,,1,8,,22307,19,,,1,8,,22321,19,,,1,8,,22325,19,,,1,8,,22337,19,,,1,48,,22344,19,,,1,8,,22352,19,,,1,8,,22357,19,,,1,8,,22364,19,,,1,8,,22372,19,,,1,9,,22385,19,,,1,8,,22390,19,,,1,49,,22256,19,,,1,9,,22268,19,,,1,8,,22275,19,,,1,9,,22283,19,,,1,9,,22292,19,,,1,10,,22300,19,,,1,10,,22308,19,,,1,50,,22322,19,,,1,10,,22326,19,,,1,10,,22338,19,,,1,10,,22345,19,,,1,10,,22353,19,,,1,10,,22365,19,,,1,50,,22373,19,,,1,10,,22386,19,,,1,10,,22391,19,,,1,10,,22257,19,,,1,10,,22269,19,,,1,12,,22284,19,,,1
200,'GLOBAUX-01-S',555,,22463,19,,,1,46,,22473,19,,,1,6,,22483,19,,,1,6,,22498,19,,,1,6,,22509,19,,,1,6,,22518,19,,,1,6,,22532,19,,,1,6,,22534,19,,,1,6,,22554,19,,,1,5,,22571,19,,,1,5,,22573,19,,,1,5,,22580,19,,,1,45,,22582,19,,,1,4,,22594,19,,,1,4,,22600,19,,,1,4,,22606,19,,,1,4,,22607,19,,,1,3,,22613,19,,,1,4,,22622,19,,,1,3,,22392,19,,,1,4,,22393,19,,,1,3,,22403,19,,,1,3,,22411,19,,,1,4,,22412,19,,,1,3,,22421,19,,,1,4,,22423,19,,,1,3,,22428,19,,,1,4,,22436,19,,,1,43,,22444,19,,,1,3,,22456,19,,,1,4,,22461,19,,,1,3,,22462,19,,,1,3,,22464,19,,,1,3,,22474,19,,,1,4,,22484,19,,,1,3,,22492,19,,,1,3,,22494,19,,,1,4,,22499,19,,,1,3,,22504,19,,,1,3,,22510,19,,,1,3,,22515,19,,,1,4,,22519,19,,,1,3,,22527,19,,,1,3,,22533,19,,,1,3,,22535,19,,,1,4,,22540,19,,,1,3,,22555,19,,,1,43,,22564,19,,,1,3,,22572,19,,,1,4,,22574,19,,,1,4,,22575,19,,,1,3,,22583,19,,,1,4,,22590,19,,,1,4,,22595,19,,,1,3,,22601,19,,,1,4,,22608,19,,,1,4,,22614,19,,,1,4,,22623,19,,,1,3,,22630,19,,,1,4,,22394,19,,,1,4,,22404,19,,,1,4,,22413,19,,,1,4,,22420,19,,,1,44,,22424,19,,,1,5,,22437,19,,,1,5,,22445,19,,,1,5,,22457,19,,,1,6,,22465,19,,,1,6,,22475,19,,,1,6,,22485,19,,,1,7,,22495,19,,,1,6,,22505,19,,,1,6,,22511,19,,,1,46,,22520,19,,,1,6,,22528,19,,,1,6,,22541,19,,,1,6,,22556,19,,,1,6,,22565,19,,,1,6,,22576,19,,,1,6,,22584,19,,,1,6,,22596,19,,,1,6,,22602,19,,,1,6,,22615,19,,,1,46,,22624,19,,,1,6,,22395,19,,,1,6,,22405,19,,,1,6,,22414,19,,,1,6,,22425,19,,,1,6,,22438,19,,,1,6,,22446,19,,,1,6,,22458,19,,,1,6,,22466,19,,,1,6,,22476,19,,,1,46,,22486,19,,,1,6,,22496,19,,,1,6,,22506,19,,,1,6,,22512,19,,,1,6,,22521,19,,,1,6,,22529,19,,,1,6,,22542,19,,,1,6,,22557,19,,,1,6,,22566,19,,,1,6,,22577,19,,,1,46,,22585,19,,,1,6,,22597,19,,,1,6,,22603,19,,,1,6,,22616,19,,,1,6,,22625,19,,,1,6,,22396,19,,,1,6,,22406,19,,,1,6,,22415,19,,,1,6,,22426,19,,,1,6,,22439,19,,,1,46,,22447,19,,,1,6,,22459,19,,,1,6,,22467,19,,,1,6,,22477,19,,,1,5,,22487,19,,,1,4,,22497,19,,,1,5,,22500,19,,,1,4,,22507,19,,,1,5,,22513,19,,,1,4,,22516,19,,,1,4,,22522,19,,,1,4,,22530,19,,,1,4,,22536,19,,,1,43,,22543,19,,,1,3,,22547,19,,,1,3,,22558,19,,,1,3,,22562,19,,,1,3,,22567,19,,,1,3,,22578,19,,,1,3,,22581,19,,,1,3,,22586,19,,,1,3,,22591,19,,,1,3,,22598,19,,,1,3,,22604,19,,,1,3,,22609,19,,,1,3,,22617,19,,,1,3,,22618,19,,,1,3,,22626,19,,,1,3,,22397,19,,,1,2,,22398,19,,,1,3,,22399,19,,,1,3,,22400,19,,,1,3,,22407,19,,,1,3,,22416,19,,,1,43,,22422,19,,,1,3,,22427,19,0,5,1,3,,22429,19,,,1,3,,22433,19,,,1,3,,22440,19,,,1,3,,22448,19,0,5,1,3,,22449,19,,,1,3,,22453,19,,,1,2,,22460,19,,,1,3,,22468,19,0,5,1,3,,22469,19,,,1,3,,22478,19,,,1,3,,22482,19,0,5,1,3,,22488,19,,,1,3,,22493,19,0,5,1,3,,22501,19,,,1,3,,22508,19,,,1,3,,22514,19,,,1,4,,22517,19,,,1,3,,22523,19,,,1,43,,22531,19,,,1,4,,22537,19,,,1,3,,22544,19,,,1,3,,22548,19,,,1,4,,22551,19,,,1,4,,22559,19,,,1,4,,22563,19,,,1,4,,22568,19,,,1,4,,22579,19,,,1,4,,22587,19,,,1,4,,22592,19,,,1,3,,22599,19,,,1,4,,22605,19,,,1,4,,22610,19,,,1,5,,22619,19,,,1,44,,22627,19,,,1,5,,22401,19,,,1,5,,22408,19,,,1,5,,22417,19,,,1,5,,22430,19,,,1,6,,22434,19,,,1,6,,22441,19,,,1,6,,22450,19,,,1,6,,22454,19,,,1,6,,22470,19,,,1,6,,22479,19,,,1,46,,22489,19,,,1,6,,22502,19,,,1,6,,22524,19,,,1,6,,22538,19,,,1,6,,22545,19,,,1,6,,22549,19,,,1,6,,22552,19,,,1,6,,22560,19,,,1,6,,22569,19,,,1,6,,22588,19,,,1,46,,22593,19,,,1,6,,22611,19,,,1,6,,22620,19,,,1,6,,22628,19,,,1,6,,22402,19,,,1,6,,22409,19,,,1,6,,22418,19,,,1,6,,22431,19,,,1,6,,22435,19,,,1,6,,22442,19,,,1,46,,22451,19,,,1,6,,22455,19,,,1,6,,22471,19,,,1,6,,22480,19,,,1,6,,22490,19,,,1,6,,22503,19,,,1,6,,22525,19,,,1,6,,22539,19,,,1,6,,22546,19,,,1,6,,22550,19,,,1,46,,22553,19,,,1,7,,22561,19,,,1,7,,22570,19,,,1,7,,22589,19,,,1,8,,22612,19,,,1,7,,22621,19,,,1,7,,22629,19,,,1,7,,22410,19,,,1,48,,22419,19,,,1,8,,22432,19,,,1,8,,22443,19,,,1,8,,22452,19,,,1,7,,22472,19,,,1,8,,22481,19,,,1,8,,22491,19,,,1,12,,22526,19,,,1
201,'GLOBAUX-01-A',544,,22741,13,,,1,9,,22748,13,,,1,50,,22757,13,,,1,9,,22769,13,,,1,10,,22778,13,,,1,10,,22631,13,,,1,9,,22645,13,,,1,10,,22658,13,,,1,50,,22666,13,,,1,9,,22669,13,,,1,10,,22688,13,,,1,10,,22696,13,,,1,9,,22704,13,,,1,10,,22712,13,,,1,9,,22719,13,,,1,49,,22727,13,,,1,9,,22733,13,,,1,9,,22749,13,,,1,9,,22758,13,,,1,8,,22770,13,,,1,9,,22779,13,,,1,49,,22632,13,,,1,9,,22646,13,,,1,8,,22659,13,,,1,9,,22667,13,,,1,9,,22670,13,,,1,8,,22677,13,,,1,9,,22689,13,,,1,49,,22697,13,,,1,8,,22705,13,,,1,9,,22713,13,,,1,9,,22720,13,,,1,9,,22728,13,,,1,8,,22734,13,,,1,8,,22750,13,,,1,48,,22759,13,,,1,7,,22771,13,,,1,8,,22780,13,,,1,8,,22633,13,,,1,7,,22640,13,,,1,8,,22647,13,,,1,7,,22660,13,,,1,7,,22668,13,,,1,7,,22671,13,,,1,47,,22678,13,,,1,7,,22682,13,,,1,7,,22690,13,,,1,7,,22698,13,,,1,7,,22706,13,,,1,6,,22714,13,,,1,7,,22721,13,,,1,7,,22729,13,,,1,46,,22735,13,,,1,6,,22742,13,,,1,7,,22751,13,,,1,6,,22760,13,,,1,7,,22763,13,,,1,6,,22772,13,,,1,6,,22781,13,,,1,7,,22634,13,,,1,6,,22641,13,,,1,7,,22648,13,,,1,46,,22653,13,,,1,7,,22661,13,,,1,6,,22672,13,,,1,6,,22679,13,,,1,7,,22683,13,,,1,6,,22691,13,,,1,7,,22699,13,,,1,6,,22707,13,,,1,6,,22715,13,,,1,47,,22722,13,,,1,6,,22730,13,,,1,7,,22736,13,,,1,6,,22743,13,,,1,6,,22752,13,,,1,7,,22761,13,,,1,6,,22764,13,,,1,7,,22773,13,,,1,6,,22782,13,,,1,47,,22635,13,,,1,6,,22642,13,,,1,6,,22649,13,,,1,7,,22654,13,,,1,6,,22662,13,,,1,7,,22673,13,,,1,6,,22680,13,,,1,6,,22684,13,,,1,7,,22692,13,,,1,6,,22700,13,,,1,47,,22708,13,,,1,6,,22716,13,,,1,7,,22723,13,,,1,6,,22731,13,,,1,6,,22737,13,,,1,7,,22744,13,,,1,6,,22753,13,,,1,7,,22762,13,,,1,6,,22765,13,,,1,46,,22774,13,,,1,7,,22783,13,,,1,6,,22636,13,,,1,7,,22643,13,,,1,6,,22650,13,,,1,7,,22655,13,,,1,6,,22663,13,,,1,6,,22674,13,,,1,7,,22681,13,,,1,47,,22685,13,,,1,7,,22693,13,,,1,8,,22701,13,,,1,7,,22709,13,,,1,7,,22717,13,,,1,7,,22724,13,,,1,8,,22732,13,,,1,7,,22738,13,,,1,8,,22745,13,,,1,47,,22754,13,,,1,8,,22766,13,,,1,7,,22775,13,,,1,8,,22637,13,,,1,8,,22644,13,,,1,8,,22651,13,,,1,7,,22656,13,,,1,48,,22664,13,,,1,8,,22675,13,,,1,8,,22686,13,,,1,8,,22694,13,,,1,9,,22702,13,,,1,8,,22710,13,,,1,9,,22718,13,,,1,9,,22725,13,,,1,49,,22739,13,,,1,10,,22746,13,,,1,9,,22755,13,,,1,10,,22767,13,,,1,9,,22776,13,,,1,10,,22638,13,,,1,49,,22652,13,,,1,10,,22657,13,,,1,9,,22665,13,,,1,10,,22676,13,,,1,10,,22687,13,,,1,9,,22695,13,,,1,50,,22703,13,,,1,10,,22711,13,,,1,10,,22726,13,,,1,10,,22740,13,,,1,10,,22747,13,,,1,10,,22756,13,,,1,50,,22768,13,,,1,10,,22777,13,,,1,10,,22639,13,,,1
201,'GLOBAUX-01-F1',543,,22877,13,,,1,10,,22890,13,,,1,49,,22898,13,,,1,10,,22906,13,,,1,9,,22911,13,,,1,9,,22784,13,,,1,10,,22792,13,,,1,9,,22809,13,,,1,9,,22817,13,,,1,50,,22825,13,,,1,9,,22833,13,,,1,9,,22841,13,,,1,10,,22846,13,,,1,9,,22859,13,,,1,9,,22862,13,,,1,50,,22878,13,,,1,9,,22891,13,,,1,9,,22899,13,,,1,10,,22907,13,,,1,9,,22912,13,,,1,9,,22785,13,,,1,9,,22793,13,,,1,49,,22803,13,,,1,9,,22810,13,,,1,9,,22818,13,,,1,8,,22826,13,,,1,9,,22834,13,,,1,9,,22842,13,,,1,48,,22847,13,,,1,9,,22860,13,,,1,8,,22863,13,,,1,9,,22870,13,,,1,9,,22879,13,,,1,8,,22892,13,,,1,9,,22900,13,,,1,48,,22908,13,,,1,9,,22913,13,,,1,9,,22786,13,,,1,8,,22794,13,,,1,9,,22804,13,,,1,9,,22811,13,,,1,8,,22819,13,,,1,49,,22827,13,,,1,8,,22835,13,,,1,8,,22843,13,,,1,8,,22848,13,,,1,8,,22861,13,,,1,8,,22864,13,,,1,8,,22871,13,,,1,8,,22880,13,,,1,47,,22886,13,,,1,7,,22893,13,,,1,6,,22901,13,,,1,7,,22909,13,,,1,7,,22914,13,,,1,7,,22919,13,,,1,7,,22787,13,,,1,7,,22795,13,,,1,6,,22798,13,,,1,47,,22805,13,,,1,7,,22812,13,,,1,7,,22820,13,,,1,7,,22828,13,,,1,7,,22836,13,,,1,7,,22844,13,,,1,6,,22849,13,,,1,7,,22854,13,,,1,47,,22865,13,,,1,7,,22872,13,,,1,7,,22881,13,,,1,7,,22887,13,,,1,6,,22894,13,,,1,7,,22902,13,,,1,7,,22910,13,,,1,7,,22915,13,,,1,7,,22920,13,,,1,47,,22788,13,,,1,6,,22796,13,,,1,7,,22799,13,,,1,7,,22806,13,,,1,8,,22813,13,,,1,7,,22821,13,,,1,7,,22829,13,,,1,8,,22837,13,,,1,7,,22845,13,,,1,47,,22850,13,,,1,8,,22855,13,,,1,7,,22866,13,,,1,7,,22873,13,,,1,8,,22882,13,,,1,7,,22888,13,,,1,7,,22895,13,,,1,8,,22903,13,,,1,47,,22916,13,,,1,8,,22921,13,,,1,8,,22789,13,,,1,8,,22797,13,,,1,8,,22800,13,,,1,7,,22807,13,,,1,8,,22814,13,,,1,48,,22822,13,,,1,8,,22830,13,,,1,8,,22838,13,,,1,7,,22851,13,,,1,8,,22856,13,,,1,8,,22867,13,,,1,8,,22874,13,,,1,8,,22883,13,,,1,48,,22889,13,,,1,8,,22896,13,,,1,8,,22904,13,,,1,9,,22917,13,,,1,8,,22922,13,,,1,9,,22790,13,,,1,8,,22801,13,,,1,49,,22808,13,,,1,8,,22815,13,,,1,9,,22823,13,,,1,9,,22831,13,,,1,8,,22839,13,,,1,9,,22852,13,,,1,9,,22857,13,,,1,49,,22868,13,,,1,10,,22875,13,,,1,10,,22884,13,,,1,10,,22897,13,,,1,10,,22905,13,,,1,10,,22918,13,,,1,50,,22923,13,,,1,10,,22791,13,,,1,10,,22802,13,,,1,10,,22816,13,,,1,10,,22824,13,,,1,10,,22832,13,,,1,50,,22840,13,,,1,10,,22853,13,,,1,10,,22858,13,,,1,10,,22869,13,,,1,10,,22876,13,,,1,10,,22885,13,,,1
201,'GLOBAUX-01-F2',543,,23017,13,,,1,10,,23030,13,,,1,49,,23038,13,,,1,10,,23046,13,,,1,9,,23051,13,,,1,9,,22924,13,,,1,10,,22932,13,,,1,9,,22949,13,,,1,9,,22957,13,,,1,50,,22965,13,,,1,9,,22973,13,,,1,9,,22981,13,,,1,10,,22986,13,,,1,9,,22999,13,,,1,9,,23002,13,,,1,50,,23018,13,,,1,9,,23031,13,,,1,9,,23039,13,,,1,10,,23047,13,,,1,9,,23052,13,,,1,9,,22925,13,,,1,9,,22933,13,,,1,49,,22943,13,,,1,9,,22950,13,,,1,9,,22958,13,,,1,8,,22966,13,,,1,9,,22974,13,,,1,9,,22982,13,,,1,48,,22987,13,,,1,9,,23000,13,,,1,8,,23003,13,,,1,9,,23010,13,,,1,9,,23019,13,,,1,8,,23032,13,,,1,9,,23040,13,,,1,48,,23048,13,,,1,9,,23053,13,,,1,9,,22926,13,,,1,8,,22934,13,,,1,9,,22944,13,,,1,9,,22951,13,,,1,8,,22959,13,,,1,49,,22967,13,,,1,8,,22975,13,,,1,8,,22983,13,,,1,8,,22988,13,,,1,8,,23001,13,,,1,8,,23004,13,,,1,8,,23011,13,,,1,8,,23020,13,,,1,47,,23026,13,,,1,7,,23033,13,,,1,6,,23041,13,,,1,7,,23049,13,,,1,7,,23054,13,,,1,7,,23059,13,,,1,7,,22927,13,,,1,7,,22935,13,,,1,6,,22938,13,,,1,47,,22945,13,,,1,7,,22952,13,,,1,7,,22960,13,,,1,7,,22968,13,,,1,7,,22976,13,,,1,7,,22984,13,,,1,6,,22989,13,,,1,7,,22994,13,,,1,47,,23005,13,,,1,7,,23012,13,,,1,7,,23021,13,,,1,7,,23027,13,,,1,6,,23034,13,,,1,7,,23042,13,,,1,7,,23050,13,,,1,7,,23055,13,,,1,7,,23060,13,,,1,47,,22928,13,,,1,6,,22936,13,,,1,7,,22939,13,,,1,7,,22946,13,,,1,8,,22953,13,,,1,7,,22961,13,,,1,7,,22969,13,,,1,8,,22977,13,,,1,7,,22985,13,,,1,47,,22990,13,,,1,8,,22995,13,,,1,7,,23006,13,,,1,7,,23013,13,,,1,8,,23022,13,,,1,7,,23028,13,,,1,7,,23035,13,,,1,8,,23043,13,,,1,47,,23056,13,,,1,8,,23061,13,,,1,8,,22929,13,,,1,8,,22937,13,,,1,8,,22940,13,,,1,7,,22947,13,,,1,8,,22954,13,,,1,48,,22962,13,,,1,8,,22970,13,,,1,8,,22978,13,,,1,7,,22991,13,,,1,8,,22996,13,,,1,8,,23007,13,,,1,8,,23014,13,,,1,8,,23023,13,,,1,48,,23029,13,,,1,8,,23036,13,,,1,8,,23044,13,,,1,9,,23057,13,,,1,8,,23062,13,,,1,9,,22930,13,,,1,8,,22941,13,,,1,49,,22948,13,,,1,8,,22955,13,,,1,9,,22963,13,,,1,9,,22971,13,,,1,8,,22979,13,,,1,9,,22992,13,,,1,9,,22997,13,,,1,49,,23008,13,,,1,10,,23015,13,,,1,10,,23024,13,,,1,10,,23037,13,,,1,10,,23045,13,,,1,10,,23058,13,,,1,50,,23063,13,,,1,10,,22931,13,,,1,10,,22942,13,,,1,10,,22956,13,,,1,10,,22964,13,,,1,10,,22972,13,,,1,50,,22980,13,,,1,10,,22993,13,,,1,10,,22998,13,,,1,10,,23009,13,,,1,10,,23016,13,,,1,10,,23025,13,,,1
201,'GLOBAUX-01-I',543,,23157,13,,,1,10,,23170,13,,,1,49,,23178,13,,,1,10,,23186,13,,,1,9,,23191,13,,,1,9,,23064,13,,,1,10,,23072,13,,,1,9,,23089,13,,,1,9,,23097,13,,,1,50,,23105,13,,,1,9,,23113,13,,,1,9,,23121,13,,,1,10,,23126,13,,,1,9,,23139,13,,,1,9,,23142,13,,,1,50,,23158,13,,,1,9,,23171,13,,,1,9,,23179,13,,,1,10,,23187,13,,,1,9,,23192,13,,,1,9,,23065,13,,,1,9,,23073,13,,,1,49,,23083,13,,,1,9,,23090,13,,,1,9,,23098,13,,,1,8,,23106,13,,,1,9,,23114,13,,,1,9,,23122,13,,,1,48,,23127,13,,,1,9,,23140,13,,,1,8,,23143,13,,,1,9,,23150,13,,,1,9,,23159,13,,,1,8,,23172,13,,,1,9,,23180,13,,,1,48,,23188,13,,,1,9,,23193,13,,,1,9,,23066,13,,,1,8,,23074,13,,,1,9,,23084,13,,,1,9,,23091,13,,,1,8,,23099,13,,,1,49,,23107,13,,,1,8,,23115,13,,,1,8,,23123,13,,,1,8,,23128,13,,,1,8,,23141,13,,,1,8,,23144,13,,,1,8,,23151,13,,,1,8,,23160,13,,,1,47,,23166,13,,,1,7,,23173,13,,,1,6,,23181,13,,,1,7,,23189,13,,,1,7,,23194,13,,,1,7,,23199,13,,,1,7,,23067,13,,,1,7,,23075,13,,,1,6,,23078,13,,,1,47,,23085,13,,,1,7,,23092,13,,,1,7,,23100,13,,,1,7,,23108,13,,,1,7,,23116,13,,,1,7,,23124,13,,,1,6,,23129,13,,,1,7,,23134,13,,,1,47,,23145,13,,,1,7,,23152,13,,,1,7,,23161,13,,,1,7,,23167,13,,,1,6,,23174,13,,,1,7,,23182,13,,,1,7,,23190,13,,,1,7,,23195,13,,,1,7,,23200,13,,,1,47,,23068,13,,,1,6,,23076,13,,,1,7,,23079,13,,,1,7,,23086,13,,,1,8,,23093,13,,,1,7,,23101,13,,,1,7,,23109,13,,,1,8,,23117,13,,,1,7,,23125,13,,,1,47,,23130,13,,,1,8,,23135,13,,,1,7,,23146,13,,,1,7,,23153,13,,,1,8,,23162,13,,,1,7,,23168,13,,,1,7,,23175,13,,,1,8,,23183,13,,,1,47,,23196,13,,,1,8,,23201,13,,,1,8,,23069,13,,,1,8,,23077,13,,,1,8,,23080,13,,,1,7,,23087,13,,,1,8,,23094,13,,,1,48,,23102,13,,,1,8,,23110,13,,,1,8,,23118,13,,,1,7,,23131,13,,,1,8,,23136,13,,,1,8,,23147,13,,,1,8,,23154,13,,,1,8,,23163,13,,,1,48,,23169,13,,,1,8,,23176,13,,,1,8,,23184,13,,,1,9,,23197,13,,,1,8,,23202,13,,,1,9,,23070,13,,,1,8,,23081,13,,,1,49,,23088,13,,,1,8,,23095,13,,,1,9,,23103,13,,,1,9,,23111,13,,,1,8,,23119,13,,,1,9,,23132,13,,,1,9,,23137,13,,,1,49,,23148,13,,,1,10,,23155,13,,,1,10,,23164,13,,,1,10,,23177,13,,,1,10,,23185,13,,,1,10,,23198,13,,,1,50,,23203,13,,,1,10,,23071,13,,,1,10,,23082,13,,,1,10,,23096,13,,,1,10,,23104,13,,,1,10,,23112,13,,,1,50,,23120,13,,,1,10,,23133,13,,,1,10,,23138,13,,,1,10,,23149,13,,,1,10,,23156,13,,,1,10,,23165,13,,,1
201,'GLOBAUX-01-S',543,,23391,13,,,1,6,,23405,13,,,1,6,,23411,13,,,1,46,,23418,13,,,1,6,,23424,13,,,1,6,,23204,13,,,1,6,,23206,13,,,1,6,,23224,13,,,1,6,,23226,13,,,1,5,,23238,13,,,1,5,,23243,13,,,1,5,,23251,13,,,1,5,,23276,13,,,1,4,,23277,13,,,1,4,,23279,13,,,1,44,,23288,13,,,1,4,,23297,13,,,1,4,,23305,13,,,1,4,,23308,13,,,1,3,,23313,13,,,1,4,,23322,13,,,1,3,,23327,13,,,1,3,,23331,13,,,1,3,,23339,13,,,1,3,,23344,13,,,1,3,,23346,13,,,1,3,,23351,13,,,1,3,,23366,13,,,1,3,,23375,10,,,1,3,,23383,13,,,1,3,,23384,13,,,1,3,,23385,10,,,1,3,,23390,13,,,1,43,,23392,13,,,1,2,,23394,13,,,1,4,,23401,10,,,1,2,,23406,13,,,1,3,,23412,13,,,1,3,,23417,13,,,1,3,,23419,13,,,1,3,,23425,13,,,1,3,,23434,13,,,1,3,,23442,10,,,1,3,,23205,13,,,1,3,,23207,13,,,1,3,,23216,13,,,1,3,,23225,13,,,1,2,,23227,13,,,1,3,,23234,10,,,1,3,,23235,13,,,1,3,,23239,13,,,1,3,,23244,13,,,1,3,,23252,13,,,1,3,,23259,13,,,1,43,,23260,13,,,1,3,,23271,13,,,1,3,,23278,13,,,1,3,,23280,13,,,1,3,,23289,13,,,1,4,,23298,13,,,1,3,,23306,13,,,1,4,,23309,13,,,1,4,,23314,13,,,1,3,,23318,13,,,1,4,,23323,13,,,1,4,,23328,13,,,1,4,,23332,13,,,1,3,,23340,13,,,1,5,,23345,13,,,1,5,,23352,13,,,1,45,,23367,13,,,1,5,,23376,13,,,1,5,,23386,13,,,1,5,,23395,13,,,1,6,,23407,13,,,1,6,,23413,13,,,1,6,,23426,13,,,1,6,,23435,13,,,1,6,,23208,13,,,1,6,,23217,13,,,1,6,,23228,13,,,1,46,,23240,13,,,1,6,,23253,13,,,1,6,,23261,13,,,1,6,,23272,13,,,1,6,,23281,13,,,1,6,,23290,13,,,1,6,,23299,13,,,1,6,,23310,13,,,1,6,,23319,13,,,1,6,,23324,13,,,1,46,,23333,13,,,1,6,,23341,13,,,1,6,,23353,13,,,1,6,,23368,13,,,1,6,,23377,13,,,1,6,,23387,13,,,1,6,,23396,13,,,1,6,,23408,13,,,1,6,,23414,13,,,1,6,,23427,13,,,1,46,,23436,13,,,1,6,,23209,13,,,1,6,,23218,13,,,1,6,,23229,13,,,1,6,,23241,13,,,1,6,,23254,13,,,1,6,,23262,13,,,1,6,,23273,13,,,1,6,,23282,13,,,1,6,,23291,13,,,1,46,,23300,13,,,1,6,,23311,13,,,1,6,,23320,13,,,1,6,,23325,13,,,1,6,,23334,13,,,1,6,,23342,13,,,1,6,,23354,13,,,1,6,,23369,13,,,1,6,,23378,13,,,1,6,,23388,13,,,1,46,,23397,13,,,1,6,,23409,13,,,1,5,,23415,13,,,1,5,,23428,13,,,1,5,,23437,13,,,1,5,,23210,13,,,1,5,,23212,13,,,1,5,,23219,13,,,1,4,,23230,13,,,1,4,,23236,13,,,1,3,,23242,13,,,1,4,,23248,13,,,1,3,,23255,13,,,1,43,,23263,13,,,1,4,,23267,13,,,1,3,,23274,13,,,1,3,,23283,13,,,1,3,,23284,13,,,1,4,,23292,13,,,1,3,,23296,13,,,1,3,,23301,13,,,1,3,,23307,13,,,1,4,,23312,13,,,1,3,,23315,13,,,1,3,,23321,13,,,1,3,,23326,13,,,1,3,,23329,13,,,1,4,,23335,13,,,1,3,,23343,13,,,1,3,,23347,13,,,1,3,,23355,13,,,1,43,,23358,13,,,1,3,,23362,13,,,1,4,,23370,13,,,1,3,,23374,13,,,1,3,,23379,13,,,1,3,,23389,13,,,1,3,,23393,13,,,1,4,,23398,13,,,1,3,,23402,13,,,1,3,,23410,13,,,1,3,,23416,13,,,1,3,,23420,13,,,1,4,,23429,13,,,1,3,,23430,13,,,1,3,,23438,13,,,1,4,,23211,13,,,1,4,,23213,13,,,1,4,,23220,13,,,1,44,,23231,13,,,1,3,,23237,13,,,1,4,,23245,13,,,1,4,,23249,13,,,1,5,,23256,13,,,1,4,,23264,13,,,1,5,,23268,13,,,1,5,,23275,13,,,1,4,,23285,13,,,1,5,,23293,13,,,1,5,,23302,13,,,1,4,,23316,13,,,1,5,,23330,13,,,1,5,,23336,13,,,1,45,,23348,13,,,1,5,,23356,13,,,1,5,,23359,13,,,1,6,,23363,13,,,1,6,,23371,13,,,1,6,,23380,13,,,1,6,,23399,13,,,1,6,,23403,13,,,1,6,,23421,13,,,1,6,,23431,13,,,1,46,,23439,13,,,1,6,,23214,13,,,1,6,,23221,13,,,1,6,,23232,13,,,1,6,,23246,13,,,1,6,,23250,13,,,1,6,,23257,13,,,1,6,,23265,13,,,1,6,,23269,13,,,1,6,,23286,13,,,1,46,,23294,13,,,1,6,,23303,13,,,1,6,,23317,13,,,1,6,,23337,13,,,1,6,,23349,13,,,1,6,,23357,13,,,1,6,,23360,13,,,1,6,,23364,13,,,1,6,,23372,13,,,1,6,,23381,13,,,1,46,,23400,13,,,1,6,,23404,13,,,1,6,,23422,13,,,1,6,,23432,13,,,1,6,,23440,13,,,1,6,,23215,13,,,1,6,,23222,13,,,1,6,,23233,13,,,1,7,,23247,13,,,1,7,,23258,13,,,1,47,,23266,13,,,1,7,,23270,13,,,1,7,,23287,13,,,1,6,,23295,13,,,1,7,,23304,13,,,1,8,,23338,13,,,1,8,,23350,13,,,1,8,,23361,13,,,1,48,,23365,13,,,1,8,,23373,13,,,1,8,,23382,13,,,1,8,,23423,13,,,1,8,,23433,13,,,1,8,,23441,13,,,1,8,,23223,13,,,1
