500,'GLOBAUX-01-A',532,,24707,3,,,1,10,,24725,3,,,1,10,,24743,3,,,1,50,,24760,3,,,1,10,,24777,3,,,1,10,,24805,3,,,1,10,,24822,3,,,1,10,,24708,3,,,1,10,,24726,3,,,1,50,,24744,3,,,1,10,,24761,3,,,1,11,,24778,3,,,1,10,,24806,3,,,1,10,,24823,3,,,1,10,,24709,3,,,1,50,,24727,3,,,1,10,,24745,3,,,1,10,,24762,3,,,1,10,,24779,3,,,1,10,,24807,3,,,1,10,,24824,3,,,1,50,,24710,3,,,1,10,,24728,3,,,1,10,,24746,3,,,1,10,,24763,3,,,1,8,,24780,3,,,1,9,,24794,3,,,1,8,,24808,3,,,1,49,,24825,3,,,1,8,,24711,3,,,1,9,,24729,3,,,1,8,,24747,3,,,1,9,,24764,3,,,1,8,,24781,3,,,1,9,,24795,3,,,1,48,,24809,3,,,1,9,,24826,3,,,1,8,,24712,3,,,1,9,,24730,3,,,1,8,,24748,3,,,1,9,,24765,3,,,1,8,,24782,3,,,1,49,,24796,3,,,1,8,,24810,3,,,1,9,,24827,3,,,1,8,,24713,3,,,1,9,,24731,3,,,1,8,,24749,3,,,1,9,,24766,3,,,1,48,,24783,3,,,1,9,,24797,3,,,1,8,,24811,3,,,1,9,,24828,3,,,1,8,,24714,3,,,1,9,,24732,3,,,1,8,,24750,3,,,1,49,,24767,3,,,1,8,,24784,3,,,1,9,,24798,3,,,1,8,,24812,3,,,1,9,,24829,3,,,1,8,,24715,3,,,1,9,,24733,3,,,1,48,,24751,3,,,1,9,,24768,3,,,1,8,,24785,3,,,1,9,,24799,3,,,1,8,,24813,3,,,1,9,,24830,3,,,1,8,,24716,3,,,1,49,,24734,3,,,1,8,,24752,3,,,1,9,,24769,3,,,1,8,,24786,3,,,1,9,,24800,3,,,1,8,,24814,3,,,1,9,,24831,3,,,1,48,,24717,3,,,1,9,,24735,3,,,1,8,,24753,3,,,1,9,,24770,3,,,1,8,,24787,3,,,1,9,,24801,3,,,1,8,,24815,3,,,1,49,,24832,3,,,1,8,,24718,3,,,1,9,,24736,3,,,1,8,,24754,3,,,1,9,,24771,3,,,1,8,,24788,3,,,1,9,,24802,3,,,1,48,,24816,3,,,1,9,,24833,3,,,1,8,,24719,3,,,1,9,,24737,3,,,1,8,,24755,3,,,1,9,,24772,3,,,1,8,,24789,3,,,1,49,,24803,3,,,1,8,,24817,3,,,1,9,,24834,3,,,1,8,,24720,3,,,1,9,,24738,3,,,1,8,,24756,3,,,1,9,,24773,3,,,1,48,,24790,3,,,1,9,,24804,3,,,1,8,,24818,3,,,1,10,,24835,3,,,1,10,,24721,3,,,1,10,,24739,3,,,1,10,,24757,3,,,1,50,,24774,3,,,1,9,,24791,3,,,1,10,,24819,3,,,1,10,,24836,3,,,1,10,,24722,3,,,1,10,,24740,3,,,1,50,,24758,3,,,1,10,,24775,3,,,1,10,,24792,3,,,1,10,,24820,3,,,1,10,,24837,3,,,1,10,,24723,3,,,1,50,,24741,3,,,1,10,,24759,3,,,1,10,,24776,3,,,1,10,,24793,3,,,1,10,,24821,3,,,1,10,,24838,3,,,1,50,,24724,3,,,1,10,,24742,3,,,1
500,'GLOBAUX-01-F1',532,,24839,3,,,1,10,,24856,3,,,1,10,,24873,3,,,1,50,,24890,3,,,1,10,,24907,3,,,1,10,,24938,3,,,1,10,,24951,3,,,1,10,,24840,3,,,1,10,,24857,3,,,1,50,,24874,3,,,1,10,,24891,3,,,1,10,,24908,3,,,1,10,,24939,3,,,1,10,,24952,3,,,1,10,,24841,3,,,1,51,,24858,3,,,1,10,,24875,3,,,1,10,,24892,3,,,1,10,,24909,3,,,1,10,,24940,3,,,1,10,,24953,3,,,1,50,,24842,3,,,1,10,,24859,3,,,1,10,,24876,3,,,1,10,,24893,3,,,1,8,,24910,3,,,1,9,,24924,3,,,1,8,,24941,3,,,1,49,,24954,3,,,1,8,,24843,3,,,1,9,,24860,3,,,1,8,,24877,3,,,1,9,,24894,3,,,1,8,,24911,3,,,1,9,,24925,3,,,1,48,,24942,3,,,1,9,,24955,3,,,1,8,,24844,3,,,1,9,,24861,3,,,1,8,,24878,3,,,1,9,,24895,3,,,1,8,,24912,3,,,1,49,,24926,3,,,1,8,,24943,3,,,1,9,,24956,3,,,1,8,,24845,3,,,1,9,,24862,3,,,1,8,,24879,3,,,1,9,,24896,3,,,1,48,,24913,3,,,1,9,,24927,3,,,1,8,,24944,3,,,1,9,,24957,3,,,1,8,,24846,3,,,1,9,,24863,3,,,1,8,,24880,3,,,1,49,,24897,3,,,1,8,,24914,3,,,1,9,,24928,3,,,1,8,,24945,3,,,1,9,,24958,3,,,1,8,,24847,3,,,1,9,,24864,3,,,1,48,,24881,3,,,1,9,,24898,3,,,1,8,,24915,3,,,1,9,,24929,3,,,1,8,,24946,3,,,1,9,,24959,3,,,1,8,,24848,3,,,1,49,,24865,3,,,1,8,,24882,3,,,1,9,,24899,3,,,1,8,,24916,3,,,1,9,,24930,3,,,1,8,,24947,3,,,1,9,,24960,3,,,1,48,,24849,3,,,1,9,,24866,3,,,1,8,,24883,3,,,1,9,,24900,3,,,1,8,,24917,3,,,1,9,,24931,3,,,1,8,,24948,3,,,1,49,,24961,3,,,1,8,,24850,3,,,1,9,,24867,3,,,1,8,,24884,3,,,1,9,,24901,3,,,1,8,,24918,3,,,1,9,,24932,3,,,1,48,,24949,3,,,1,9,,24962,3,,,1,8,,24851,3,,,1,9,,24868,3,,,1,8,,24885,3,,,1,9,,24902,3,,,1,8,,24919,3,,,1,49,,24933,3,,,1,8,,24950,3,,,1,9,,24963,3,,,1,9,,24852,3,,,1,10,,24869,3,,,1,10,,24886,3,,,1,10,,24903,3,,,1,50,,24920,3,,,1,10,,24934,3,,,1,10,,24964,3,,,1,10,,24853,3,,,1,10,,24870,3,,,1,10,,24887,3,,,1,50,,24904,3,,,1,9,,24921,3,,,1,10,,24935,3,,,1,10,,24965,3,,,1,10,,24854,3,,,1,10,,24871,3,,,1,50,,24888,3,,,1,10,,24905,3,,,1,10,,24922,3,,,1,10,,24936,3,,,1,10,,24966,3,,,1,10,,24855,3,,,1,50,,24872,3,,,1,10,,24889,3,,,1,10,,24906,3,,,1,10,,24923,3,,,1,10,,24937,3,,,1
500,'GLOBAUX-01-F2',532,,24967,3,,,1,10,,24984,3,,,1,10,,25001,3,,,1,50,,25018,3,,,1,10,,25035,3,,,1,10,,25066,3,,,1,10,,25079,3,,,1,10,,24968,3,,,1,10,,24985,3,,,1,50,,25002,3,,,1,10,,25019,3,,,1,10,,25036,3,,,1,10,,25067,3,,,1,10,,25080,3,,,1,10,,24969,3,,,1,51,,24986,3,,,1,10,,25003,3,,,1,10,,25020,3,,,1,10,,25037,3,,,1,10,,25068,3,,,1,10,,25081,3,,,1,50,,24970,3,,,1,10,,24987,3,,,1,10,,25004,3,,,1,10,,25021,3,,,1,8,,25038,3,,,1,9,,25052,3,,,1,8,,25069,3,,,1,49,,25082,3,,,1,8,,24971,3,,,1,9,,24988,3,,,1,8,,25005,3,,,1,9,,25022,3,,,1,8,,25039,3,,,1,9,,25053,3,,,1,48,,25070,3,,,1,9,,25083,3,,,1,8,,24972,3,,,1,9,,24989,3,,,1,8,,25006,3,,,1,9,,25023,3,,,1,8,,25040,3,,,1,49,,25054,3,,,1,8,,25071,3,,,1,9,,25084,3,,,1,8,,24973,3,,,1,9,,24990,3,,,1,8,,25007,3,,,1,9,,25024,3,,,1,48,,25041,3,,,1,9,,25055,3,,,1,8,,25072,3,,,1,9,,25085,3,,,1,8,,24974,3,,,1,9,,24991,3,,,1,8,,25008,3,,,1,49,,25025,3,,,1,8,,25042,3,,,1,9,,25056,3,,,1,8,,25073,3,,,1,9,,25086,3,,,1,8,,24975,3,,,1,9,,24992,3,,,1,48,,25009,3,,,1,9,,25026,3,,,1,8,,25043,3,,,1,9,,25057,3,,,1,8,,25074,3,,,1,9,,25087,3,,,1,8,,24976,3,,,1,49,,24993,3,,,1,8,,25010,3,,,1,9,,25027,3,,,1,8,,25044,3,,,1,9,,25058,3,,,1,8,,25075,3,,,1,9,,25088,3,,,1,48,,24977,3,,,1,9,,24994,3,,,1,8,,25011,3,,,1,9,,25028,3,,,1,8,,25045,3,,,1,9,,25059,3,,,1,8,,25076,3,,,1,49,,25089,3,,,1,8,,24978,3,,,1,9,,24995,3,,,1,8,,25012,3,,,1,9,,25029,3,,,1,8,,25046,3,,,1,9,,25060,3,,,1,48,,25077,3,,,1,9,,25090,3,,,1,8,,24979,3,,,1,9,,24996,3,,,1,8,,25013,3,,,1,9,,25030,3,,,1,8,,25047,3,,,1,49,,25061,3,,,1,8,,25078,3,,,1,9,,25091,3,,,1,9,,24980,3,,,1,10,,24997,3,,,1,10,,25014,3,,,1,10,,25031,3,,,1,50,,25048,3,,,1,10,,25062,3,,,1,10,,25092,3,,,1,10,,24981,3,,,1,10,,24998,3,,,1,10,,25015,3,,,1,50,,25032,3,,,1,9,,25049,3,,,1,10,,25063,3,,,1,10,,25093,3,,,1,10,,24982,3,,,1,10,,24999,3,,,1,50,,25016,3,,,1,10,,25033,3,,,1,10,,25050,3,,,1,10,,25064,3,,,1,10,,25094,3,,,1,10,,24983,3,,,1,50,,25000,3,,,1,10,,25017,3,,,1,10,,25034,3,,,1,10,,25051,3,,,1,10,,25065,3,,,1
500,'GLOBAUX-01-I',532,,25095,3,,,1,10,,25112,3,,,1,10,,25129,3,,,1,50,,25146,3,,,1,10,,25163,3,,,1,10,,25194,3,,,1,10,,25207,3,,,1,10,,25096,3,,,1,10,,25113,3,,,1,50,,25130,3,,,1,10,,25147,3,,,1,10,,25164,3,,,1,10,,25195,3,,,1,10,,25208,3,,,1,10,,25097,3,,,1,51,,25114,3,,,1,10,,25131,3,,,1,10,,25148,3,,,1,10,,25165,3,,,1,10,,25196,3,,,1,10,,25209,3,,,1,50,,25098,3,,,1,10,,25115,3,,,1,10,,25132,3,,,1,10,,25149,3,,,1,8,,25166,3,,,1,9,,25180,3,,,1,8,,25197,3,,,1,49,,25210,3,,,1,8,,25099,3,,,1,9,,25116,3,,,1,8,,25133,3,,,1,9,,25150,3,,,1,8,,25167,3,,,1,9,,25181,3,,,1,48,,25198,3,,,1,9,,25211,3,,,1,8,,25100,3,,,1,9,,25117,3,,,1,8,,25134,3,,,1,9,,25151,3,,,1,8,,25168,3,,,1,49,,25182,3,,,1,8,,25199,3,,,1,9,,25212,3,,,1,8,,25101,3,,,1,9,,25118,3,,,1,8,,25135,3,,,1,9,,25152,3,,,1,48,,25169,3,,,1,9,,25183,3,,,1,8,,25200,3,,,1,9,,25213,3,,,1,8,,25102,3,,,1,9,,25119,3,,,1,8,,25136,3,,,1,49,,25153,3,,,1,8,,25170,3,,,1,9,,25184,3,,,1,8,,25201,3,,,1,9,,25214,3,,,1,8,,25103,3,,,1,9,,25120,3,,,1,48,,25137,3,,,1,9,,25154,3,,,1,8,,25171,3,,,1,9,,25185,3,,,1,8,,25202,3,,,1,9,,25215,3,,,1,8,,25104,3,,,1,49,,25121,3,,,1,8,,25138,3,,,1,9,,25155,3,,,1,8,,25172,3,,,1,9,,25186,3,,,1,8,,25203,3,,,1,9,,25216,3,,,1,48,,25105,3,,,1,9,,25122,3,,,1,8,,25139,3,,,1,9,,25156,3,,,1,8,,25173,3,,,1,9,,25187,3,,,1,8,,25204,3,,,1,49,,25217,3,,,1,8,,25106,3,,,1,9,,25123,3,,,1,8,,25140,3,,,1,9,,25157,3,,,1,8,,25174,3,,,1,9,,25188,3,,,1,48,,25205,3,,,1,9,,25218,3,,,1,8,,25107,3,,,1,9,,25124,3,,,1,8,,25141,3,,,1,9,,25158,3,,,1,8,,25175,3,,,1,49,,25189,3,,,1,8,,25206,3,,,1,9,,25219,3,,,1,9,,25108,3,,,1,10,,25125,3,,,1,10,,25142,3,,,1,10,,25159,3,,,1,50,,25176,3,,,1,10,,25190,3,,,1,10,,25220,3,,,1,10,,25109,3,,,1,10,,25126,3,,,1,10,,25143,3,,,1,50,,25160,3,,,1,9,,25177,3,,,1,10,,25191,3,,,1,10,,25221,3,,,1,10,,25110,3,,,1,10,,25127,3,,,1,50,,25144,3,,,1,10,,25161,3,,,1,10,,25178,3,,,1,10,,25192,3,,,1,10,,25222,3,,,1,10,,25111,3,,,1,50,,25128,3,,,1,10,,25145,3,,,1,10,,25162,3,,,1,10,,25179,3,,,1,10,,25193,3,,,1
500,'GLOBAUX-01-S',532,,25223,3,,,1,8,,25235,3,,,1,8,,25239,3,,,1,8,,25263,3,,,1,48,,25301,3,,,1,7,,25328,3,,,1,5,,25345,3,,,1,6,,25348,3,,,1,5,,25375,3,,,1,4,,25386,3,,,1,5,,25389,3,,,1,4,,25401,3,,,1,5,,25224,3,,,1,4,,25236,3,,,1,5,,25240,3,,,1,4,,25264,3,,,1,45,,25281,3,,,1,4,,25284,3,,,1,5,,25302,3,,,1,4,,25309,3,,,1,5,,25329,3,,,1,4,,25346,3,,,1,5,,25349,3,,,1,4,,25376,3,,,1,5,,25387,3,,,1,4,,25390,3,,,1,5,,25402,3,,,1,4,,25225,3,,,1,5,,25237,3,,,1,44,,25241,3,,,1,4,,25265,3,,,1,3,,25282,3,,,1,4,,25285,3,,,1,3,,25303,3,,,1,4,,25304,3,,,1,3,,25310,3,,,1,4,,25330,3,,,1,3,,25347,3,,,1,4,,25350,3,,,1,4,,25360,3,,,1,5,,25377,3,,,1,4,,25388,3,,,1,5,,25391,3,,,1,4,,25403,3,,,1,45,,25226,3,,,1,4,,25238,3,,,1,5,,25242,3,,,1,4,,25266,3,,,1,5,,25283,3,,,1,4,,25286,3,,,1,5,,25305,3,,,1,4,,25311,3,,,1,7,,25331,3,,,1,7,,25361,3,,,1,7,,25378,3,,,1,48,,25404,3,,,1,7,,25227,3,,,1,7,,25243,3,,,1,7,,25267,3,,,1,8,,25287,3,,,1,7,,25312,3,,,1,7,,25332,3,,,1,7,,25362,3,,,1,8,,25379,3,,,1,47,,25405,3,,,1,7,,25228,3,,,1,7,,25244,3,,,1,8,,25268,3,,,1,7,,25288,3,,,1,7,,25313,3,,,1,8,,25333,3,,,1,7,,25363,3,,,1,47,,25380,3,,,1,7,,25406,3,,,1,8,,25229,3,,,1,7,,25245,3,,,1,7,,25269,3,,,1,7,,25289,3,,,1,8,,25314,3,,,1,7,,25334,3,,,1,47,,25364,3,,,1,7,,25381,3,,,1,7,,25407,3,,,1,8,,25230,3,,,1,7,,25246,3,,,1,7,,25270,3,,,1,7,,25290,3,,,1,8,,25315,3,,,1,7,,25335,3,,,1,47,,25365,3,,,1,7,,25382,3,,,1,8,,25408,3,,,1,7,,25231,3,,,1,7,,25247,3,,,1,7,,25271,3,,,1,8,,25291,3,,,1,7,,25316,3,,,1,46,,25336,3,,,1,5,,25351,3,,,1,5,,25366,3,,,1,6,,25383,3,,,1,5,,25392,3,,,1,5,,25409,3,,,1,5,,25232,3,,,1,5,,25248,3,,,1,5,,25257,3,,,1,4,,25272,3,,,1,5,,25292,3,,,1,5,,25306,3,,,1,45,,25317,3,,,1,5,,25325,3,,,1,5,,25337,3,,,1,4,,25352,3,,,1,5,,25367,3,,,1,5,,25384,3,,,1,5,,25393,3,,,1,5,,25410,3,,,1,5,,25233,3,,,1,4,,25249,3,,,1,5,,25258,3,,,1,5,,25273,3,,,1,45,,25293,3,,,1,5,,25307,3,,,1,5,,25318,3,,,1,4,,25326,3,,,1,5,,25338,3,,,1,5,,25353,3,,,1,5,,25368,3,,,1,5,,25385,3,,,1,5,,25394,3,,,1,4,,25411,3,,,1,5,,25234,3,,,1,5,,25250,3,,,1,5,,25259,3,,,1,46,,25274,3,,,1,5,,25294,3,,,1,5,,25308,3,,,1,6,,25319,3,,,1,6,,25327,3,,,1,7,,25339,3,,,1,6,,25354,3,,,1,7,,25369,3,,,1,6,,25395,3,,,1,6,,25412,3,,,1,47,,25251,3,,,1,6,,25260,3,,,1,7,,25275,3,,,1,6,,25295,3,,,1,7,,25320,3,,,1,6,,25340,3,,,1,7,,25355,3,,,1,6,,25370,3,,,1,7,,25396,3,,,1,46,,25413,3,,,1,7,,25252,3,,,1,6,,25261,3,,,1,7,,25276,3,,,1,6,,25296,3,,,1,7,,25321,3,,,1,6,,25341,3,,,1,7,,25356,3,,,1,6,,25371,3,,,1,47,,25397,3,,,1,6,,25414,3,,,1,7,,25253,3,,,1,6,,25262,3,,,1,7,,25277,3,,,1,6,,25297,3,,,1,7,,25322,3,,,1,6,,25342,3,,,1,7,,25357,3,,,1,46,,25372,3,,,1,7,,25398,3,,,1,6,,25415,3,,,1,7,,25254,3,,,1,8,,25278,3,,,1,8,,25298,3,,,1,8,,25323,3,,,1,8,,25343,3,,,1,48,,25358,3,,,1,8,,25373,3,,,1,8,,25399,3,,,1,8,,25255,3,,,1,8,,25279,3,,,1,8,,25299,3,,,1,8,,25324,3,,,1,8,,25344,3,,,1,48,,25359,3,,,1,8,,25374,3,,,1,7,,25400,3,,,1,8,,25256,3,,,1,10,,25280,3,,,1,9,,25300,3,,,1
501,'GLOBAUX-01-A',542,,25484,10,,,1,10,,25513,10,,,1,50,,25531,10,,,1,10,,25416,10,,,1,10,,25433,10,,,1,10,,25450,10,,,1,10,,25467,10,,,1,10,,25485,10,,,1,50,,25514,10,,,1,10,,25532,10,,,1,10,,25417,10,,,1,10,,25434,10,,,1,10,,25451,10,,,1,10,,25468,10,,,1,50,,25486,10,,,1,10,,25515,10,,,1,10,,25533,10,,,1,10,,25418,10,,,1,10,,25435,10,,,1,10,,25452,10,,,1,50,,25469,10,,,1,9,,25487,10,,,1,8,,25502,10,,,1,9,,25516,10,,,1,8,,25534,10,,,1,9,,25419,10,,,1,8,,25436,10,,,1,49,,25453,10,,,1,8,,25470,10,,,1,9,,25488,10,,,1,8,,25503,10,,,1,9,,25517,10,,,1,8,,25535,10,,,1,9,,25420,10,,,1,48,,25437,10,,,1,9,,25454,10,,,1,8,,25471,10,,,1,9,,25489,10,,,1,8,,25504,10,,,1,9,,25518,10,,,1,8,,25536,10,,,1,49,,25421,10,,,1,8,,25438,10,,,1,9,,25455,10,,,1,9,,25472,10,,,1,8,,25490,10,,,1,9,,25505,10,,,1,8,,25519,10,,,1,49,,25537,10,,,1,8,,25422,10,,,1,9,,25439,10,,,1,8,,25456,10,,,1,9,,25473,10,,,1,8,,25491,10,,,1,9,,25506,10,,,1,48,,25520,10,,,1,9,,25538,10,,,1,8,,25423,10,,,1,9,,25440,10,,,1,8,,25457,10,,,1,9,,25474,10,,,1,8,,25492,10,,,1,49,,25507,10,,,1,8,,25521,10,,,1,9,,25539,10,,,1,8,,25424,10,,,1,9,,25441,10,,,1,8,,25458,10,,,1,9,,25475,10,,,1,8,,25493,10,,,1,49,,25508,10,,,1,8,,25522,10,,,1,9,,25540,10,,,1,8,,25425,10,,,1,9,,25442,10,,,1,8,,25459,10,,,1,9,,25476,10,,,1,48,,25494,10,,,1,9,,25509,10,,,1,8,,25523,10,,,1,9,,25541,10,,,1,8,,25426,10,,,1,9,,25443,10,,,1,8,,25460,10,,,1,49,,25477,10,,,1,8,,25495,10,,,1,9,,25510,10,,,1,8,,25524,10,,,1,9,,25542,10,,,1,8,,25427,10,,,1,8,,25444,10,,,1,49,,25461,10,,,1,8,,25478,10,,,1,9,,25496,10,,,1,8,,25511,10,,,1,9,,25525,10,,,1,8,,25543,10,,,1,9,,25428,10,,,1,48,,25445,10,,,1,9,,25462,10,,,1,8,,25479,10,,,1,9,,25497,10,,,1,8,,25512,10,,,1,9,,25526,10,,,1,9,,25544,10,,,1,50,,25429,10,,,1,10,,25446,10,,,1,10,,25463,10,,,1,10,,25480,10,,,1,10,,25498,10,,,1,10,,25527,10,,,1,50,,25545,10,,,1,10,,25430,10,,,1,10,,25447,10,,,1,10,,25464,10,,,1,10,,25481,10,,,1,10,,25499,10,,,1,50,,25528,10,,,1,10,,25546,10,,,1,10,,25431,10,,,1,10,,25448,10,,,1,10,,25465,10,,,1,10,,25482,10,,,1,50,,25500,10,,,1,10,,25529,10,,,1,10,,25547,10,,,1,10,,25432,10,,,1,10,,25449,10,,,1,10,,25466,10,,,1,50,,25483,10,,,1,10,,25501,10,,,1,10,,25530,10,,,1
501,'GLOBAUX-01-F1',542,,25615,10,,,1,10,,25646,10,,,1,50,,25659,10,,,1,10,,25548,10,,,1,10,,25565,10,,,1,10,,25582,10,,,1,10,,25599,10,,,1,10,,25616,10,,,1,50,,25647,10,,,1,10,,25660,10,,,1,10,,25549,10,,,1,10,,25566,10,,,1,10,,25583,10,,,1,10,,25600,10,,,1,50,,25617,10,,,1,10,,25648,10,,,1,10,,25661,10,,,1,10,,25550,10,,,1,10,,25567,10,,,1,10,,25584,10,,,1,50,,25601,10,,,1,9,,25618,10,,,1,8,,25632,10,,,1,9,,25649,10,,,1,8,,25662,10,,,1,9,,25551,10,,,1,8,,25568,10,,,1,49,,25585,10,,,1,8,,25602,10,,,1,9,,25619,10,,,1,8,,25633,10,,,1,9,,25650,10,,,1,8,,25663,10,,,1,9,,25552,10,,,1,48,,25569,10,,,1,9,,25586,10,,,1,8,,25603,10,,,1,9,,25620,10,,,1,8,,25634,10,,,1,9,,25651,10,,,1,8,,25664,10,,,1,49,,25553,10,,,1,8,,25570,10,,,1,9,,25587,10,,,1,8,,25604,10,,,1,9,,25621,10,,,1,8,,25635,10,,,1,9,,25652,10,,,1,48,,25665,10,,,1,9,,25554,10,,,1,8,,25571,10,,,1,9,,25588,10,,,1,8,,25605,10,,,1,9,,25622,10,,,1,8,,25636,10,,,1,49,,25653,10,,,1,8,,25666,10,,,1,9,,25555,10,,,1,8,,25572,10,,,1,9,,25589,10,,,1,8,,25606,10,,,1,9,,25623,10,,,1,8,,25637,10,,,1,49,,25654,10,,,1,8,,25667,10,,,1,9,,25556,10,,,1,8,,25573,10,,,1,9,,25590,10,,,1,8,,25607,10,,,1,9,,25624,10,,,1,48,,25638,10,,,1,9,,25655,10,,,1,9,,25668,10,,,1,8,,25557,10,,,1,9,,25574,10,,,1,8,,25591,10,,,1,9,,25608,10,,,1,48,,25625,10,,,1,8,,25639,10,,,1,9,,25656,10,,,1,8,,25669,10,,,1,9,,25558,10,,,1,8,,25575,10,,,1,9,,25592,10,,,1,48,,25609,10,,,1,9,,25626,10,,,1,8,,25640,10,,,1,9,,25657,10,,,1,8,,25670,10,,,1,9,,25559,10,,,1,8,,25576,10,,,1,49,,25593,10,,,1,8,,25610,10,,,1,9,,25627,10,,,1,8,,25641,10,,,1,9,,25658,10,,,1,8,,25671,10,,,1,9,,25560,10,,,1,50,,25577,10,,,1,10,,25594,10,,,1,10,,25611,10,,,1,10,,25628,10,,,1,10,,25642,10,,,1,10,,25672,10,,,1,50,,25561,10,,,1,10,,25578,10,,,1,10,,25595,10,,,1,10,,25612,10,,,1,10,,25629,10,,,1,10,,25643,10,,,1,50,,25673,10,,,1,10,,25562,10,,,1,10,,25579,10,,,1,10,,25596,10,,,1,10,,25613,10,,,1,10,,25630,10,,,1,50,,25644,10,,,1,10,,25674,10,,,1,10,,25563,10,,,1,10,,25580,10,,,1,10,,25597,10,,,1,10,,25614,10,,,1,50,,25631,10,,,1,10,,25645,10,,,1,10,,25675,10,,,1,10,,25564,10,,,1,10,,25581,10,,,1,10,,25598,10,,,1
501,'GLOBAUX-01-F2',542,,25743,10,,,1,10,,25774,10,,,1,50,,25787,10,,,1,10,,25676,10,,,1,10,,25693,10,,,1,10,,25710,10,,,1,10,,25727,10,,,1,10,,25744,10,,,1,50,,25775,10,,,1,10,,25788,10,,,1,10,,25677,10,,,1,10,,25694,10,,,1,10,,25711,10,,,1,10,,25728,10,,,1,50,,25745,10,,,1,10,,25776,10,,,1,10,,25789,10,,,1,10,,25678,10,,,1,10,,25695,10,,,1,10,,25712,10,,,1,50,,25729,10,,,1,9,,25746,10,,,1,8,,25760,10,,,1,9,,25777,10,,,1,8,,25790,10,,,1,9,,25679,10,,,1,8,,25696,10,,,1,49,,25713,10,,,1,8,,25730,10,,,1,9,,25747,10,,,1,8,,25761,10,,,1,9,,25778,10,,,1,8,,25791,10,,,1,9,,25680,10,,,1,48,,25697,10,,,1,9,,25714,10,,,1,8,,25731,10,,,1,9,,25748,10,,,1,8,,25762,10,,,1,9,,25779,10,,,1,8,,25792,10,,,1,49,,25681,10,,,1,8,,25698,10,,,1,9,,25715,10,,,1,8,,25732,10,,,1,9,,25749,10,,,1,8,,25763,10,,,1,9,,25780,10,,,1,48,,25793,10,,,1,9,,25682,10,,,1,8,,25699,10,,,1,9,,25716,10,,,1,8,,25733,10,,,1,9,,25750,10,,,1,8,,25764,10,,,1,49,,25781,10,,,1,8,,25794,10,,,1,9,,25683,10,,,1,8,,25700,10,,,1,9,,25717,10,,,1,8,,25734,10,,,1,9,,25751,10,,,1,8,,25765,10,,,1,49,,25782,10,,,1,8,,25795,10,,,1,9,,25684,10,,,1,8,,25701,10,,,1,9,,25718,10,,,1,8,,25735,10,,,1,9,,25752,10,,,1,48,,25766,10,,,1,9,,25783,10,,,1,9,,25796,10,,,1,8,,25685,10,,,1,9,,25702,10,,,1,8,,25719,10,,,1,9,,25736,10,,,1,48,,25753,10,,,1,8,,25767,10,,,1,9,,25784,10,,,1,8,,25797,10,,,1,9,,25686,10,,,1,8,,25703,10,,,1,9,,25720,10,,,1,48,,25737,10,,,1,9,,25754,10,,,1,8,,25768,10,,,1,9,,25785,10,,,1,8,,25798,10,,,1,9,,25687,10,,,1,8,,25704,10,,,1,49,,25721,10,,,1,8,,25738,10,,,1,9,,25755,10,,,1,8,,25769,10,,,1,9,,25786,10,,,1,8,,25799,10,,,1,9,,25688,10,,,1,50,,25705,10,,,1,10,,25722,10,,,1,10,,25739,10,,,1,10,,25756,10,,,1,10,,25770,10,,,1,10,,25800,10,,,1,50,,25689,10,,,1,10,,25706,10,,,1,10,,25723,10,,,1,10,,25740,10,,,1,10,,25757,10,,,1,10,,25771,10,,,1,50,,25801,10,,,1,10,,25690,10,,,1,10,,25707,10,,,1,10,,25724,10,,,1,10,,25741,10,,,1,10,,25758,10,,,1,50,,25772,10,,,1,10,,25802,10,,,1,10,,25691,10,,,1,10,,25708,10,,,1,10,,25725,10,,,1,10,,25742,10,,,1,50,,25759,10,,,1,10,,25773,10,,,1,10,,25803,10,,,1,10,,25692,10,,,1,10,,25709,10,,,1,10,,25726,10,,,1
501,'GLOBAUX-01-I',542,,25871,10,,,1,10,,25902,10,,,1,50,,25915,10,,,1,10,,25804,10,,,1,10,,25821,10,,,1,10,,25838,10,,,1,10,,25855,10,,,1,10,,25872,10,,,1,50,,25903,10,,,1,10,,25916,10,,,1,10,,25805,10,,,1,10,,25822,10,,,1,10,,25839,10,,,1,10,,25856,10,,,1,50,,25873,10,,,1,10,,25904,10,,,1,10,,25917,10,,,1,10,,25806,10,,,1,10,,25823,10,,,1,10,,25840,10,,,1,50,,25857,10,,,1,9,,25874,10,,,1,8,,25888,10,,,1,9,,25905,10,,,1,8,,25918,10,,,1,9,,25807,10,,,1,8,,25824,10,,,1,49,,25841,10,,,1,8,,25858,10,,,1,9,,25875,10,,,1,8,,25889,10,,,1,9,,25906,10,,,1,8,,25919,10,,,1,9,,25808,10,,,1,48,,25825,10,,,1,9,,25842,10,,,1,8,,25859,10,,,1,9,,25876,10,,,1,8,,25890,10,,,1,9,,25907,10,,,1,8,,25920,10,,,1,49,,25809,10,,,1,8,,25826,10,,,1,9,,25843,10,,,1,8,,25860,10,,,1,9,,25877,10,,,1,8,,25891,10,,,1,9,,25908,10,,,1,48,,25921,10,,,1,9,,25810,10,,,1,8,,25827,10,,,1,9,,25844,10,,,1,8,,25861,10,,,1,9,,25878,10,,,1,8,,25892,10,,,1,49,,25909,10,,,1,8,,25922,10,,,1,9,,25811,10,,,1,8,,25828,10,,,1,9,,25845,10,,,1,8,,25862,10,,,1,9,,25879,10,,,1,8,,25893,10,,,1,49,,25910,10,,,1,8,,25923,10,,,1,9,,25812,10,,,1,8,,25829,10,,,1,9,,25846,10,,,1,8,,25863,10,,,1,9,,25880,10,,,1,48,,25894,10,,,1,9,,25911,10,,,1,9,,25924,10,,,1,8,,25813,10,,,1,9,,25830,10,,,1,8,,25847,10,,,1,9,,25864,10,,,1,48,,25881,10,,,1,8,,25895,10,,,1,9,,25912,10,,,1,8,,25925,10,,,1,9,,25814,10,,,1,8,,25831,10,,,1,9,,25848,10,,,1,48,,25865,10,,,1,9,,25882,10,,,1,8,,25896,10,,,1,9,,25913,10,,,1,8,,25926,10,,,1,9,,25815,10,,,1,8,,25832,10,,,1,49,,25849,10,,,1,8,,25866,10,,,1,9,,25883,10,,,1,8,,25897,10,,,1,9,,25914,10,,,1,8,,25927,10,,,1,9,,25816,10,,,1,50,,25833,10,,,1,10,,25850,10,,,1,10,,25867,10,,,1,10,,25884,10,,,1,10,,25898,10,,,1,10,,25928,10,,,1,50,,25817,10,,,1,10,,25834,10,,,1,10,,25851,10,,,1,10,,25868,10,,,1,10,,25885,10,,,1,10,,25899,10,,,1,50,,25929,10,,,1,10,,25818,10,,,1,10,,25835,10,,,1,10,,25852,10,,,1,10,,25869,10,,,1,10,,25886,10,,,1,50,,25900,10,,,1,10,,25930,10,,,1,10,,25819,10,,,1,10,,25836,10,,,1,10,,25853,10,,,1,10,,25870,10,,,1,50,,25887,10,,,1,10,,25901,10,,,1,10,,25931,10,,,1,10,,25820,10,,,1,10,,25837,10,,,1,10,,25854,10,,,1
501,'GLOBAUX-01-S',542,,26034,10,,,1,8,,26052,10,,,1,8,,26083,10,,,1,48,,26095,10,,,1,7,,25932,10,,,1,7,,25943,10,,,1,6,,25947,10,,,1,6,,25971,10,,,1,6,,25990,10,,,1,5,,26007,10,,,1,4,,26014,10,,,1,5,,26035,10,,,1,4,,26053,10,,,1,45,,26056,10,,,1,4,,26084,10,,,1,5,,26096,10,,,1,4,,26099,10,,,1,5,,26111,10,,,1,4,,25933,10,,,1,5,,25944,10,,,1,5,,25948,10,,,1,4,,25972,10,,,1,5,,25988,10,,,1,4,,25991,10,,,1,4,,26008,10,,,1,4,,26009,10,,,1,3,,26015,10,,,1,44,,26036,10,,,1,4,,26054,10,,,1,3,,26057,10,,,1,4,,26067,10,,,1,3,,26085,10,,,1,4,,26097,10,,,1,3,,26100,10,,,1,4,,26112,10,,,1,5,,25934,10,,,1,4,,25945,10,,,1,5,,25949,10,,,1,4,,25973,10,,,1,4,,25989,10,,,1,5,,25992,10,,,1,4,,26010,10,,,1,45,,26016,10,,,1,4,,26037,10,,,1,5,,26055,10,,,1,4,,26068,10,,,1,5,,26086,10,,,1,4,,26098,10,,,1,4,,26101,10,,,1,5,,26113,10,,,1,4,,25935,10,,,1,5,,25946,10,,,1,5,,25950,10,,,1,7,,25974,10,,,1,48,,25993,10,,,1,7,,26017,10,,,1,7,,26038,10,,,1,7,,26069,10,,,1,8,,26087,10,,,1,7,,26114,10,,,1,7,,25936,10,,,1,7,,25951,10,,,1,7,,25975,10,,,1,48,,25994,10,,,1,7,,26018,10,,,1,7,,26039,10,,,1,8,,26070,10,,,1,7,,26088,10,,,1,7,,26115,10,,,1,7,,25937,10,,,1,8,,25952,10,,,1,47,,25976,10,,,1,7,,25995,10,,,1,7,,26019,10,,,1,8,,26040,10,,,1,7,,26071,10,,,1,7,,26089,10,,,1,7,,26116,10,,,1,8,,25938,10,,,1,47,,25953,10,,,1,7,,25977,10,,,1,7,,25996,10,,,1,8,,26020,10,,,1,7,,26041,10,,,1,7,,26072,10,,,1,7,,26090,10,,,1,8,,26117,10,,,1,47,,25939,10,,,1,7,,25954,10,,,1,7,,25978,10,,,1,8,,25997,10,,,1,7,,26021,10,,,1,7,,26042,10,,,1,7,,26073,10,,,1,8,,26091,10,,,1,7,,26118,10,,,1,47,,25940,10,,,1,6,,25955,10,,,1,4,,25964,10,,,1,5,,25979,10,,,1,5,,25998,10,,,1,5,,26011,10,,,1,5,,26022,10,,,1,5,,26031,10,,,1,4,,26043,10,,,1,5,,26058,10,,,1,5,,26074,10,,,1,45,,26092,10,,,1,5,,26102,10,,,1,5,,26119,10,,,1,4,,25941,10,,,1,5,,25956,10,,,1,5,,25965,10,,,1,5,,25980,10,,,1,5,,25999,10,,,1,5,,26012,10,,,1,4,,26023,10,,,1,5,,26032,10,,,1,5,,26044,10,,,1,5,,26059,10,,,1,45,,26075,10,,,1,5,,26093,10,,,1,4,,26103,10,,,1,5,,26120,10,,,1,5,,25942,10,,,1,5,,25957,10,,,1,5,,25966,10,,,1,5,,25981,10,,,1,5,,26000,10,,,1,5,,26013,10,,,1,5,,26024,10,,,1,5,,26033,10,,,1,45,,26045,10,,,1,5,,26060,10,,,1,5,,26076,10,,,1,6,,26094,10,,,1,5,,26104,10,,,1,7,,26121,10,,,1,6,,25958,10,,,1,7,,25967,10,,,1,6,,25982,10,,,1,7,,26001,10,,,1,46,,26025,10,,,1,6,,26046,10,,,1,7,,26061,10,,,1,6,,26077,10,,,1,7,,26105,10,,,1,6,,26122,10,,,1,7,,25959,10,,,1,6,,25968,10,,,1,7,,25983,10,,,1,46,,26002,10,,,1,7,,26026,10,,,1,6,,26047,10,,,1,7,,26062,10,,,1,6,,26078,10,,,1,7,,26106,10,,,1,6,,26123,10,,,1,7,,25960,10,,,1,6,,25969,10,,,1,7,,25984,10,,,1,46,,26003,10,,,1,7,,26027,10,,,1,6,,26048,10,,,1,7,,26063,10,,,1,6,,26079,10,,,1,7,,26107,10,,,1,6,,26124,10,,,1,7,,25961,10,,,1,6,,25970,10,,,1,47,,25985,10,,,1,6,,26004,10,,,1,8,,26028,10,,,1,8,,26049,10,,,1,8,,26064,10,,,1,7,,26080,10,,,1,8,,26108,10,,,1,8,,25962,10,,,1,48,,25986,10,,,1,8,,26005,10,,,1,8,,26029,10,,,1,8,,26050,10,,,1,8,,26065,10,,,1,8,,26081,10,,,1,8,,26109,10,,,1,48,,25963,10,,,1,8,,25987,10,,,1,8,,26006,10,,,1,8,,26030,10,,,1,8,,26051,10,,,1,8,,26066,10,,,1,8,,26082,10,,,1,7,,26110,10,,,1
