100,'GLOBAUX-01-A',538,,20201,7,,,1,10,,20211,7,,,1,10,,20229,7,,,1,50,,20236,7,,,1,10,,20246,7,,,1,10,,20269,7,,,1,10,,20287,7,,,1,10,,20297,7,,,1,10,,20304,7,,,1,50,,20314,7,,,1,10,,20331,7,,,1,10,,20341,7,,,1,10,,20202,7,,,1,10,,20212,7,,,1,10,,20230,7,,,1,50,,20237,7,,,1,10,,20247,7,,,1,9,,20270,7,,,1,10,,20278,7,,,1,9,,20288,7,,,1,10,,20298,7,,,1,48,,20305,7,,,1,9,,20315,7,,,1,8,,20332,7,,,1,8,,20342,7,,,1,9,,20203,7,,,1,8,,20213,7,,,1,9,,20221,7,,,1,48,,20231,7,,,1,8,,20238,7,,,1,9,,20248,7,,,1,8,,20263,7,,,1,7,,20271,7,,,1,8,,20279,7,,,1,8,,20289,7,,,1,7,,20299,7,,,1,48,,20306,7,,,1,8,,20316,7,,,1,7,,20333,7,,,1,8,,20343,7,,,1,8,,20204,7,,,1,7,,20214,7,,,1,8,,20222,7,,,1,48,,20232,7,,,1,7,,20239,7,,,1,6,,20249,7,,,1,7,,20256,7,,,1,6,,20264,7,,,1,7,,20272,7,,,1,6,,20280,7,,,1,7,,20290,7,,,1,6,,20300,7,,,1,7,,20307,7,,,1,46,,20317,7,,,1,7,,20324,7,,,1,6,,20334,7,,,1,7,,20344,7,,,1,6,,20205,7,,,1,7,,20215,7,,,1,6,,20223,7,,,1,7,,20233,7,,,1,6,,20240,7,,,1,47,,20250,7,,,1,6,,20257,7,,,1,7,,20265,7,,,1,6,,20273,7,,,1,7,,20281,7,,,1,6,,20291,7,,,1,7,,20301,7,,,1,6,,20308,7,,,1,7,,20318,7,,,1,46,,20325,7,,,1,7,,20335,7,,,1,6,,20345,7,,,1,7,,20206,7,,,1,6,,20216,7,,,1,7,,20224,7,,,1,6,,20234,7,,,1,7,,20241,7,,,1,6,,20251,7,,,1,47,,20258,7,,,1,6,,20266,7,,,1,7,,20274,7,,,1,6,,20282,7,,,1,7,,20292,7,,,1,6,,20302,7,,,1,6,,20309,7,,,1,7,,20319,7,,,1,6,,20326,7,,,1,7,,20336,7,,,1,46,,20346,7,,,1,7,,20207,7,,,1,7,,20217,7,,,1,6,,20225,7,,,1,7,,20235,7,,,1,6,,20242,7,,,1,7,,20252,7,,,1,6,,20259,7,,,1,7,,20267,7,,,1,46,,20275,7,,,1,6,,20283,7,,,1,7,,20293,7,,,1,6,,20303,7,,,1,7,,20310,7,,,1,7,,20320,7,,,1,7,,20327,7,,,1,7,,20337,7,,,1,8,,20347,7,,,1,48,,20208,7,,,1,7,,20218,7,,,1,8,,20226,7,,,1,8,,20243,7,,,1,7,,20253,7,,,1,8,,20260,7,,,1,8,,20268,7,,,1,47,,20276,7,,,1,8,,20284,7,,,1,8,,20294,7,,,1,9,,20311,7,,,1,8,,20321,7,,,1,8,,20328,7,,,1,9,,20338,7,,,1,8,,20348,7,,,1,49,,20209,7,,,1,8,,20219,7,,,1,9,,20227,7,,,1,8,,20244,7,,,1,8,,20254,7,,,1,9,,20261,7,,,1,8,,20277,7,,,1,49,,20285,7,,,1,8,,20295,7,,,1,10,,20312,7,,,1,9,,20322,7,,,1,10,,20329,7,,,1,10,,20339,7,,,1,50,,20349,7,,,1,10,,20210,7,,,1,10,,20220,7,,,1,10,,20228,7,,,1,10,,20245,7,,,1,10,,20255,7,,,1,50,,20262,7,,,1,10,,20286,7,,,1,10,,20296,7,,,1,10,,20313,7,,,1,10,,20323,7,,,1,10,,20330,7,,,1,50,,20340,7,,,1,10,,20350,7,,,1
100,'GLOBAUX-01-F1',538,,20351,7,,,1,10,,20361,7,,,1,10,,20368,7,,,1,50,,20393,7,,,1,10,,20403,7,,,1,10,,20413,7,,,1,10,,20435,7,,,1,10,,20445,7,,,1,10,,20454,7,,,1,50,,20463,7,,,1,10,,20472,7,,,1,10,,20481,7,,,1,10,,20352,7,,,1,10,,20362,7,,,1,10,,20369,7,,,1,50,,20394,7,,,1,9,,20404,7,,,1,10,,20414,7,,,1,9,,20429,7,,,1,9,,20436,7,,,1,10,,20446,7,,,1,49,,20455,7,,,1,9,,20464,7,,,1,10,,20473,7,,,1,8,,20482,7,,,1,9,,20353,7,,,1,8,,20363,7,,,1,9,,20370,7,,,1,48,,20385,7,,,1,8,,20395,7,,,1,9,,20405,7,,,1,8,,20415,7,,,1,9,,20430,7,,,1,8,,20437,7,,,1,9,,20447,7,,,1,48,,20456,7,,,1,8,,20465,7,,,1,9,,20474,7,,,1,8,,20483,7,,,1,9,,20354,7,,,1,7,,20364,7,,,1,8,,20371,7,,,1,48,,20378,7,,,1,7,,20386,7,,,1,8,,20396,7,,,1,8,,20406,7,,,1,7,,20416,7,,,1,8,,20431,7,,,1,8,,20438,7,,,1,7,,20448,7,,,1,48,,20457,7,,,1,8,,20466,7,,,1,7,,20475,7,,,1,8,,20484,7,,,1,8,,20355,7,,,1,7,,20365,7,,,1,8,,20372,7,,,1,8,,20379,7,,,1,47,,20387,7,,,1,8,,20397,7,,,1,8,,20407,7,,,1,7,,20417,7,,,1,7,,20423,7,,,1,7,,20432,7,,,1,7,,20439,7,,,1,7,,20449,7,,,1,47,,20458,7,,,1,7,,20467,7,,,1,6,,20476,7,,,1,7,,20485,7,,,1,7,,20356,7,,,1,7,,20366,7,,,1,7,,20373,7,,,1,7,,20380,7,,,1,7,,20388,7,,,1,47,,20398,7,,,1,7,,20408,7,,,1,7,,20418,7,,,1,7,,20424,7,,,1,7,,20433,7,,,1,7,,20440,7,,,1,7,,20450,7,,,1,7,,20459,7,,,1,7,,20468,7,,,1,47,,20477,7,,,1,7,,20486,7,,,1,7,,20357,7,,,1,7,,20367,7,,,1,7,,20374,7,,,1,7,,20381,7,,,1,7,,20389,7,,,1,7,,20399,7,,,1,47,,20409,7,,,1,7,,20419,7,,,1,7,,20425,7,,,1,7,,20434,7,,,1,7,,20441,7,,,1,7,,20451,7,,,1,9,,20460,7,,,1,8,,20469,7,,,1,49,,20478,7,,,1,8,,20487,7,,,1,8,,20358,7,,,1,9,,20375,7,,,1,8,,20382,7,,,1,9,,20390,7,,,1,8,,20400,7,,,1,49,,20410,7,,,1,8,,20420,7,,,1,8,,20426,7,,,1,9,,20442,7,,,1,8,,20452,7,,,1,9,,20461,7,,,1,8,,20470,7,,,1,48,,20479,7,,,1,9,,20488,7,,,1,8,,20359,7,,,1,9,,20376,7,,,1,8,,20383,7,,,1,9,,20391,7,,,1,9,,20401,7,,,1,49,,20411,7,,,1,9,,20421,7,,,1,9,,20427,7,,,1,9,,20443,7,,,1,9,,20453,7,,,1,9,,20462,7,,,1,9,,20471,7,,,1,49,,20480,7,,,1,9,,20489,7,,,1,10,,20360,7,,,1,10,,20377,7,,,1,10,,20384,7,,,1,10,,20392,7,,,1,50,,20402,7,,,1,10,,20412,7,,,1,10,,20422,7,,,1,10,,20428,7,,,1,10,,20444,7,,,1
100,'GLOBAUX-01-F2',538,,20490,7,,,1,10,,20500,7,,,1,10,,20507,7,,,1,50,,20532,7,,,1,10,,20542,7,,,1,10,,20552,7,,,1,10,,20574,7,,,1,10,,20584,7,,,1,10,,20593,7,,,1,50,,20602,7,,,1,10,,20611,7,,,1,10,,20620,7,,,1,10,,20491,7,,,1,10,,20501,7,,,1,10,,20508,7,,,1,50,,20533,7,,,1,9,,20543,7,,,1,10,,20553,7,,,1,9,,20568,7,,,1,9,,20575,7,,,1,10,,20585,7,,,1,49,,20594,7,,,1,9,,20603,7,,,1,10,,20612,7,,,1,8,,20621,7,,,1,9,,20492,7,,,1,8,,20502,7,,,1,9,,20509,7,,,1,48,,20524,7,,,1,8,,20534,7,,,1,9,,20544,7,,,1,8,,20554,7,,,1,9,,20569,7,,,1,8,,20576,7,,,1,9,,20586,7,,,1,48,,20595,7,,,1,8,,20604,7,,,1,9,,20613,7,,,1,8,,20622,7,,,1,9,,20493,7,,,1,7,,20503,7,,,1,8,,20510,7,,,1,48,,20517,7,,,1,7,,20525,7,,,1,8,,20535,7,,,1,8,,20545,7,,,1,7,,20555,7,,,1,8,,20570,7,,,1,8,,20577,7,,,1,7,,20587,7,,,1,48,,20596,7,,,1,8,,20605,7,,,1,7,,20614,7,,,1,8,,20623,7,,,1,8,,20494,7,,,1,7,,20504,7,,,1,8,,20511,7,,,1,8,,20518,7,,,1,47,,20526,7,,,1,8,,20536,7,,,1,8,,20546,7,,,1,7,,20556,7,,,1,7,,20562,7,,,1,7,,20571,7,,,1,7,,20578,7,,,1,7,,20588,7,,,1,47,,20597,7,,,1,7,,20606,7,,,1,6,,20615,7,,,1,7,,20624,7,,,1,7,,20495,7,,,1,7,,20505,7,,,1,7,,20512,7,,,1,7,,20519,7,,,1,7,,20527,7,,,1,47,,20537,7,,,1,7,,20547,7,,,1,7,,20557,7,,,1,7,,20563,7,,,1,7,,20572,7,,,1,7,,20579,7,,,1,7,,20589,7,,,1,7,,20598,7,,,1,7,,20607,7,,,1,47,,20616,7,,,1,7,,20625,7,,,1,7,,20496,7,,,1,7,,20506,7,,,1,7,,20513,7,,,1,7,,20520,7,,,1,7,,20528,7,,,1,7,,20538,7,,,1,47,,20548,7,,,1,7,,20558,7,,,1,7,,20564,7,,,1,7,,20573,7,,,1,7,,20580,7,,,1,7,,20590,7,,,1,9,,20599,7,,,1,8,,20608,7,,,1,49,,20617,7,,,1,8,,20626,7,,,1,8,,20497,7,,,1,9,,20514,7,,,1,8,,20521,7,,,1,9,,20529,7,,,1,8,,20539,7,,,1,49,,20549,7,,,1,8,,20559,7,,,1,8,,20565,7,,,1,9,,20581,7,,,1,8,,20591,7,,,1,9,,20600,7,,,1,8,,20609,7,,,1,48,,20618,7,,,1,9,,20627,7,,,1,8,,20498,7,,,1,9,,20515,7,,,1,8,,20522,7,,,1,9,,20530,7,,,1,9,,20540,7,,,1,49,,20550,7,,,1,9,,20560,7,,,1,9,,20566,7,,,1,9,,20582,7,,,1,9,,20592,7,,,1,9,,20601,7,,,1,9,,20610,7,,,1,49,,20619,7,,,1,9,,20628,7,,,1,10,,20499,7,,,1,10,,20516,7,,,1,10,,20523,7,,,1,10,,20531,7,,,1,50,,20541,7,,,1,10,,20551,7,,,1,10,,20561,7,,,1,10,,20567,7,,,1,10,,20583,7,,,1
100,'GLOBAUX-01-I',538,,20629,7,,,1,10,,20639,7,,,1,10,,20646,7,,,1,50,,20671,7,,,1,10,,20681,7,,,1,10,,20691,7,,,1,10,,20713,7,,,1,10,,20723,7,,,1,10,,20732,7,,,1,50,,20741,7,,,1,10,,20750,7,,,1,10,,20759,7,,,1,10,,20630,7,,,1,10,,20640,7,,,1,10,,20647,7,,,1,50,,20672,7,,,1,9,,20682,7,,,1,10,,20692,7,,,1,9,,20707,7,,,1,9,,20714,7,,,1,10,,20724,7,,,1,49,,20733,7,,,1,9,,20742,7,,,1,10,,20751,7,,,1,8,,20760,7,,,1,9,,20631,7,,,1,8,,20641,7,,,1,9,,20648,7,,,1,48,,20663,7,,,1,8,,20673,7,,,1,9,,20683,7,,,1,8,,20693,7,,,1,9,,20708,7,,,1,8,,20715,7,,,1,9,,20725,7,,,1,48,,20734,7,,,1,8,,20743,7,,,1,9,,20752,7,,,1,8,,20761,7,,,1,9,,20632,7,,,1,7,,20642,7,,,1,8,,20649,7,,,1,48,,20656,7,,,1,7,,20664,7,,,1,8,,20674,7,,,1,8,,20684,7,,,1,7,,20694,7,,,1,8,,20709,7,,,1,8,,20716,7,,,1,7,,20726,7,,,1,48,,20735,7,,,1,8,,20744,7,,,1,7,,20753,7,,,1,8,,20762,7,,,1,8,,20633,7,,,1,7,,20643,7,,,1,8,,20650,7,,,1,8,,20657,7,,,1,47,,20665,7,,,1,8,,20675,7,,,1,8,,20685,7,,,1,7,,20695,7,,,1,7,,20701,7,,,1,7,,20710,7,,,1,7,,20717,7,,,1,7,,20727,7,,,1,47,,20736,7,,,1,7,,20745,7,,,1,6,,20754,7,,,1,7,,20763,7,,,1,7,,20634,7,,,1,7,,20644,7,,,1,7,,20651,7,,,1,7,,20658,7,,,1,7,,20666,7,,,1,47,,20676,7,,,1,7,,20686,7,,,1,7,,20696,7,,,1,7,,20702,7,,,1,7,,20711,7,,,1,7,,20718,7,,,1,7,,20728,7,,,1,7,,20737,7,,,1,7,,20746,7,,,1,47,,20755,7,,,1,7,,20764,7,,,1,7,,20635,7,,,1,7,,20645,7,,,1,7,,20652,7,,,1,7,,20659,7,,,1,7,,20667,7,,,1,7,,20677,7,,,1,47,,20687,7,,,1,7,,20697,7,,,1,7,,20703,7,,,1,7,,20712,7,,,1,7,,20719,7,,,1,7,,20729,7,,,1,9,,20738,7,,,1,8,,20747,7,,,1,49,,20756,7,,,1,8,,20765,7,,,1,8,,20636,7,,,1,9,,20653,7,,,1,8,,20660,7,,,1,9,,20668,7,,,1,8,,20678,7,,,1,49,,20688,7,,,1,8,,20698,7,,,1,8,,20704,7,,,1,9,,20720,7,,,1,8,,20730,7,,,1,9,,20739,7,,,1,8,,20748,7,,,1,48,,20757,7,,,1,9,,20766,7,,,1,8,,20637,7,,,1,9,,20654,7,,,1,8,,20661,7,,,1,9,,20669,7,,,1,9,,20679,7,,,1,49,,20689,7,,,1,9,,20699,7,,,1,9,,20705,7,,,1,9,,20721,7,,,1,9,,20731,7,,,1,9,,20740,7,,,1,9,,20749,7,,,1,49,,20758,7,,,1,9,,20767,7,,,1,10,,20638,7,,,1,10,,20655,7,,,1,10,,20662,7,,,1,10,,20670,7,,,1,50,,20680,7,,,1,10,,20690,7,,,1,10,,20700,7,,,1,10,,20706,7,,,1,10,,20722,7,,,1
100,'GLOBAUX-01-S',538,,20768,7,,,1,7,,20796,7,,,1,7,,20806,7,,,1,6,,20826,7,,,1,47,,20848,7,,,1,7,,20852,7,,,1,7,,20859,7,,,1,6,,20870,7,,,1,5,,20876,7,,,1,4,,20893,7,,,1,4,,20902,7,,,1,4,,20905,7,,,1,4,,20913,7,,,1,4,,20930,7,,,1,3,,20936,7,,,1,3,,20946,7,,,1,44,,20948,7,,,1,3,,20950,7,,,1,3,,20952,7,,,1,3,,20968,7,,,1,4,,20977,7,,,1,3,,20979,7,,,1,3,,20997,7,,,1,3,,21003,7,,,1,4,,21004,7,,,1,3,,20769,7,,,1,3,,20787,7,,,1,3,,20789,7,,,1,4,,20797,7,,,1,3,,20807,7,,,1,3,,20808,7,,,1,3,,20809,7,,,1,3,,20811,7,,,1,3,,20812,7,,,1,3,,20827,7,,,1,43,,20833,7,,,1,3,,20839,7,,,1,3,,20849,7,,,1,3,,20853,7,,,1,3,,20860,7,,,1,3,,20865,7,,,1,3,,20871,7,,,1,3,,20877,7,,,1,3,,20894,7,,,1,4,,20903,7,,,1,3,,20906,7,,,1,3,,20912,7,,,1,3,,20914,7,,,1,3,,20931,7,,,1,3,,20937,7,,,1,4,,20947,7,,,1,3,,20949,7,,,1,3,,20951,7,,,1,4,,20955,7,,,1,43,,20960,7,,,1,4,,20969,7,,,1,3,,20978,7,,,1,4,,20984,7,,,1,4,,20998,7,,,1,3,,21005,7,,,1,4,,20770,7,,,1,4,,20780,7,,,1,5,,20790,7,,,1,5,,20798,7,,,1,5,,20810,7,,,1,5,,20813,7,,,1,5,,20828,7,,,1,6,,20840,7,,,1,46,,20854,7,,,1,6,,20866,7,,,1,6,,20878,7,,,1,6,,20895,7,,,1,6,,20907,7,,,1,6,,20915,7,,,1,6,,20932,7,,,1,6,,20938,7,,,1,6,,20956,7,,,1,6,,20961,7,,,1,46,,20970,7,,,1,6,,20985,7,,,1,6,,20999,7,,,1,6,,20771,7,,,1,6,,20781,7,,,1,6,,20791,7,,,1,6,,20799,7,,,1,6,,20814,7,,,1,6,,20829,7,,,1,6,,20841,7,,,1,46,,20855,7,,,1,6,,20867,7,,,1,6,,20879,7,,,1,6,,20896,7,,,1,6,,20908,7,,,1,6,,20916,7,,,1,6,,20933,7,,,1,6,,20939,7,,,1,6,,20957,7,,,1,6,,20962,7,,,1,46,,20971,7,,,1,6,,20986,7,,,1,6,,21000,7,,,1,6,,20772,7,,,1,6,,20782,7,,,1,6,,20792,7,,,1,6,,20800,7,,,1,6,,20815,7,,,1,6,,20830,7,,,1,6,,20842,7,,,1,46,,20856,7,,,1,6,,20868,7,,,1,6,,20880,7,,,1,6,,20897,7,,,1,6,,20909,7,,,1,6,,20917,7,,,1,6,,20934,7,,,1,6,,20940,7,,,1,6,,20958,7,,,1,6,,20963,7,,,1,46,,20972,7,,,1,5,,20987,7,,,1,4,,20989,7,,,1,4,,21001,7,,,1,4,,20773,7,,,1,4,,20775,7,,,1,4,,20783,7,,,1,4,,20793,7,,,1,4,,20795,7,,,1,4,,20801,7,,,1,4,,20816,7,,,1,4,,20821,7,,,1,3,,20831,7,,,1,3,,20834,7,,,1,3,,20843,7,,,1,44,,20850,7,,,1,3,,20857,7,,,1,3,,20869,7,,,1,3,,20872,7,,,1,3,,20881,7,,,1,3,,20886,7,,,1,4,,20891,7,,,1,3,,20898,7,,,1,3,,20904,7,,,1,2,,20910,7,,,1,3,,20918,7,,,1,3,,20923,7,,,1,3,,20925,7,,,1,2,,20935,7,,,1,3,,20941,7,,,1,3,,20953,7,,,1,2,,20954,7,,,1,3,,20959,7,,,1,3,,20964,7,,,1,3,,20973,7,,,1,2,,20980,7,,,1,43,,20983,7,,,1,3,,20988,7,,,1,3,,20990,7,,,1,2,,20993,7,,,1,3,,21002,7,,,1,3,,20774,7,,,1,3,,20776,7,,,1,3,,20784,7,,,1,3,,20788,7,,,1,3,,20794,7,,,1,4,,20802,7,,,1,3,,20817,7,,,1,4,,20822,7,,,1,3,,20832,7,,,1,4,,20835,7,,,1,3,,20844,7,,,1,4,,20851,7,,,1,3,,20858,7,,,1,4,,20861,7,,,1,44,,20873,7,,,1,4,,20882,7,,,1,4,,20887,7,,,1,4,,20892,7,,,1,4,,20899,7,,,1,4,,20911,7,,,1,4,,20919,7,,,1,4,,20924,7,,,1,4,,20926,7,,,1,4,,20942,7,,,1,6,,20965,7,,,1,6,,20974,7,,,1,5,,20981,7,,,1,46,,20991,7,,,1,6,,20994,7,,,1,6,,20777,7,,,1,6,,20785,7,,,1,6,,20803,7,,,1,6,,20818,7,,,1,6,,20823,7,,,1,6,,20836,7,,,1,6,,20845,7,,,1,6,,20862,7,,,1,46,,20874,7,,,1,6,,20883,7,,,1,6,,20888,7,,,1,6,,20900,7,,,1,6,,20920,7,,,1,6,,20927,7,,,1,6,,20943,7,,,1,6,,20966,7,,,1,7,,20975,7,,,1,6,,20982,7,,,1,46,,20992,7,,,1,6,,20995,7,,,1,6,,20778,7,,,1,6,,20786,7,,,1,6,,20804,7,,,1,6,,20819,7,,,1,6,,20824,7,,,1,6,,20837,7,,,1,6,,20846,7,,,1,6,,20863,7,,,1,46,,20875,7,,,1,7,,20884,7,,,1,6,,20889,7,,,1,6,,20901,7,,,1,7,,20921,7,,,1,6,,20928,7,,,1,8,,20944,7,,,1,8,,20967,7,,,1,8,,20976,7,,,1,48,,20996,7,,,1,8,,20779,7,,,1,8,,20805,7,,,1,8,,20820,7,,,1,8,,20825,7,,,1,8,,20838,7,,,1,8,,20847,7,,,1,48,,20864,7,,,1,8,,20885,7,,,1,8,,20890,7,,,1,8,,20922,7,,,1,8,,20929,7,,,1,8,,20945,7,,,1
101,'GLOBAUX-01-A',556,,21092,21,,,1,50,,21102,21,,,1,11,,21109,21,,,1,10,,21119,21,,,1,10,,21136,21,,,1,10,,21146,21,,,1,10,,21006,21,,,1,50,,21016,21,,,1,10,,21035,21,,,1,10,,21042,21,,,1,10,,21052,21,,,1,10,,21074,21,,,1,9,,21082,21,,,1,50,,21093,21,,,1,9,,21103,21,,,1,9,,21110,21,,,1,10,,21120,21,,,1,8,,21137,21,,,1,9,,21147,21,,,1,8,,21007,21,,,1,49,,21017,21,,,1,8,,21026,21,,,1,9,,21036,21,,,1,8,,21043,21,,,1,8,,21053,21,,,1,9,,21075,21,,,1,8,,21083,21,,,1,49,,21094,21,,,1,8,,21104,21,,,1,9,,21111,21,,,1,8,,21121,21,,,1,8,,21138,21,,,1,9,,21148,21,,,1,8,,21008,21,,,1,49,,21018,21,,,1,8,,21027,21,,,1,7,,21037,21,,,1,8,,21044,21,,,1,8,,21054,21,,,1,7,,21069,21,,,1,8,,21076,21,,,1,48,,21084,21,,,1,7,,21095,21,,,1,8,,21105,21,,,1,8,,21112,21,,,1,7,,21122,21,,,1,6,,21129,21,,,1,7,,21139,21,,,1,6,,21149,21,,,1,7,,21009,21,,,1,46,,21019,21,,,1,7,,21028,21,,,1,6,,21038,21,,,1,7,,21045,21,,,1,6,,21055,21,,,1,7,,21062,21,,,1,6,,21070,21,,,1,7,,21077,21,,,1,6,,21085,21,,,1,47,,21096,21,,,1,6,,21106,21,,,1,7,,21113,21,,,1,6,,21123,21,,,1,7,,21130,21,,,1,6,,21140,21,,,1,7,,21150,21,,,1,6,,21010,21,,,1,7,,21020,21,,,1,6,,21029,21,,,1,47,,21039,21,,,1,6,,21046,21,,,1,7,,21056,21,,,1,6,,21063,21,,,1,7,,21071,21,,,1,6,,21078,21,,,1,7,,21086,21,,,1,6,,21097,21,,,1,7,,21107,21,,,1,46,,21114,21,,,1,7,,21124,21,,,1,6,,21131,21,,,1,7,,21141,21,,,1,6,,21151,21,,,1,7,,21011,21,,,1,6,,21021,21,,,1,7,,21030,21,,,1,6,,21040,21,,,1,47,,21047,21,,,1,7,,21057,21,,,1,6,,21064,21,,,1,7,,21072,21,,,1,6,,21079,21,,,1,6,,21087,21,,,1,7,,21098,21,,,1,6,,21108,21,,,1,7,,21115,21,,,1,46,,21125,21,,,1,7,,21132,21,,,1,6,,21142,21,,,1,7,,21152,21,,,1,6,,21012,21,,,1,7,,21022,21,,,1,6,,21031,21,,,1,7,,21041,21,,,1,6,,21048,21,,,1,47,,21058,21,,,1,8,,21065,21,,,1,7,,21073,21,,,1,8,,21080,21,,,1,7,,21088,21,,,1,8,,21099,21,,,1,8,,21116,21,,,1,7,,21126,21,,,1,49,,21133,21,,,1,8,,21143,21,,,1,8,,21153,21,,,1,9,,21013,21,,,1,8,,21023,21,,,1,8,,21032,21,,,1,9,,21049,21,,,1,48,,21059,21,,,1,9,,21066,21,,,1,8,,21081,21,,,1,9,,21089,21,,,1,8,,21100,21,,,1,8,,21117,21,,,1,9,,21127,21,,,1,8,,21134,21,,,1,50,,21144,21,,,1,9,,21154,21,,,1,9,,21014,21,,,1,10,,21024,21,,,1,9,,21033,21,,,1,10,,21050,21,,,1,49,,21060,21,,,1,10,,21067,21,,,1,10,,21090,21,,,1,10,,21101,21,,,1,10,,21118,21,,,1,10,,21128,21,,,1,50,,21135,21,,,1,10,,21145,21,,,1,10,,21155,21,,,1,10,,21015,21,,,1,10,,21025,21,,,1,10,,21034,21,,,1,50,,21051,21,,,1,10,,21061,21,,,1,10,,21068,21,,,1,13,,21091,21,,,1
101,'GLOBAUX-01-F1',556,,21236,21,,,1,50,,21246,21,,,1,10,,21255,21,,,1,10,,21265,21,,,1,10,,21275,21,,,1,10,,21285,21,,,1,10,,21156,21,,,1,50,,21166,21,,,1,11,,21173,21,,,1,10,,21198,21,,,1,10,,21207,21,,,1,10,,21216,21,,,1,9,,21230,21,,,1,49,,21237,21,,,1,10,,21247,21,,,1,9,,21256,21,,,1,9,,21266,21,,,1,10,,21276,21,,,1,8,,21286,21,,,1,49,,21157,21,,,1,8,,21167,21,,,1,9,,21174,21,,,1,8,,21190,21,,,1,8,,21199,21,,,1,9,,21208,21,,,1,9,,21217,21,,,1,8,,21231,21,,,1,48,,21238,21,,,1,9,,21248,21,,,1,8,,21257,21,,,1,9,,21267,21,,,1,8,,21277,21,,,1,8,,21287,21,,,1,9,,21158,21,,,1,48,,21168,21,,,1,9,,21175,21,,,1,8,,21191,21,,,1,9,,21200,21,,,1,8,,21209,21,,,1,9,,21218,21,,,1,8,,21232,21,,,1,49,,21239,21,,,1,8,,21249,21,,,1,9,,21258,21,,,1,8,,21268,21,,,1,8,,21278,21,,,1,8,,21288,21,,,1,8,,21159,21,,,1,48,,21169,21,,,1,7,,21176,21,,,1,8,,21183,21,,,1,7,,21192,21,,,1,8,,21201,21,,,1,8,,21210,21,,,1,8,,21219,21,,,1,7,,21233,21,,,1,48,,21240,21,,,1,8,,21250,21,,,1,7,,21259,21,,,1,8,,21269,21,,,1,8,,21279,21,,,1,7,,21289,21,,,1,8,,21160,21,,,1,8,,21170,21,,,1,47,,21177,21,,,1,8,,21184,21,,,1,7,,21193,21,,,1,7,,21202,21,,,1,7,,21211,21,,,1,7,,21220,21,,,1,7,,21225,21,,,1,7,,21234,21,,,1,47,,21241,21,,,1,7,,21251,21,,,1,7,,21260,21,,,1,7,,21270,21,,,1,7,,21280,21,,,1,7,,21290,21,,,1,7,,21161,21,,,1,7,,21171,21,,,1,7,,21178,21,,,1,47,,21185,21,,,1,7,,21194,21,,,1,7,,21203,21,,,1,7,,21212,21,,,1,7,,21221,21,,,1,7,,21226,21,,,1,7,,21235,21,,,1,7,,21242,21,,,1,47,,21252,21,,,1,7,,21261,21,,,1,7,,21271,21,,,1,7,,21281,21,,,1,7,,21291,21,,,1,7,,21162,21,,,1,7,,21172,21,,,1,7,,21179,21,,,1,7,,21186,21,,,1,48,,21195,21,,,1,9,,21204,21,,,1,8,,21213,21,,,1,8,,21222,21,,,1,9,,21227,21,,,1,8,,21243,21,,,1,9,,21253,21,,,1,48,,21262,21,,,1,8,,21272,21,,,1,9,,21282,21,,,1,8,,21292,21,,,1,9,,21163,21,,,1,8,,21180,21,,,1,8,,21187,21,,,1,49,,21196,21,,,1,8,,21205,21,,,1,9,,21214,21,,,1,8,,21223,21,,,1,8,,21228,21,,,1,9,,21244,21,,,1,8,,21254,21,,,1,49,,21263,21,,,1,8,,21273,21,,,1,9,,21283,21,,,1,8,,21293,21,,,1,8,,21164,21,,,1,10,,21181,21,,,1,10,,21188,21,,,1,50,,21197,21,,,1,10,,21206,21,,,1,10,,21215,21,,,1,10,,21224,21,,,1,10,,21229,21,,,1,10,,21245,21,,,1,50,,21264,21,,,1,10,,21274,21,,,1,10,,21284,21,,,1,10,,21294,21,,,1,10,,21165,21,,,1,10,,21182,21,,,1,53,,21189,21,,,1
101,'GLOBAUX-01-F2',556,,21375,21,,,1,50,,21385,21,,,1,10,,21394,21,,,1,10,,21404,21,,,1,10,,21414,21,,,1,10,,21424,21,,,1,10,,21295,21,,,1,50,,21305,21,,,1,11,,21312,21,,,1,10,,21337,21,,,1,10,,21346,21,,,1,10,,21355,21,,,1,9,,21369,21,,,1,49,,21376,21,,,1,10,,21386,21,,,1,9,,21395,21,,,1,9,,21405,21,,,1,10,,21415,21,,,1,8,,21425,21,,,1,49,,21296,21,,,1,8,,21306,21,,,1,9,,21313,21,,,1,8,,21329,21,,,1,8,,21338,21,,,1,9,,21347,21,,,1,9,,21356,21,,,1,8,,21370,21,,,1,48,,21377,21,,,1,9,,21387,21,,,1,8,,21396,21,,,1,9,,21406,21,,,1,8,,21416,21,,,1,8,,21426,21,,,1,9,,21297,21,,,1,48,,21307,21,,,1,9,,21314,21,,,1,8,,21330,21,,,1,9,,21339,21,,,1,8,,21348,21,,,1,9,,21357,21,,,1,8,,21371,21,,,1,49,,21378,21,,,1,8,,21388,21,,,1,9,,21397,21,,,1,8,,21407,21,,,1,8,,21417,21,,,1,8,,21427,21,,,1,8,,21298,21,,,1,48,,21308,21,,,1,7,,21315,21,,,1,8,,21322,21,,,1,7,,21331,21,,,1,8,,21340,21,,,1,8,,21349,21,,,1,8,,21358,21,,,1,7,,21372,21,,,1,48,,21379,21,,,1,8,,21389,21,,,1,7,,21398,21,,,1,8,,21408,21,,,1,8,,21418,21,,,1,7,,21428,21,,,1,8,,21299,21,,,1,8,,21309,21,,,1,47,,21316,21,,,1,8,,21323,21,,,1,7,,21332,21,,,1,7,,21341,21,,,1,7,,21350,21,,,1,7,,21359,21,,,1,7,,21364,21,,,1,7,,21373,21,,,1,47,,21380,21,,,1,7,,21390,21,,,1,7,,21399,21,,,1,7,,21409,21,,,1,7,,21419,21,,,1,7,,21429,21,,,1,7,,21300,21,,,1,7,,21310,21,,,1,7,,21317,21,,,1,47,,21324,21,,,1,7,,21333,21,,,1,7,,21342,21,,,1,7,,21351,21,,,1,7,,21360,21,,,1,7,,21365,21,,,1,7,,21374,21,,,1,7,,21381,21,,,1,47,,21391,21,,,1,7,,21400,21,,,1,7,,21410,21,,,1,7,,21420,21,,,1,7,,21430,21,,,1,7,,21301,21,,,1,7,,21311,21,,,1,7,,21318,21,,,1,7,,21325,21,,,1,48,,21334,21,,,1,9,,21343,21,,,1,8,,21352,21,,,1,8,,21361,21,,,1,9,,21366,21,,,1,8,,21382,21,,,1,9,,21392,21,,,1,48,,21401,21,,,1,8,,21411,21,,,1,9,,21421,21,,,1,8,,21431,21,,,1,9,,21302,21,,,1,8,,21319,21,,,1,8,,21326,21,,,1,49,,21335,21,,,1,8,,21344,21,,,1,9,,21353,21,,,1,8,,21362,21,,,1,8,,21367,21,,,1,9,,21383,21,,,1,8,,21393,21,,,1,49,,21402,21,,,1,8,,21412,21,,,1,9,,21422,21,,,1,8,,21432,21,,,1,8,,21303,21,,,1,10,,21320,21,,,1,10,,21327,21,,,1,50,,21336,21,,,1,10,,21345,21,,,1,10,,21354,21,,,1,10,,21363,21,,,1,10,,21368,21,,,1,10,,21384,21,,,1,50,,21403,21,,,1,10,,21413,21,,,1,10,,21423,21,,,1,10,,21433,21,,,1,10,,21304,21,,,1,10,,21321,21,,,1,53,,21328,21,,,1
101,'GLOBAUX-01-I',556,,21514,21,,,1,50,,21524,21,,,1,10,,21533,21,,,1,10,,21543,21,,,1,10,,21553,21,,,1,10,,21563,21,,,1,10,,21434,21,,,1,50,,21444,21,,,1,11,,21451,21,,,1,10,,21476,21,,,1,10,,21485,21,,,1,10,,21494,21,,,1,9,,21508,21,,,1,49,,21515,21,,,1,10,,21525,21,,,1,9,,21534,21,,,1,9,,21544,21,,,1,10,,21554,21,,,1,8,,21564,21,,,1,49,,21435,21,,,1,8,,21445,21,,,1,9,,21452,21,,,1,8,,21468,21,,,1,8,,21477,21,,,1,9,,21486,21,,,1,9,,21495,21,,,1,8,,21509,21,,,1,48,,21516,21,,,1,9,,21526,21,,,1,8,,21535,21,,,1,9,,21545,21,,,1,8,,21555,21,,,1,8,,21565,21,,,1,9,,21436,21,,,1,48,,21446,21,,,1,9,,21453,21,,,1,8,,21469,21,,,1,9,,21478,21,,,1,8,,21487,21,,,1,9,,21496,21,,,1,8,,21510,21,,,1,49,,21517,21,,,1,8,,21527,21,,,1,9,,21536,21,,,1,8,,21546,21,,,1,8,,21556,21,,,1,8,,21566,21,,,1,8,,21437,21,,,1,48,,21447,21,,,1,7,,21454,21,,,1,8,,21461,21,,,1,7,,21470,21,,,1,8,,21479,21,,,1,8,,21488,21,,,1,8,,21497,21,,,1,7,,21511,21,,,1,48,,21518,21,,,1,8,,21528,21,,,1,7,,21537,21,,,1,8,,21547,21,,,1,8,,21557,21,,,1,7,,21567,21,,,1,8,,21438,21,,,1,8,,21448,21,,,1,47,,21455,21,,,1,8,,21462,21,,,1,7,,21471,21,,,1,7,,21480,21,,,1,7,,21489,21,,,1,7,,21498,21,,,1,7,,21503,21,,,1,7,,21512,21,,,1,47,,21519,21,,,1,7,,21529,21,,,1,7,,21538,21,,,1,7,,21548,21,,,1,7,,21558,21,,,1,7,,21568,21,,,1,7,,21439,21,,,1,7,,21449,21,,,1,7,,21456,21,,,1,47,,21463,21,,,1,7,,21472,21,,,1,7,,21481,21,,,1,7,,21490,21,,,1,7,,21499,21,,,1,7,,21504,21,,,1,7,,21513,21,,,1,7,,21520,21,,,1,47,,21530,21,,,1,7,,21539,21,,,1,7,,21549,21,,,1,7,,21559,21,,,1,7,,21569,21,,,1,7,,21440,21,,,1,7,,21450,21,,,1,7,,21457,21,,,1,7,,21464,21,,,1,48,,21473,21,,,1,9,,21482,21,,,1,8,,21491,21,,,1,8,,21500,21,,,1,9,,21505,21,,,1,8,,21521,21,,,1,9,,21531,21,,,1,48,,21540,21,,,1,8,,21550,21,,,1,9,,21560,21,,,1,8,,21570,21,,,1,9,,21441,21,,,1,8,,21458,21,,,1,8,,21465,21,,,1,49,,21474,21,,,1,8,,21483,21,,,1,9,,21492,21,,,1,8,,21501,21,,,1,8,,21506,21,,,1,9,,21522,21,,,1,8,,21532,21,,,1,49,,21541,21,,,1,8,,21551,21,,,1,9,,21561,21,,,1,8,,21571,21,,,1,8,,21442,21,,,1,10,,21459,21,,,1,10,,21466,21,,,1,50,,21475,21,,,1,10,,21484,21,,,1,10,,21493,21,,,1,10,,21502,21,,,1,10,,21507,21,,,1,10,,21523,21,,,1,50,,21542,21,,,1,10,,21552,21,,,1,10,,21562,21,,,1,10,,21572,21,,,1,10,,21443,21,,,1,10,,21460,21,,,1,53,,21467,21,,,1
101,'GLOBAUX-01-S',557,,21696,21,,,1,48,,21708,21,,,1,7,,21732,21,,,1,7,,21749,21,,,1,7,,21753,21,,,1,7,,21772,21,,,1,7,,21802,21,,,1,7,,21809,21,,,1,5,,21573,21,,,1,5,,21595,21,,,1,45,,21602,21,,,1,5,,21612,21,,,1,5,,21616,21,,,1,4,,21618,21,,,1,5,,21633,21,,,1,3,,21640,21,,,1,4,,21655,21,,,1,4,,21659,21,,,1,3,,21665,21,,,1,4,,21670,21,,,1,4,,21676,21,,,1,3,,21681,21,,,1,4,,21697,21,,,1,3,,21705,21,,,1,3,,21709,21,,,1,3,,21717,21,,,1,44,,21733,21,,,1,3,,21739,21,,,1,3,,21740,21,,,1,2,,21750,21,,,1,3,,21752,21,,,1,3,,21754,21,,,1,2,,21755,21,,,1,3,,21757,21,,,1,3,,21763,21,,,1,3,,21773,21,,,1,2,,21782,21,,,1,3,,21783,21,,,1,2,,21788,21,,,1,3,,21803,21,,,1,2,,21808,21,,,1,3,,21810,21,,,1,2,,21574,21,,,1,3,,21585,21,,,1,2,,21593,21,,,1,3,,21596,21,,,1,2,,21603,21,,,1,3,,21613,21,,,1,42,,21614,21,,,1,3,,21615,21,,,1,3,,21617,21,,,1,3,,21619,21,,,1,3,,21634,21,,,1,3,,21641,21,,,1,3,,21647,21,,,1,3,,21656,21,,,1,4,,21660,21,,,1,3,,21671,21,,,1,3,,21677,21,,,1,4,,21682,21,,,1,3,,21698,21,,,1,4,,21706,21,,,1,4,,21710,21,,,1,4,,21716,21,,,1,3,,21718,21,,,1,4,,21734,21,,,1,44,,21741,21,,,1,5,,21751,21,,,1,5,,21758,21,,,1,5,,21764,21,,,1,6,,21774,21,,,1,6,,21789,21,,,1,6,,21804,21,,,1,6,,21575,21,,,1,6,,21586,21,,,1,6,,21597,21,,,1,6,,21604,21,,,1,46,,21620,21,,,1,6,,21635,21,,,1,6,,21648,21,,,1,6,,21661,21,,,1,6,,21672,21,,,1,6,,21683,21,,,1,6,,21699,21,,,1,6,,21711,21,,,1,6,,21719,21,,,1,6,,21735,21,,,1,46,,21742,21,,,1,6,,21759,21,,,1,6,,21765,21,,,1,6,,21775,21,,,1,6,,21790,21,,,1,6,,21805,21,,,1,6,,21576,21,,,1,6,,21587,21,,,1,6,,21598,21,,,1,6,,21605,21,,,1,46,,21621,21,,,1,6,,21636,21,,,1,6,,21649,21,,,1,6,,21662,21,,,1,6,,21673,21,,,1,6,,21684,21,,,1,6,,21700,21,,,1,6,,21712,21,,,1,6,,21720,21,,,1,6,,21736,21,,,1,46,,21743,21,,,1,6,,21760,21,,,1,7,,21766,21,,,1,6,,21776,21,,,1,5,,21791,21,,,1,6,,21806,21,,,1,6,,21577,21,,,1,6,,21588,21,,,1,6,,21599,21,,,1,7,,21606,21,,,1,46,,21622,21,,,1,6,,21637,21,,,1,6,,21650,21,,,1,6,,21663,21,,,1,6,,21674,21,,,1,6,,21685,21,,,1,5,,21694,21,,,1,5,,21701,21,,,1,4,,21713,21,,,1,4,,21721,21,,,1,4,,21726,21,,,1,44,,21737,21,,,1,4,,21744,21,,,1,3,,21756,21,,,1,4,,21761,21,,,1,4,,21767,21,,,1,3,,21777,21,,,1,4,,21787,21,,,1,4,,21792,21,,,1,3,,21794,21,,,1,4,,21807,21,,,1,4,,21578,21,,,1,3,,21580,21,,,1,4,,21589,21,,,1,4,,21600,21,,,1,3,,21601,21,,,1,3,,21607,21,,,1,4,,21623,21,,,1,43,,21628,21,,,1,3,,21638,21,,,1,3,,21642,21,,,1,3,,21651,21,,,1,3,,21657,21,,,1,4,,21664,21,,,1,3,,21666,21,,,1,3,,21675,21,,,1,3,,21678,21,,,1,3,,21686,21,,,1,3,,21690,21,,,1,3,,21695,21,,,1,3,,21702,21,,,1,3,,21707,21,,,1,3,,21714,21,,,1,4,,21722,21,,,1,3,,21727,21,,,1,3,,21728,21,,,1,3,,21738,21,,,1,44,,21745,21,,,1,3,,21762,21,,,1,4,,21768,21,,,1,3,,21778,21,,,1,4,,21784,21,,,1,3,,21793,21,,,1,4,,21795,21,,,1,4,,21798,21,,,1,4,,21579,21,,,1,4,,21581,21,,,1,4,,21590,21,,,1,4,,21594,21,,,1,4,,21608,21,,,1,4,,21624,21,,,1,4,,21629,21,,,1,4,,21639,21,,,1,44,,21643,21,,,1,4,,21652,21,,,1,5,,21658,21,,,1,4,,21667,21,,,1,5,,21679,21,,,1,5,,21687,21,,,1,5,,21691,21,,,1,5,,21703,21,,,1,5,,21715,21,,,1,6,,21723,21,,,1,5,,21729,21,,,1,6,,21746,21,,,1,46,,21769,21,,,1,5,,21779,21,,,1,6,,21785,21,,,1,6,,21796,21,,,1,6,,21799,21,,,1,6,,21582,21,,,1,6,,21591,21,,,1,6,,21609,21,,,1,6,,21625,21,,,1,6,,21630,21,,,1,46,,21644,21,,,1,6,,21653,21,,,1,6,,21668,21,,,1,6,,21680,21,,,1,6,,21688,21,,,1,6,,21692,21,,,1,6,,21704,21,,,1,6,,21724,21,,,1,6,,21730,21,,,1,7,,21747,21,,,1,46,,21770,21,,,1,6,,21780,21,,,1,6,,21786,21,,,1,6,,21797,21,,,1,6,,21800,21,,,1,6,,21583,21,,,1,6,,21592,21,,,1,6,,21610,21,,,1,6,,21626,21,,,1,6,,21631,21,,,1,47,,21645,21,,,1,8,,21654,21,,,1,8,,21669,21,,,1,8,,21689,21,,,1,8,,21693,21,,,1,8,,21725,21,,,1,8,,21731,21,,,1,48,,21748,21,,,1,8,,21771,21,,,1,8,,21781,21,,,1,8,,21801,21,,,1,8,,21584,21,,,1,8,,21611,21,,,1,7,,21627,21,,,1,8,,21632,21,,,1,52,,21646,21,,,1
