100,'GLOBAUX-01-A',550,,20201,16,,,1,50,,20211,16,,,1,10,,20229,16,,,1,10,,20236,16,,,1,10,,20246,16,,,1,10,,20269,16,,,1,10,,20287,16,,,1,50,,20297,16,,,1,10,,20304,16,,,1,10,,20314,16,,,1,10,,20331,16,,,1,10,,20341,16,,,1,10,,20202,16,,,1,50,,20212,16,,,1,10,,20230,16,,,1,10,,20237,16,,,1,10,,20247,16,,,1,10,,20270,16,,,1,9,,20278,16,,,1,10,,20288,16,,,1,49,,20298,16,,,1,9,,20305,16,,,1,8,,20315,16,,,1,8,,20332,16,,,1,9,,20342,16,,,1,8,,20203,16,,,1,9,,20213,16,,,1,48,,20221,16,,,1,8,,20231,16,,,1,9,,20238,16,,,1,8,,20248,16,,,1,8,,20263,16,,,1,8,,20271,16,,,1,7,,20279,16,,,1,48,,20289,16,,,1,8,,20299,16,,,1,7,,20306,16,,,1,8,,20316,16,,,1,8,,20333,16,,,1,8,,20343,16,,,1,7,,20204,16,,,1,8,,20214,16,,,1,48,,20222,16,,,1,7,,20232,16,,,1,7,,20239,16,,,1,7,,20249,16,,,1,6,,20256,16,,,1,7,,20264,16,,,1,6,,20272,16,,,1,7,,20280,16,,,1,6,,20290,16,,,1,47,,20300,16,,,1,6,,20307,16,,,1,7,,20317,16,,,1,6,,20324,16,,,1,7,,20334,16,,,1,6,,20344,16,,,1,7,,20205,16,,,1,6,,20215,16,,,1,7,,20223,16,,,1,46,,20233,16,,,1,7,,20240,16,,,1,7,,20250,16,,,1,6,,20257,16,,,1,6,,20265,16,,,1,7,,20273,16,,,1,6,,20281,16,,,1,7,,20291,16,,,1,6,,20301,16,,,1,47,,20308,16,,,1,6,,20318,16,,,1,7,,20325,16,,,1,7,,20335,16,,,1,6,,20345,16,,,1,7,,20206,16,,,1,6,,20216,16,,,1,7,,20224,16,,,1,6,,20234,16,,,1,47,,20241,16,,,1,6,,20251,16,,,1,7,,20258,16,,,1,6,,20266,16,,,1,7,,20274,16,,,1,6,,20282,16,,,1,7,,20292,16,,,1,6,,20302,16,,,1,7,,20309,16,,,1,6,,20319,16,,,1,47,,20326,16,,,1,6,,20336,16,,,1,7,,20346,16,,,1,6,,20207,16,,,1,7,,20217,16,,,1,6,,20225,16,,,1,7,,20235,16,,,1,6,,20242,16,,,1,7,,20252,16,,,1,46,,20259,16,,,1,7,,20267,16,,,1,6,,20275,16,,,1,6,,20283,16,,,1,7,,20293,16,,,1,6,,20303,16,,,1,7,,20310,16,,,1,7,,20320,16,,,1,7,,20327,16,,,1,47,,20337,16,,,1,8,,20347,16,,,1,8,,20208,16,,,1,7,,20218,16,,,1,8,,20226,16,,,1,7,,20243,16,,,1,8,,20253,16,,,1,8,,20260,16,,,1,47,,20268,16,,,1,8,,20276,16,,,1,8,,20284,16,,,1,8,,20294,16,,,1,8,,20311,16,,,1,9,,20321,16,,,1,8,,20328,16,,,1,48,,20338,16,,,1,9,,20348,16,,,1,8,,20209,16,,,1,9,,20219,16,,,1,8,,20227,16,,,1,8,,20244,16,,,1,9,,20254,16,,,1,48,,20261,16,,,1,9,,20277,16,,,1,8,,20285,16,,,1,9,,20295,16,,,1,9,,20312,16,,,1,10,,20322,16,,,1,10,,20329,16,,,1,50,,20339,16,,,1,10,,20349,16,,,1,10,,20210,16,,,1,10,,20220,16,,,1,10,,20228,16,,,1,9,,20245,16,,,1,50,,20255,16,,,1,10,,20262,16,,,1,10,,20286,16,,,1,10,,20296,16,,,1,10,,20313,16,,,1,10,,20323,16,,,1,50,,20330,16,,,1,10,,20340,16,,,1,14,,20350,16,,,1
100,'GLOBAUX-01-F1',550,,20351,16,,,1,50,,20361,16,,,1,10,,20368,16,,,1,10,,20393,16,,,1,10,,20403,16,,,1,10,,20413,16,,,1,10,,20435,16,,,1,50,,20445,16,,,1,10,,20454,16,,,1,10,,20463,16,,,1,10,,20472,16,,,1,10,,20481,16,,,1,10,,20352,16,,,1,50,,20362,16,,,1,10,,20369,16,,,1,10,,20394,16,,,1,9,,20404,16,,,1,10,,20414,16,,,1,9,,20429,16,,,1,10,,20436,16,,,1,49,,20446,16,,,1,9,,20455,16,,,1,10,,20464,16,,,1,9,,20473,16,,,1,9,,20482,16,,,1,8,,20353,16,,,1,48,,20363,16,,,1,9,,20370,16,,,1,8,,20385,16,,,1,9,,20395,16,,,1,8,,20405,16,,,1,9,,20415,16,,,1,8,,20430,16,,,1,49,,20437,16,,,1,8,,20447,16,,,1,9,,20456,16,,,1,8,,20465,16,,,1,8,,20474,16,,,1,9,,20483,16,,,1,8,,20354,16,,,1,8,,20364,16,,,1,48,,20371,16,,,1,7,,20378,16,,,1,8,,20386,16,,,1,8,,20396,16,,,1,7,,20406,16,,,1,8,,20416,16,,,1,8,,20431,16,,,1,7,,20438,16,,,1,48,,20448,16,,,1,8,,20457,16,,,1,7,,20466,16,,,1,8,,20475,16,,,1,8,,20484,16,,,1,8,,20355,16,,,1,7,,20365,16,,,1,48,,20372,16,,,1,8,,20379,16,,,1,7,,20387,16,,,1,8,,20397,16,,,1,7,,20407,16,,,1,7,,20417,16,,,1,7,,20423,16,,,1,7,,20432,16,,,1,7,,20439,16,,,1,47,,20449,16,,,1,7,,20458,16,,,1,7,,20467,16,,,1,7,,20476,16,,,1,7,,20485,16,,,1,7,,20356,16,,,1,7,,20366,16,,,1,7,,20373,16,,,1,47,,20380,16,,,1,7,,20388,16,,,1,7,,20398,16,,,1,7,,20408,16,,,1,7,,20418,16,,,1,7,,20424,16,,,1,7,,20433,16,,,1,7,,20440,16,,,1,7,,20450,16,,,1,47,,20459,16,,,1,7,,20468,16,,,1,7,,20477,16,,,1,7,,20486,16,,,1,7,,20357,16,,,1,7,,20367,16,,,1,7,,20374,16,,,1,7,,20381,16,,,1,47,,20389,16,,,1,7,,20399,16,,,1,7,,20409,16,,,1,7,,20419,16,,,1,7,,20425,16,,,1,7,,20434,16,,,1,7,,20441,16,,,1,7,,20451,16,,,1,8,,20460,16,,,1,49,,20469,16,,,1,8,,20478,16,,,1,9,,20487,16,,,1,8,,20358,16,,,1,8,,20375,16,,,1,9,,20382,16,,,1,8,,20390,16,,,1,49,,20400,16,,,1,8,,20410,16,,,1,8,,20420,16,,,1,9,,20426,16,,,1,8,,20442,16,,,1,9,,20452,16,,,1,8,,20461,16,,,1,48,,20470,16,,,1,9,,20479,16,,,1,8,,20488,16,,,1,9,,20359,16,,,1,8,,20376,16,,,1,8,,20383,16,,,1,9,,20391,16,,,1,49,,20401,16,,,1,9,,20411,16,,,1,9,,20421,16,,,1,9,,20427,16,,,1,9,,20443,16,,,1,9,,20453,16,,,1,9,,20462,16,,,1,49,,20471,16,,,1,9,,20480,16,,,1,9,,20489,16,,,1,10,,20360,16,,,1,10,,20377,16,,,1,10,,20384,16,,,1,50,,20392,16,,,1,10,,20402,16,,,1,10,,20412,16,,,1,10,,20422,16,,,1,10,,20428,16,,,1,14,,20444,16,,,1
100,'GLOBAUX-01-F2',550,,20490,16,,,1,50,,20500,16,,,1,10,,20507,16,,,1,10,,20532,16,,,1,10,,20542,16,,,1,10,,20552,16,,,1,10,,20574,16,,,1,50,,20584,16,,,1,10,,20593,16,,,1,10,,20602,16,,,1,10,,20611,16,,,1,10,,20620,16,,,1,10,,20491,16,,,1,50,,20501,16,,,1,10,,20508,16,,,1,10,,20533,16,,,1,9,,20543,16,,,1,10,,20553,16,,,1,9,,20568,16,,,1,10,,20575,16,,,1,49,,20585,16,,,1,9,,20594,16,,,1,10,,20603,16,,,1,9,,20612,16,,,1,9,,20621,16,,,1,8,,20492,16,,,1,48,,20502,16,,,1,9,,20509,16,,,1,8,,20524,16,,,1,9,,20534,16,,,1,8,,20544,16,,,1,9,,20554,16,,,1,8,,20569,16,,,1,49,,20576,16,,,1,8,,20586,16,,,1,9,,20595,16,,,1,8,,20604,16,,,1,8,,20613,16,,,1,9,,20622,16,,,1,8,,20493,16,,,1,8,,20503,16,,,1,48,,20510,16,,,1,7,,20517,16,,,1,8,,20525,16,,,1,8,,20535,16,,,1,7,,20545,16,,,1,8,,20555,16,,,1,8,,20570,16,,,1,7,,20577,16,,,1,48,,20587,16,,,1,8,,20596,16,,,1,7,,20605,16,,,1,8,,20614,16,,,1,8,,20623,16,,,1,8,,20494,16,,,1,7,,20504,16,,,1,48,,20511,16,,,1,8,,20518,16,,,1,7,,20526,16,,,1,8,,20536,16,,,1,7,,20546,16,,,1,7,,20556,16,,,1,7,,20562,16,,,1,7,,20571,16,,,1,7,,20578,16,,,1,47,,20588,16,,,1,7,,20597,16,,,1,7,,20606,16,,,1,7,,20615,16,,,1,7,,20624,16,,,1,7,,20495,16,,,1,7,,20505,16,,,1,7,,20512,16,,,1,47,,20519,16,,,1,7,,20527,16,,,1,7,,20537,16,,,1,7,,20547,16,,,1,7,,20557,16,,,1,7,,20563,16,,,1,7,,20572,16,,,1,7,,20579,16,,,1,7,,20589,16,,,1,47,,20598,16,,,1,7,,20607,16,,,1,7,,20616,16,,,1,7,,20625,16,,,1,7,,20496,16,,,1,7,,20506,16,,,1,7,,20513,16,,,1,7,,20520,16,,,1,47,,20528,16,,,1,7,,20538,16,,,1,7,,20548,16,,,1,7,,20558,16,,,1,7,,20564,16,,,1,7,,20573,16,,,1,7,,20580,16,,,1,7,,20590,16,,,1,8,,20599,16,,,1,49,,20608,16,,,1,8,,20617,16,,,1,9,,20626,16,,,1,8,,20497,16,,,1,8,,20514,16,,,1,9,,20521,16,,,1,8,,20529,16,,,1,49,,20539,16,,,1,8,,20549,16,,,1,8,,20559,16,,,1,9,,20565,16,,,1,8,,20581,16,,,1,9,,20591,16,,,1,8,,20600,16,,,1,48,,20609,16,,,1,9,,20618,16,,,1,8,,20627,16,,,1,9,,20498,16,,,1,8,,20515,16,,,1,8,,20522,16,,,1,9,,20530,16,,,1,49,,20540,16,,,1,9,,20550,16,,,1,9,,20560,16,,,1,9,,20566,16,,,1,9,,20582,16,,,1,9,,20592,16,,,1,9,,20601,16,,,1,49,,20610,16,,,1,9,,20619,16,,,1,9,,20628,16,,,1,10,,20499,16,,,1,10,,20516,16,,,1,10,,20523,16,,,1,50,,20531,16,,,1,10,,20541,16,,,1,10,,20551,16,,,1,10,,20561,16,,,1,10,,20567,16,,,1,14,,20583,16,,,1
100,'GLOBAUX-01-I',550,,20629,16,,,1,50,,20639,16,,,1,10,,20646,16,,,1,10,,20671,16,,,1,10,,20681,16,,,1,10,,20691,16,,,1,10,,20713,16,,,1,50,,20723,16,,,1,10,,20732,16,,,1,10,,20741,16,,,1,10,,20750,16,,,1,10,,20759,16,,,1,10,,20630,16,,,1,50,,20640,16,,,1,10,,20647,16,,,1,10,,20672,16,,,1,9,,20682,16,,,1,10,,20692,16,,,1,9,,20707,16,,,1,10,,20714,16,,,1,49,,20724,16,,,1,9,,20733,16,,,1,10,,20742,16,,,1,9,,20751,16,,,1,9,,20760,16,,,1,8,,20631,16,,,1,48,,20641,16,,,1,9,,20648,16,,,1,8,,20663,16,,,1,9,,20673,16,,,1,8,,20683,16,,,1,9,,20693,16,,,1,8,,20708,16,,,1,49,,20715,16,,,1,8,,20725,16,,,1,9,,20734,16,,,1,8,,20743,16,,,1,8,,20752,16,,,1,9,,20761,16,,,1,8,,20632,16,,,1,8,,20642,16,,,1,48,,20649,16,,,1,7,,20656,16,,,1,8,,20664,16,,,1,8,,20674,16,,,1,7,,20684,16,,,1,8,,20694,16,,,1,8,,20709,16,,,1,7,,20716,16,,,1,48,,20726,16,,,1,8,,20735,16,,,1,7,,20744,16,,,1,8,,20753,16,,,1,8,,20762,16,,,1,8,,20633,16,,,1,7,,20643,16,,,1,48,,20650,16,,,1,8,,20657,16,,,1,7,,20665,16,,,1,8,,20675,16,,,1,7,,20685,16,,,1,7,,20695,16,,,1,7,,20701,16,,,1,7,,20710,16,,,1,7,,20717,16,,,1,47,,20727,16,,,1,7,,20736,16,,,1,7,,20745,16,,,1,7,,20754,16,,,1,7,,20763,16,,,1,7,,20634,16,,,1,7,,20644,16,,,1,7,,20651,16,,,1,47,,20658,16,,,1,7,,20666,16,,,1,7,,20676,16,,,1,7,,20686,16,,,1,7,,20696,16,,,1,7,,20702,16,,,1,7,,20711,16,,,1,7,,20718,16,,,1,7,,20728,16,,,1,47,,20737,16,,,1,7,,20746,16,,,1,7,,20755,16,,,1,7,,20764,16,,,1,7,,20635,16,,,1,7,,20645,16,,,1,7,,20652,16,,,1,7,,20659,16,,,1,47,,20667,16,,,1,7,,20677,16,,,1,7,,20687,16,,,1,7,,20697,16,,,1,7,,20703,16,,,1,7,,20712,16,,,1,7,,20719,16,,,1,7,,20729,16,,,1,8,,20738,16,,,1,49,,20747,16,,,1,8,,20756,16,,,1,9,,20765,16,,,1,8,,20636,16,,,1,8,,20653,16,,,1,9,,20660,16,,,1,8,,20668,16,,,1,49,,20678,16,,,1,8,,20688,16,,,1,8,,20698,16,,,1,9,,20704,16,,,1,8,,20720,16,,,1,9,,20730,16,,,1,8,,20739,16,,,1,48,,20748,16,,,1,9,,20757,16,,,1,8,,20766,16,,,1,9,,20637,16,,,1,8,,20654,16,,,1,8,,20661,16,,,1,9,,20669,16,,,1,49,,20679,16,,,1,9,,20689,16,,,1,9,,20699,16,,,1,9,,20705,16,,,1,9,,20721,16,,,1,9,,20731,16,,,1,9,,20740,16,,,1,49,,20749,16,,,1,9,,20758,16,,,1,9,,20767,16,,,1,10,,20638,16,,,1,10,,20655,16,,,1,10,,20662,16,,,1,50,,20670,16,,,1,10,,20680,16,,,1,10,,20690,16,,,1,10,,20700,16,,,1,10,,20706,16,,,1,14,,20722,16,,,1
100,'GLOBAUX-01-S',550,,20768,16,,,1,7,,20796,16,,,1,47,,20806,16,,,1,6,,20826,16,,,1,7,,20848,16,,,1,7,,20852,16,,,1,7,,20859,16,,,1,7,,20870,16,,,1,5,,20876,16,,,1,4,,20893,16,,,1,3,,20902,16,,,1,4,,20905,16,,,1,4,,20913,16,,,1,44,,20930,16,,,1,3,,20936,16,,,1,3,,20946,16,,,1,4,,20948,16,,,1,3,,20950,16,,,1,3,,20952,16,,,1,4,,20968,16,,,1,3,,20977,16,,,1,3,,20979,16,,,1,3,,20997,16,,,1,4,,21003,16,,,1,3,,21004,16,,,1,3,,20769,16,,,1,4,,20787,16,,,1,3,,20789,16,,,1,3,,20797,16,,,1,3,,20807,16,,,1,3,,20808,16,,,1,44,,20809,16,,,1,3,,20811,16,,,1,3,,20812,16,,,1,3,,20827,16,,,1,3,,20833,16,,,1,3,,20839,16,,,1,3,,20849,16,,,1,3,,20853,16,,,1,3,,20860,16,,,1,3,,20865,16,,,1,3,,20871,16,,,1,3,,20877,16,,,1,3,,20894,16,,,1,3,,20903,16,,,1,3,,20906,16,,,1,3,,20912,16,,,1,4,,20914,16,,,1,3,,20931,16,,,1,3,,20937,16,,,1,3,,20947,16,,,1,43,,20949,16,,,1,4,,20951,16,,,1,3,,20955,16,,,1,4,,20960,16,,,1,3,,20969,16,,,1,4,,20978,16,,,1,3,,20984,16,,,1,4,,20998,16,,,1,4,,21005,16,,,1,3,,20770,16,,,1,5,,20780,16,,,1,4,,20790,16,,,1,5,,20798,16,,,1,5,,20810,16,,,1,5,,20813,16,,,1,45,,20828,16,,,1,6,,20840,16,,,1,6,,20854,16,,,1,6,,20866,16,,,1,6,,20878,16,,,1,6,,20895,16,,,1,6,,20907,16,,,1,6,,20915,16,,,1,6,,20932,16,,,1,6,,20938,16,,,1,46,,20956,16,,,1,6,,20961,16,,,1,6,,20970,16,,,1,6,,20985,16,,,1,6,,20999,16,,,1,6,,20771,16,,,1,6,,20781,16,,,1,6,,20791,16,,,1,6,,20799,16,,,1,6,,20814,16,,,1,46,,20829,16,,,1,6,,20841,16,,,1,6,,20855,16,,,1,7,,20867,16,,,1,6,,20879,16,,,1,6,,20896,16,,,1,6,,20908,16,,,1,6,,20916,16,,,1,6,,20933,16,,,1,6,,20939,16,,,1,46,,20957,16,,,1,6,,20962,16,,,1,6,,20971,16,,,1,6,,20986,16,,,1,6,,21000,16,,,1,6,,20772,16,,,1,6,,20782,16,,,1,6,,20792,16,,,1,6,,20800,16,,,1,6,,20815,16,,,1,46,,20830,16,,,1,6,,20842,16,,,1,6,,20856,16,,,1,6,,20868,16,,,1,6,,20880,16,,,1,6,,20897,16,,,1,6,,20909,16,,,1,6,,20917,16,,,1,6,,20934,16,,,1,6,,20940,16,,,1,46,,20958,16,,,1,6,,20963,16,,,1,6,,20972,16,,,1,5,,20987,16,,,1,4,,20989,16,,,1,4,,21001,16,,,1,4,,20773,16,,,1,4,,20775,16,,,1,4,,20783,16,,,1,4,,20793,16,,,1,4,,20795,16,,,1,4,,20801,16,,,1,4,,20816,16,,,1,44,,20821,16,,,1,3,,20831,16,,,1,3,,20834,16,,,1,3,,20843,16,,,1,4,,20850,16,,,1,3,,20857,16,,,1,3,,20869,16,,,1,3,,20872,16,,,1,3,,20881,16,,,1,3,,20886,16,,,1,3,,20891,16,,,1,3,,20898,16,,,1,3,,20904,16,,,1,3,,20910,16,,,1,3,,20918,16,,,1,3,,20923,16,,,1,2,,20925,16,,,1,3,,20935,16,,,1,3,,20941,16,,,1,3,,20953,16,,,1,42,,20954,16,,,1,3,,20959,16,,,1,3,,20964,16,,,1,3,,20973,16,,,1,2,,20980,16,,,1,3,,20983,16,,,1,3,,20988,16,,,1,3,,20990,16,,,1,2,,20993,16,,,1,3,,21002,16,,,1,3,,20774,16,,,1,3,,20776,16,,,1,3,,20784,16,,,1,3,,20788,16,,,1,3,,20794,16,,,1,3,,20802,16,,,1,4,,20817,16,,,1,3,,20822,16,,,1,4,,20832,16,,,1,3,,20835,16,,,1,44,,20844,16,,,1,4,,20851,16,,,1,3,,20858,16,,,1,4,,20861,16,,,1,4,,20873,16,,,1,4,,20882,16,,,1,4,,20887,16,,,1,4,,20892,16,,,1,4,,20899,16,,,1,4,,20911,16,,,1,4,,20919,16,,,1,4,,20924,16,,,1,4,,20926,16,,,1,4,,20942,16,,,1,6,,20965,16,,,1,45,,20974,16,,,1,6,,20981,16,,,1,6,,20991,16,,,1,6,,20994,16,,,1,6,,20777,16,,,1,6,,20785,16,,,1,6,,20803,16,,,1,6,,20818,16,,,1,6,,20823,16,,,1,5,,20836,16,,,1,46,,20845,16,,,1,7,,20862,16,,,1,6,,20874,16,,,1,6,,20883,16,,,1,6,,20888,16,,,1,6,,20900,16,,,1,6,,20920,16,,,1,6,,20927,16,,,1,6,,20943,16,,,1,6,,20966,16,,,1,46,,20975,16,,,1,6,,20982,16,,,1,6,,20992,16,,,1,6,,20995,16,,,1,6,,20778,16,,,1,7,,20786,16,,,1,6,,20804,16,,,1,6,,20819,16,,,1,6,,20824,16,,,1,6,,20837,16,,,1,46,,20846,16,,,1,6,,20863,16,,,1,6,,20875,16,,,1,6,,20884,16,,,1,6,,20889,16,,,1,7,,20901,16,,,1,6,,20921,16,,,1,6,,20928,16,,,1,9,,20944,16,,,1,48,,20967,16,,,1,8,,20976,16,,,1,8,,20996,16,,,1,7,,20779,16,,,1,8,,20805,16,,,1,8,,20820,16,,,1,8,,20825,16,,,1,8,,20838,16,,,1,48,,20847,16,,,1,8,,20864,16,,,1,8,,20885,16,,,1,8,,20890,16,,,1,8,,20922,16,,,1,8,,20929,16,,,1,12,,20945,16,,,1
101,'GLOBAUX-01-A',545,,21092,12,,,1,10,,21102,12,,,1,50,,21109,12,,,1,10,,21119,12,,,1,10,,21136,12,,,1,10,,21146,12,,,1,10,,21006,12,,,1,10,,21016,12,,,1,50,,21035,12,,,1,10,,21042,12,,,1,10,,21052,12,,,1,10,,21074,12,,,1,9,,21082,12,,,1,9,,21093,12,,,1,50,,21103,12,,,1,9,,21110,12,,,1,9,,21120,12,,,1,9,,21137,12,,,1,8,,21147,12,,,1,9,,21007,12,,,1,8,,21017,12,,,1,49,,21026,12,,,1,8,,21036,12,,,1,9,,21043,12,,,1,8,,21053,12,,,1,8,,21075,12,,,1,9,,21083,12,,,1,8,,21094,12,,,1,49,,21104,12,,,1,8,,21111,12,,,1,9,,21121,12,,,1,8,,21138,12,,,1,8,,21148,12,,,1,9,,21008,12,,,1,8,,21018,12,,,1,48,,21027,12,,,1,8,,21037,12,,,1,7,,21044,12,,,1,8,,21054,12,,,1,8,,21069,12,,,1,7,,21076,12,,,1,8,,21084,12,,,1,8,,21095,12,,,1,47,,21105,12,,,1,8,,21112,12,,,1,7,,21122,12,,,1,6,,21129,12,,,1,7,,21139,12,,,1,6,,21149,12,,,1,7,,21009,12,,,1,6,,21019,12,,,1,7,,21028,12,,,1,46,,21038,12,,,1,7,,21045,12,,,1,6,,21055,12,,,1,7,,21062,12,,,1,6,,21070,12,,,1,7,,21077,12,,,1,6,,21085,12,,,1,7,,21096,12,,,1,6,,21106,12,,,1,47,,21113,12,,,1,6,,21123,12,,,1,7,,21130,12,,,1,6,,21140,12,,,1,7,,21150,12,,,1,6,,21010,12,,,1,7,,21020,12,,,1,6,,21029,12,,,1,7,,21039,12,,,1,6,,21046,12,,,1,47,,21056,12,,,1,6,,21063,12,,,1,7,,21071,12,,,1,6,,21078,12,,,1,7,,21086,12,,,1,6,,21097,12,,,1,7,,21107,12,,,1,6,,21114,12,,,1,7,,21124,12,,,1,46,,21131,12,,,1,7,,21141,12,,,1,6,,21151,12,,,1,7,,21011,12,,,1,6,,21021,12,,,1,7,,21030,12,,,1,6,,21040,12,,,1,7,,21047,12,,,1,6,,21057,12,,,1,47,,21064,12,,,1,6,,21072,12,,,1,7,,21079,12,,,1,6,,21087,12,,,1,7,,21098,12,,,1,6,,21108,12,,,1,7,,21115,12,,,1,6,,21125,12,,,1,7,,21132,12,,,1,46,,21142,12,,,1,7,,21152,12,,,1,6,,21012,12,,,1,7,,21022,12,,,1,6,,21031,12,,,1,7,,21041,12,,,1,6,,21048,12,,,1,7,,21058,12,,,1,8,,21065,12,,,1,48,,21073,12,,,1,7,,21080,12,,,1,8,,21088,12,,,1,8,,21099,12,,,1,7,,21116,12,,,1,8,,21126,12,,,1,8,,21133,12,,,1,8,,21143,12,,,1,49,,21153,12,,,1,8,,21013,12,,,1,9,,21023,12,,,1,8,,21032,12,,,1,8,,21049,12,,,1,9,,21059,12,,,1,8,,21066,12,,,1,49,,21081,12,,,1,8,,21089,12,,,1,9,,21100,12,,,1,8,,21117,12,,,1,8,,21127,12,,,1,9,,21134,12,,,1,9,,21144,12,,,1,49,,21154,12,,,1,10,,21014,12,,,1,9,,21024,12,,,1,10,,21033,12,,,1,9,,21050,12,,,1,10,,21060,12,,,1,50,,21067,12,,,1,10,,21090,12,,,1,10,,21101,12,,,1,10,,21118,12,,,1,10,,21128,12,,,1,10,,21135,12,,,1,50,,21145,12,,,1,10,,21155,12,,,1,10,,21015,12,,,1,10,,21025,12,,,1,10,,21034,12,,,1,10,,21051,12,,,1,50,,21061,12,,,1,10,,21068,12,,,1,10,,21091,12,,,1
101,'GLOBAUX-01-F1',544,,21236,12,,,1,10,,21246,12,,,1,50,,21255,12,,,1,10,,21265,12,,,1,10,,21275,12,,,1,10,,21285,12,,,1,10,,21156,12,,,1,10,,21166,12,,,1,51,,21173,12,,,1,10,,21198,12,,,1,10,,21207,12,,,1,10,,21216,12,,,1,9,,21230,12,,,1,9,,21237,12,,,1,50,,21247,12,,,1,9,,21256,12,,,1,9,,21266,12,,,1,10,,21276,12,,,1,8,,21286,12,,,1,9,,21157,12,,,1,8,,21167,12,,,1,48,,21174,12,,,1,9,,21190,12,,,1,8,,21199,12,,,1,9,,21208,12,,,1,8,,21217,12,,,1,9,,21231,12,,,1,8,,21238,12,,,1,48,,21248,12,,,1,9,,21257,12,,,1,8,,21267,12,,,1,9,,21277,12,,,1,8,,21287,12,,,1,8,,21158,12,,,1,9,,21168,12,,,1,48,,21175,12,,,1,9,,21191,12,,,1,8,,21200,12,,,1,9,,21209,12,,,1,8,,21218,12,,,1,9,,21232,12,,,1,8,,21239,12,,,1,48,,21249,12,,,1,9,,21258,12,,,1,8,,21268,12,,,1,9,,21278,12,,,1,7,,21288,12,,,1,8,,21159,12,,,1,8,,21169,12,,,1,7,,21176,12,,,1,48,,21183,12,,,1,8,,21192,12,,,1,7,,21201,12,,,1,8,,21210,12,,,1,8,,21219,12,,,1,7,,21233,12,,,1,8,,21240,12,,,1,8,,21250,12,,,1,47,,21259,12,,,1,8,,21269,12,,,1,8,,21279,12,,,1,7,,21289,12,,,1,8,,21160,12,,,1,8,,21170,12,,,1,7,,21177,12,,,1,48,,21184,12,,,1,8,,21193,12,,,1,7,,21202,12,,,1,7,,21211,12,,,1,7,,21220,12,,,1,7,,21225,12,,,1,7,,21234,12,,,1,6,,21241,12,,,1,7,,21251,12,,,1,47,,21260,12,,,1,7,,21270,12,,,1,7,,21280,12,,,1,7,,21290,12,,,1,7,,21161,12,,,1,7,,21171,12,,,1,7,,21178,12,,,1,7,,21185,12,,,1,7,,21194,12,,,1,47,,21203,12,,,1,7,,21212,12,,,1,7,,21221,12,,,1,7,,21226,12,,,1,7,,21235,12,,,1,7,,21242,12,,,1,7,,21252,12,,,1,7,,21261,12,,,1,47,,21271,12,,,1,7,,21281,12,,,1,7,,21291,12,,,1,7,,21162,12,,,1,7,,21172,12,,,1,7,,21179,12,,,1,7,,21186,12,,,1,9,,21195,12,,,1,48,,21204,12,,,1,9,,21213,12,,,1,8,,21222,12,,,1,8,,21227,12,,,1,9,,21243,12,,,1,8,,21253,12,,,1,9,,21262,12,,,1,48,,21272,12,,,1,9,,21282,12,,,1,8,,21292,12,,,1,8,,21163,12,,,1,9,,21180,12,,,1,8,,21187,12,,,1,9,,21196,12,,,1,8,,21205,12,,,1,48,,21214,12,,,1,9,,21223,12,,,1,8,,21228,12,,,1,9,,21244,12,,,1,8,,21254,12,,,1,8,,21263,12,,,1,9,,21273,12,,,1,48,,21283,12,,,1,9,,21293,12,,,1,8,,21164,12,,,1,10,,21181,12,,,1,10,,21188,12,,,1,10,,21197,12,,,1,50,,21206,12,,,1,10,,21215,12,,,1,10,,21224,12,,,1,10,,21229,12,,,1,10,,21245,12,,,1,10,,21264,12,,,1,49,,21274,12,,,1,10,,21284,12,,,1,10,,21294,12,,,1,10,,21165,12,,,1,10,,21182,12,,,1,10,,21189,12,,,1
101,'GLOBAUX-01-F2',544,,21375,12,,,1,10,,21385,12,,,1,50,,21394,12,,,1,10,,21404,12,,,1,10,,21414,12,,,1,10,,21424,12,,,1,10,,21295,12,,,1,10,,21305,12,,,1,51,,21312,12,,,1,10,,21337,12,,,1,10,,21346,12,,,1,10,,21355,12,,,1,9,,21369,12,,,1,9,,21376,12,,,1,50,,21386,12,,,1,9,,21395,12,,,1,9,,21405,12,,,1,10,,21415,12,,,1,8,,21425,12,,,1,9,,21296,12,,,1,8,,21306,12,,,1,48,,21313,12,,,1,9,,21329,12,,,1,8,,21338,12,,,1,9,,21347,12,,,1,8,,21356,12,,,1,9,,21370,12,,,1,8,,21377,12,,,1,48,,21387,12,,,1,9,,21396,12,,,1,8,,21406,12,,,1,9,,21416,12,,,1,8,,21426,12,,,1,8,,21297,12,,,1,9,,21307,12,,,1,48,,21314,12,,,1,9,,21330,12,,,1,8,,21339,12,,,1,9,,21348,12,,,1,8,,21357,12,,,1,9,,21371,12,,,1,8,,21378,12,,,1,48,,21388,12,,,1,9,,21397,12,,,1,8,,21407,12,,,1,9,,21417,12,,,1,7,,21427,12,,,1,8,,21298,12,,,1,8,,21308,12,,,1,7,,21315,12,,,1,48,,21322,12,,,1,8,,21331,12,,,1,7,,21340,12,,,1,8,,21349,12,,,1,8,,21358,12,,,1,7,,21372,12,,,1,8,,21379,12,,,1,8,,21389,12,,,1,47,,21398,12,,,1,8,,21408,12,,,1,8,,21418,12,,,1,7,,21428,12,,,1,8,,21299,12,,,1,8,,21309,12,,,1,7,,21316,12,,,1,48,,21323,12,,,1,8,,21332,12,,,1,7,,21341,12,,,1,7,,21350,12,,,1,7,,21359,12,,,1,7,,21364,12,,,1,7,,21373,12,,,1,6,,21380,12,,,1,7,,21390,12,,,1,47,,21399,12,,,1,7,,21409,12,,,1,7,,21419,12,,,1,7,,21429,12,,,1,7,,21300,12,,,1,7,,21310,12,,,1,7,,21317,12,,,1,7,,21324,12,,,1,7,,21333,12,,,1,47,,21342,12,,,1,7,,21351,12,,,1,7,,21360,12,,,1,7,,21365,12,,,1,7,,21374,12,,,1,7,,21381,12,,,1,7,,21391,12,,,1,7,,21400,12,,,1,47,,21410,12,,,1,7,,21420,12,,,1,7,,21430,12,,,1,7,,21301,12,,,1,7,,21311,12,,,1,7,,21318,12,,,1,7,,21325,12,,,1,9,,21334,12,,,1,48,,21343,12,,,1,9,,21352,12,,,1,8,,21361,12,,,1,8,,21366,12,,,1,9,,21382,12,,,1,8,,21392,12,,,1,9,,21401,12,,,1,48,,21411,12,,,1,9,,21421,12,,,1,8,,21431,12,,,1,8,,21302,12,,,1,9,,21319,12,,,1,8,,21326,12,,,1,9,,21335,12,,,1,8,,21344,12,,,1,48,,21353,12,,,1,9,,21362,12,,,1,8,,21367,12,,,1,9,,21383,12,,,1,8,,21393,12,,,1,8,,21402,12,,,1,9,,21412,12,,,1,48,,21422,12,,,1,9,,21432,12,,,1,8,,21303,12,,,1,10,,21320,12,,,1,10,,21327,12,,,1,10,,21336,12,,,1,50,,21345,12,,,1,10,,21354,12,,,1,10,,21363,12,,,1,10,,21368,12,,,1,10,,21384,12,,,1,10,,21403,12,,,1,49,,21413,12,,,1,10,,21423,12,,,1,10,,21433,12,,,1,10,,21304,12,,,1,10,,21321,12,,,1,10,,21328,12,,,1
101,'GLOBAUX-01-I',544,,21514,12,,,1,10,,21524,12,,,1,50,,21533,12,,,1,10,,21543,12,,,1,10,,21553,12,,,1,10,,21563,12,,,1,10,,21434,12,,,1,10,,21444,12,,,1,51,,21451,12,,,1,10,,21476,12,,,1,10,,21485,12,,,1,10,,21494,12,,,1,9,,21508,12,,,1,9,,21515,12,,,1,50,,21525,12,,,1,9,,21534,12,,,1,9,,21544,12,,,1,10,,21554,12,,,1,8,,21564,12,,,1,9,,21435,12,,,1,8,,21445,12,,,1,48,,21452,12,,,1,9,,21468,12,,,1,8,,21477,12,,,1,9,,21486,12,,,1,8,,21495,12,,,1,9,,21509,12,,,1,8,,21516,12,,,1,48,,21526,12,,,1,9,,21535,12,,,1,8,,21545,12,,,1,9,,21555,12,,,1,8,,21565,12,,,1,8,,21436,12,,,1,9,,21446,12,,,1,48,,21453,12,,,1,9,,21469,12,,,1,8,,21478,12,,,1,9,,21487,12,,,1,8,,21496,12,,,1,9,,21510,12,,,1,8,,21517,12,,,1,48,,21527,12,,,1,9,,21536,12,,,1,8,,21546,12,,,1,9,,21556,12,,,1,7,,21566,12,,,1,8,,21437,12,,,1,8,,21447,12,,,1,7,,21454,12,,,1,48,,21461,12,,,1,8,,21470,12,,,1,7,,21479,12,,,1,8,,21488,12,,,1,8,,21497,12,,,1,7,,21511,12,,,1,8,,21518,12,,,1,8,,21528,12,,,1,47,,21537,12,,,1,8,,21547,12,,,1,8,,21557,12,,,1,7,,21567,12,,,1,8,,21438,12,,,1,8,,21448,12,,,1,7,,21455,12,,,1,48,,21462,12,,,1,8,,21471,12,,,1,7,,21480,12,,,1,7,,21489,12,,,1,7,,21498,12,,,1,7,,21503,12,,,1,7,,21512,12,,,1,6,,21519,12,,,1,7,,21529,12,,,1,47,,21538,12,,,1,7,,21548,12,,,1,7,,21558,12,,,1,7,,21568,12,,,1,7,,21439,12,,,1,7,,21449,12,,,1,7,,21456,12,,,1,7,,21463,12,,,1,7,,21472,12,,,1,47,,21481,12,,,1,7,,21490,12,,,1,7,,21499,12,,,1,7,,21504,12,,,1,7,,21513,12,,,1,7,,21520,12,,,1,7,,21530,12,,,1,7,,21539,12,,,1,47,,21549,12,,,1,7,,21559,12,,,1,7,,21569,12,,,1,7,,21440,12,,,1,7,,21450,12,,,1,7,,21457,12,,,1,7,,21464,12,,,1,9,,21473,12,,,1,48,,21482,12,,,1,9,,21491,12,,,1,8,,21500,12,,,1,8,,21505,12,,,1,9,,21521,12,,,1,8,,21531,12,,,1,9,,21540,12,,,1,48,,21550,12,,,1,9,,21560,12,,,1,8,,21570,12,,,1,8,,21441,12,,,1,9,,21458,12,,,1,8,,21465,12,,,1,9,,21474,12,,,1,8,,21483,12,,,1,48,,21492,12,,,1,9,,21501,12,,,1,8,,21506,12,,,1,9,,21522,12,,,1,8,,21532,12,,,1,8,,21541,12,,,1,9,,21551,12,,,1,48,,21561,12,,,1,9,,21571,12,,,1,8,,21442,12,,,1,10,,21459,12,,,1,10,,21466,12,,,1,10,,21475,12,,,1,50,,21484,12,,,1,10,,21493,12,,,1,10,,21502,12,,,1,10,,21507,12,,,1,10,,21523,12,,,1,10,,21542,12,,,1,49,,21552,12,,,1,10,,21562,12,,,1,10,,21572,12,,,1,10,,21443,12,,,1,10,,21460,12,,,1,10,,21467,12,,,1
101,'GLOBAUX-01-S',545,,21696,12,,,1,8,,21708,12,,,1,47,,21732,12,,,1,7,,21749,12,,,1,7,,21753,12,,,1,7,,21772,12,,,1,7,,21802,12,,,1,7,,21809,12,,,1,5,,21573,12,,,1,5,,21595,12,,,1,5,,21602,12,,,1,5,,21612,12,,,1,45,,21616,12,,,1,4,,21618,12,,,1,4,,21633,12,,,1,4,,21640,12,,,1,4,,21655,12,,,1,3,,21659,12,,,1,4,,21665,12,,,1,4,,21670,12,,,1,3,,21676,12,,,1,4,,21681,12,,,1,3,,21697,12,,,1,4,,21705,12,,,1,3,,21709,12,,,1,3,,21717,12,,,1,3,,21733,12,,,1,3,,21739,12,,,1,3,,21740,12,,,1,3,,21750,12,,,1,42,,21752,12,,,1,3,,21754,12,,,1,3,,21755,12,,,1,3,,21757,12,,,1,2,,21763,12,,,1,3,,21773,12,,,1,3,,21782,12,,,1,2,,21783,12,,,1,3,,21788,12,,,1,2,,21803,12,,,1,3,,21808,12,,,1,2,,21810,12,,,1,3,,21574,12,,,1,2,,21585,12,,,1,3,,21593,12,,,1,2,,21596,12,,,1,3,,21603,12,,,1,2,,21613,12,,,1,3,,21614,12,,,1,3,,21615,12,,,1,3,,21617,12,,,1,3,,21619,12,,,1,43,,21634,12,,,1,3,,21641,12,,,1,3,,21647,12,,,1,3,,21656,12,,,1,3,,21660,12,,,1,4,,21671,12,,,1,3,,21677,12,,,1,3,,21682,12,,,1,4,,21698,12,,,1,4,,21706,12,,,1,3,,21710,12,,,1,4,,21716,12,,,1,4,,21718,12,,,1,3,,21734,12,,,1,5,,21741,12,,,1,5,,21751,12,,,1,5,,21758,12,,,1,45,,21764,12,,,1,6,,21774,12,,,1,6,,21789,12,,,1,6,,21804,12,,,1,6,,21575,12,,,1,6,,21586,12,,,1,6,,21597,12,,,1,6,,21604,12,,,1,6,,21620,12,,,1,6,,21635,12,,,1,46,,21648,12,,,1,6,,21661,12,,,1,6,,21672,12,,,1,6,,21683,12,,,1,6,,21699,12,,,1,6,,21711,12,,,1,6,,21719,12,,,1,6,,21735,12,,,1,6,,21742,12,,,1,6,,21759,12,,,1,46,,21765,12,,,1,6,,21775,12,,,1,6,,21790,12,,,1,6,,21805,12,,,1,6,,21576,12,,,1,6,,21587,12,,,1,6,,21598,12,,,1,6,,21605,12,,,1,6,,21621,12,,,1,6,,21636,12,,,1,46,,21649,12,,,1,6,,21662,12,,,1,6,,21673,12,,,1,6,,21684,12,,,1,6,,21700,12,,,1,6,,21712,12,,,1,6,,21720,12,,,1,6,,21736,12,,,1,6,,21743,12,,,1,6,,21760,12,,,1,46,,21766,12,,,1,6,,21776,12,,,1,6,,21791,12,,,1,6,,21806,12,,,1,6,,21577,12,,,1,6,,21588,12,,,1,6,,21599,12,,,1,6,,21606,12,,,1,6,,21622,12,,,1,6,,21637,12,,,1,46,,21650,12,,,1,6,,21663,12,,,1,6,,21674,12,,,1,6,,21685,12,,,1,5,,21694,12,,,1,5,,21701,12,,,1,4,,21713,12,,,1,4,,21721,12,,,1,4,,21726,12,,,1,4,,21737,12,,,1,4,,21744,12,,,1,3,,21756,12,,,1,4,,21761,12,,,1,44,,21767,12,,,1,3,,21777,12,,,1,4,,21787,12,,,1,4,,21792,12,,,1,4,,21794,12,,,1,3,,21807,12,,,1,4,,21578,12,,,1,4,,21580,12,,,1,4,,21589,12,,,1,3,,21600,12,,,1,4,,21601,12,,,1,3,,21607,12,,,1,3,,21623,12,,,1,3,,21628,12,,,1,3,,21638,12,,,1,4,,21642,12,,,1,3,,21651,12,,,1,43,,21657,12,,,1,3,,21664,12,,,1,3,,21666,12,,,1,3,,21675,12,,,1,3,,21678,12,,,1,3,,21686,12,,,1,3,,21690,12,,,1,3,,21695,12,,,1,3,,21702,12,,,1,3,,21707,12,,,1,4,,21714,12,,,1,3,,21722,12,,,1,3,,21727,12,,,1,4,,21728,12,,,1,3,,21738,12,,,1,3,,21745,12,,,1,4,,21762,12,,,1,3,,21768,12,,,1,44,,21778,12,,,1,3,,21784,12,,,1,4,,21793,12,,,1,4,,21795,12,,,1,4,,21798,12,,,1,4,,21579,12,,,1,4,,21581,12,,,1,4,,21590,12,,,1,3,,21594,12,,,1,4,,21608,12,,,1,4,,21624,12,,,1,4,,21629,12,,,1,5,,21639,12,,,1,4,,21643,12,,,1,4,,21652,12,,,1,4,,21658,12,,,1,45,,21667,12,,,1,5,,21679,12,,,1,5,,21687,12,,,1,5,,21691,12,,,1,5,,21703,12,,,1,5,,21715,12,,,1,5,,21723,12,,,1,6,,21729,12,,,1,5,,21746,12,,,1,6,,21769,12,,,1,6,,21779,12,,,1,46,,21785,12,,,1,6,,21796,12,,,1,6,,21799,12,,,1,6,,21582,12,,,1,6,,21591,12,,,1,6,,21609,12,,,1,6,,21625,12,,,1,6,,21630,12,,,1,6,,21644,12,,,1,6,,21653,12,,,1,46,,21668,12,,,1,6,,21680,12,,,1,6,,21688,12,,,1,6,,21692,12,,,1,6,,21704,12,,,1,6,,21724,12,,,1,6,,21730,12,,,1,6,,21747,12,,,1,6,,21770,12,,,1,6,,21780,12,,,1,46,,21786,12,,,1,6,,21797,12,,,1,7,,21800,12,,,1,6,,21583,12,,,1,6,,21592,12,,,1,6,,21610,12,,,1,6,,21626,12,,,1,6,,21631,12,,,1,7,,21645,12,,,1,48,,21654,12,,,1,8,,21669,12,,,1,8,,21689,12,,,1,8,,21693,12,,,1,8,,21725,12,,,1,8,,21731,12,,,1,8,,21748,12,,,1,8,,21771,12,,,1,48,,21781,12,,,1,8,,21801,12,,,1,8,,21584,12,,,1,8,,21611,12,,,1,8,,21627,12,,,1,7,,21632,12,,,1,8,,21646,12,,,1
