200,'GLOBAUX-01-A',536,,21847,5,,,1,10,,21851,5,,,1,10,,21872,5,,,1,49,,21881,5,,,1,10,,21890,5,,,1,10,,21905,5,,,1,10,,21919,5,,,1,9,,21927,5,,,1,10,,21933,5,,,1,50,,21941,5,,,1,10,,21952,5,,,1,9,,21960,5,,,1,9,,21811,5,,,1,9,,21825,5,,,1,10,,21839,5,,,1,49,,21848,5,,,1,8,,21852,5,,,1,9,,21860,5,,,1,9,,21873,5,,,1,9,,21882,5,,,1,9,,21891,5,,,1,8,,21898,5,,,1,49,,21906,5,,,1,8,,21913,5,,,1,9,,21920,5,,,1,8,,21934,5,,,1,9,,21942,5,,,1,8,,21953,5,,,1,9,,21961,5,,,1,48,,21812,5,,,1,9,,21826,5,,,1,8,,21840,5,,,1,9,,21849,5,,,1,8,,21853,5,,,1,9,,21861,5,,,1,8,,21874,5,,,1,49,,21883,5,,,1,8,,21892,5,,,1,8,,21899,5,,,1,7,,21907,5,,,1,8,,21914,5,,,1,8,,21921,5,,,1,7,,21935,5,,,1,8,,21943,5,,,1,48,,21954,5,,,1,7,,21962,5,,,1,8,,21813,5,,,1,8,,21819,5,,,1,7,,21827,5,,,1,7,,21841,5,,,1,8,,21850,5,,,1,7,,21854,5,,,1,47,,21862,5,,,1,7,,21866,5,,,1,8,,21875,5,,,1,6,,21884,5,,,1,7,,21893,5,,,1,6,,21900,5,,,1,6,,21908,5,,,1,7,,21915,5,,,1,6,,21922,5,,,1,47,,21928,5,,,1,6,,21936,5,,,1,6,,21944,5,,,1,7,,21947,5,,,1,6,,21955,5,,,1,7,,21963,5,,,1,6,,21814,5,,,1,7,,21820,5,,,1,6,,21828,5,,,1,6,,21833,5,,,1,47,,21842,5,,,1,6,,21855,5,,,1,7,,21863,5,,,1,6,,21867,5,,,1,7,,21876,5,,,1,6,,21885,5,,,1,6,,21894,5,,,1,7,,21901,5,,,1,6,,21909,5,,,1,47,,21916,5,,,1,6,,21923,5,,,1,7,,21929,5,,,1,6,,21937,5,,,1,6,,21945,5,,,1,7,,21948,5,,,1,6,,21956,5,,,1,7,,21964,5,,,1,6,,21815,5,,,1,46,,21821,5,,,1,7,,21829,5,,,1,6,,21834,5,,,1,7,,21843,5,,,1,6,,21856,5,,,1,7,,21864,5,,,1,6,,21868,5,,,1,6,,21877,5,,,1,7,,21886,5,,,1,6,,21895,5,,,1,47,,21902,5,,,1,6,,21910,5,,,1,6,,21917,5,,,1,7,,21924,5,,,1,6,,21930,5,,,1,7,,21938,5,,,1,6,,21946,5,,,1,6,,21949,5,,,1,7,,21957,5,,,1,46,,21965,5,,,1,7,,21816,5,,,1,6,,21822,5,,,1,6,,21830,5,,,1,7,,21835,5,,,1,6,,21844,5,,,1,8,,21857,5,,,1,7,,21865,5,,,1,8,,21869,5,,,1,47,,21878,5,,,1,7,,21887,5,,,1,8,,21896,5,,,1,7,,21903,5,,,1,8,,21911,5,,,1,7,,21918,5,,,1,7,,21925,5,,,1,8,,21931,5,,,1,47,,21939,5,,,1,8,,21950,5,,,1,7,,21958,5,,,1,8,,21817,5,,,1,8,,21823,5,,,1,7,,21831,5,,,1,8,,21836,5,,,1,8,,21845,5,,,1,49,,21858,5,,,1,8,,21870,5,,,1,9,,21879,5,,,1,9,,21888,5,,,1,9,,21897,5,,,1,9,,21904,5,,,1,9,,21912,5,,,1,49,,21926,5,,,1,10,,21932,5,,,1,10,,21940,5,,,1,9,,21951,5,,,1,10,,21959,5,,,1,9,,21818,5,,,1,50,,21832,5,,,1,10,,21837,5,,,1,10,,21846,5,,,1,10,,21859,5,,,1,10,,21871,5,,,1,10,,21880,5,,,1,50,,21889,5,,,1
200,'GLOBAUX-01-F1',536,,22001,5,,,1,9,,22009,5,,,1,9,,22017,5,,,1,50,,22025,5,,,1,9,,22031,5,,,1,9,,22043,5,,,1,9,,22047,5,,,1,10,,22062,5,,,1,9,,22074,5,,,1,9,,22082,5,,,1,49,,22090,5,,,1,10,,22095,5,,,1,9,,21966,5,,,1,9,,21975,5,,,1,9,,21993,5,,,1,10,,22002,5,,,1,49,,22010,5,,,1,9,,22018,5,,,1,10,,22026,5,,,1,9,,22032,5,,,1,9,,22044,5,,,1,9,,22048,5,,,1,9,,22055,5,,,1,48,,22063,5,,,1,9,,22075,5,,,1,8,,22083,5,,,1,9,,22091,5,,,1,9,,22096,5,,,1,8,,21967,5,,,1,9,,21976,5,,,1,48,,21986,5,,,1,9,,21994,5,,,1,8,,22003,5,,,1,9,,22011,5,,,1,9,,22019,5,,,1,8,,22027,5,,,1,9,,22033,5,,,1,48,,22045,5,,,1,9,,22049,5,,,1,9,,22056,5,,,1,8,,22064,5,,,1,9,,22076,5,,,1,8,,22084,5,,,1,9,,22092,5,,,1,48,,22097,5,,,1,9,,21968,5,,,1,8,,21977,5,,,1,8,,21987,5,,,1,8,,21995,5,,,1,8,,22004,5,,,1,8,,22012,5,,,1,48,,22020,5,,,1,8,,22028,5,,,1,8,,22034,5,,,1,8,,22046,5,,,1,8,,22050,5,,,1,8,,22057,5,,,1,7,,22065,5,,,1,8,,22070,5,,,1,47,,22077,5,,,1,7,,22085,5,,,1,7,,22093,5,,,1,7,,22098,5,,,1,7,,22103,5,,,1,7,,21969,5,,,1,7,,21978,5,,,1,6,,21981,5,,,1,47,,21988,5,,,1,7,,21996,5,,,1,7,,22005,5,,,1,7,,22013,5,,,1,7,,22021,5,,,1,6,,22029,5,,,1,7,,22035,5,,,1,7,,22039,5,,,1,7,,22051,5,,,1,47,,22058,5,,,1,7,,22066,5,,,1,6,,22071,5,,,1,7,,22078,5,,,1,7,,22086,5,,,1,7,,22094,5,,,1,7,,22099,5,,,1,7,,22104,5,,,1,6,,21970,5,,,1,47,,21979,5,,,1,7,,21982,5,,,1,7,,21989,5,,,1,7,,21997,5,,,1,7,,22006,5,,,1,7,,22014,5,,,1,8,,22022,5,,,1,7,,22030,5,,,1,47,,22036,5,,,1,8,,22040,5,,,1,7,,22052,5,,,1,7,,22059,5,,,1,8,,22067,5,,,1,7,,22072,5,,,1,7,,22079,5,,,1,8,,22087,5,,,1,48,,22100,5,,,1,8,,22105,5,,,1,8,,21971,5,,,1,7,,21980,5,,,1,8,,21983,5,,,1,8,,21990,5,,,1,8,,21998,5,,,1,8,,22007,5,,,1,48,,22015,5,,,1,7,,22023,5,,,1,8,,22037,5,,,1,8,,22041,5,,,1,8,,22053,5,,,1,8,,22060,5,,,1,8,,22068,5,,,1,8,,22073,5,,,1,48,,22080,5,,,1,9,,22088,5,,,1,8,,22101,5,,,1,9,,22106,5,,,1,8,,21972,5,,,1,9,,21984,5,,,1,9,,21991,5,,,1,48,,21999,5,,,1,9,,22008,5,,,1,10,,22016,5,,,1,10,,22024,5,,,1,10,,22038,5,,,1,10,,22042,5,,,1,50,,22054,5,,,1,10,,22061,5,,,1,10,,22069,5,,,1,10,,22081,5,,,1,10,,22089,5,,,1,10,,22102,5,,,1,50,,22107,5,,,1,10,,21973,5,,,1,10,,21985,5,,,1,10,,22000,5,,,1
200,'GLOBAUX-01-F2',536,,22143,5,,,1,9,,22151,5,,,1,9,,22159,5,,,1,50,,22167,5,,,1,9,,22173,5,,,1,9,,22185,5,,,1,9,,22189,5,,,1,10,,22204,5,,,1,9,,22216,5,,,1,9,,22224,5,,,1,49,,22232,5,,,1,10,,22237,5,,,1,9,,22108,5,,,1,9,,22117,5,,,1,9,,22135,5,,,1,10,,22144,5,,,1,49,,22152,5,,,1,9,,22160,5,,,1,10,,22168,5,,,1,9,,22174,5,,,1,9,,22186,5,,,1,9,,22190,5,,,1,9,,22197,5,,,1,48,,22205,5,,,1,9,,22217,5,,,1,8,,22225,5,,,1,9,,22233,5,,,1,9,,22238,5,,,1,8,,22109,5,,,1,9,,22118,5,,,1,48,,22128,5,,,1,9,,22136,5,,,1,8,,22145,5,,,1,9,,22153,5,,,1,9,,22161,5,,,1,8,,22169,5,,,1,9,,22175,5,,,1,48,,22187,5,,,1,9,,22191,5,,,1,9,,22198,5,,,1,8,,22206,5,,,1,9,,22218,5,,,1,8,,22226,5,,,1,9,,22234,5,,,1,48,,22239,5,,,1,9,,22110,5,,,1,8,,22119,5,,,1,8,,22129,5,,,1,8,,22137,5,,,1,8,,22146,5,,,1,8,,22154,5,,,1,48,,22162,5,,,1,8,,22170,5,,,1,8,,22176,5,,,1,8,,22188,5,,,1,8,,22192,5,,,1,8,,22199,5,,,1,7,,22207,5,,,1,8,,22212,5,,,1,47,,22219,5,,,1,7,,22227,5,,,1,7,,22235,5,,,1,7,,22240,5,,,1,7,,22245,5,,,1,7,,22111,5,,,1,7,,22120,5,,,1,6,,22123,5,,,1,47,,22130,5,,,1,7,,22138,5,,,1,7,,22147,5,,,1,7,,22155,5,,,1,7,,22163,5,,,1,6,,22171,5,,,1,7,,22177,5,,,1,7,,22181,5,,,1,7,,22193,5,,,1,47,,22200,5,,,1,7,,22208,5,,,1,6,,22213,5,,,1,7,,22220,5,,,1,7,,22228,5,,,1,7,,22236,5,,,1,7,,22241,5,,,1,7,,22246,5,,,1,6,,22112,5,,,1,47,,22121,5,,,1,7,,22124,5,,,1,7,,22131,5,,,1,7,,22139,5,,,1,7,,22148,5,,,1,7,,22156,5,,,1,8,,22164,5,,,1,7,,22172,5,,,1,47,,22178,5,,,1,8,,22182,5,,,1,7,,22194,5,,,1,7,,22201,5,,,1,8,,22209,5,,,1,7,,22214,5,,,1,7,,22221,5,,,1,8,,22229,5,,,1,48,,22242,5,,,1,8,,22247,5,,,1,8,,22113,5,,,1,7,,22122,5,,,1,8,,22125,5,,,1,8,,22132,5,,,1,8,,22140,5,,,1,8,,22149,5,,,1,48,,22157,5,,,1,7,,22165,5,,,1,8,,22179,5,,,1,8,,22183,5,,,1,8,,22195,5,,,1,8,,22202,5,,,1,8,,22210,5,,,1,8,,22215,5,,,1,48,,22222,5,,,1,9,,22230,5,,,1,8,,22243,5,,,1,9,,22248,5,,,1,8,,22114,5,,,1,9,,22126,5,,,1,9,,22133,5,,,1,48,,22141,5,,,1,9,,22150,5,,,1,10,,22158,5,,,1,10,,22166,5,,,1,10,,22180,5,,,1,10,,22184,5,,,1,50,,22196,5,,,1,10,,22203,5,,,1,10,,22211,5,,,1,10,,22223,5,,,1,10,,22231,5,,,1,10,,22244,5,,,1,50,,22249,5,,,1,10,,22115,5,,,1,10,,22127,5,,,1,10,,22142,5,,,1
200,'GLOBAUX-01-I',536,,22285,5,,,1,9,,22293,5,,,1,9,,22301,5,,,1,50,,22309,5,,,1,9,,22315,5,,,1,9,,22327,5,,,1,9,,22331,5,,,1,10,,22346,5,,,1,9,,22358,5,,,1,9,,22366,5,,,1,49,,22374,5,,,1,10,,22379,5,,,1,9,,22250,5,,,1,9,,22259,5,,,1,9,,22277,5,,,1,10,,22286,5,,,1,49,,22294,5,,,1,9,,22302,5,,,1,10,,22310,5,,,1,9,,22316,5,,,1,9,,22328,5,,,1,9,,22332,5,,,1,9,,22339,5,,,1,48,,22347,5,,,1,9,,22359,5,,,1,8,,22367,5,,,1,9,,22375,5,,,1,9,,22380,5,,,1,8,,22251,5,,,1,9,,22260,5,,,1,48,,22270,5,,,1,9,,22278,5,,,1,8,,22287,5,,,1,9,,22295,5,,,1,9,,22303,5,,,1,8,,22311,5,,,1,9,,22317,5,,,1,48,,22329,5,,,1,9,,22333,5,,,1,9,,22340,5,,,1,8,,22348,5,,,1,9,,22360,5,,,1,8,,22368,5,,,1,9,,22376,5,,,1,48,,22381,5,,,1,9,,22252,5,,,1,8,,22261,5,,,1,8,,22271,5,,,1,8,,22279,5,,,1,8,,22288,5,,,1,8,,22296,5,,,1,48,,22304,5,,,1,8,,22312,5,,,1,8,,22318,5,,,1,8,,22330,5,,,1,8,,22334,5,,,1,8,,22341,5,,,1,7,,22349,5,,,1,8,,22354,5,,,1,47,,22361,5,,,1,7,,22369,5,,,1,7,,22377,5,,,1,7,,22382,5,,,1,7,,22387,5,,,1,7,,22253,5,,,1,7,,22262,5,,,1,6,,22265,5,,,1,47,,22272,5,,,1,7,,22280,5,,,1,7,,22289,5,,,1,7,,22297,5,,,1,7,,22305,5,,,1,6,,22313,5,,,1,7,,22319,5,,,1,7,,22323,5,,,1,7,,22335,5,,,1,47,,22342,5,,,1,7,,22350,5,,,1,6,,22355,5,,,1,7,,22362,5,,,1,7,,22370,5,,,1,7,,22378,5,,,1,7,,22383,5,,,1,7,,22388,5,,,1,6,,22254,5,,,1,47,,22263,5,,,1,7,,22266,5,,,1,7,,22273,5,,,1,7,,22281,5,,,1,7,,22290,5,,,1,7,,22298,5,,,1,8,,22306,5,,,1,7,,22314,5,,,1,47,,22320,5,,,1,8,,22324,5,,,1,7,,22336,5,,,1,7,,22343,5,,,1,8,,22351,5,,,1,7,,22356,5,,,1,7,,22363,5,,,1,8,,22371,5,,,1,48,,22384,5,,,1,8,,22389,5,,,1,8,,22255,5,,,1,7,,22264,5,,,1,8,,22267,5,,,1,8,,22274,5,,,1,8,,22282,5,,,1,8,,22291,5,,,1,48,,22299,5,,,1,7,,22307,5,,,1,8,,22321,5,,,1,8,,22325,5,,,1,8,,22337,5,,,1,8,,22344,5,,,1,8,,22352,5,,,1,8,,22357,5,,,1,48,,22364,5,,,1,9,,22372,5,,,1,8,,22385,5,,,1,9,,22390,5,,,1,8,,22256,5,,,1,9,,22268,5,,,1,9,,22275,5,,,1,48,,22283,5,,,1,9,,22292,5,,,1,10,,22300,5,,,1,10,,22308,5,,,1,10,,22322,5,,,1,10,,22326,5,,,1,50,,22338,5,,,1,10,,22345,5,,,1,10,,22353,5,,,1,10,,22365,5,,,1,10,,22373,5,,,1,10,,22386,5,,,1,50,,22391,5,,,1,10,,22257,5,,,1,10,,22269,5,,,1,10,,22284,5,,,1
200,'GLOBAUX-01-S',536,,22463,5,,,1,6,,22473,5,,,1,6,,22483,5,,,1,6,,22498,5,,,1,46,,22509,5,,,1,6,,22518,5,,,1,6,,22532,5,,,1,6,,22534,5,,,1,5,,22554,5,,,1,5,,22571,5,,,1,5,,22573,5,,,1,5,,22580,5,,,1,5,,22582,5,,,1,4,,22594,5,,,1,4,,22600,5,,,1,4,,22606,5,,,1,4,,22607,5,,,1,43,,22613,5,,,1,4,,22622,5,,,1,3,,22392,5,,,1,4,,22393,5,,,1,3,,22403,5,,,1,3,,22411,5,,,1,4,,22412,5,,,1,3,,22421,5,,,1,4,,22423,5,,,1,3,,22428,5,,,1,3,,22436,5,,,1,4,,22444,5,,,1,3,,22456,5,,,1,3,,22461,5,,,1,3,,22462,5,,,1,4,,22464,5,,,1,3,,22474,5,,,1,3,,22484,5,,,1,44,,22492,5,,,1,3,,22494,5,,,1,3,,22499,5,,,1,3,,22504,5,,,1,4,,22510,5,,,1,3,,22515,5,,,1,3,,22519,5,,,1,3,,22527,5,,,1,4,,22533,5,,,1,3,,22535,5,,,1,3,,22540,5,,,1,3,,22555,5,,,1,3,,22564,5,,,1,4,,22572,5,,,1,3,,22574,5,,,1,4,,22575,5,,,1,4,,22583,5,,,1,44,,22590,5,,,1,3,,22595,5,,,1,4,,22601,5,,,1,4,,22608,5,,,1,4,,22614,5,,,1,4,,22623,5,,,1,4,,22630,5,,,1,4,,22394,5,,,1,4,,22404,5,,,1,4,,22413,5,,,1,4,,22420,5,,,1,4,,22424,5,,,1,5,,22437,5,,,1,5,,22445,5,,,1,5,,22457,5,,,1,46,,22465,5,,,1,6,,22475,5,,,1,6,,22485,5,,,1,6,,22495,5,,,1,6,,22505,5,,,1,6,,22511,5,,,1,6,,22520,5,,,1,6,,22528,5,,,1,6,,22541,5,,,1,6,,22556,5,,,1,46,,22565,5,,,1,6,,22576,5,,,1,6,,22584,5,,,1,6,,22596,5,,,1,6,,22602,5,,,1,6,,22615,5,,,1,6,,22624,5,,,1,6,,22395,5,,,1,6,,22405,5,,,1,6,,22414,5,,,1,46,,22425,5,,,1,6,,22438,5,,,1,6,,22446,5,,,1,6,,22458,5,,,1,6,,22466,5,,,1,6,,22476,5,,,1,6,,22486,5,,,1,6,,22496,5,,,1,6,,22506,5,,,1,6,,22512,5,,,1,46,,22521,5,,,1,6,,22529,5,,,1,6,,22542,5,,,1,6,,22557,5,,,1,6,,22566,5,,,1,6,,22577,5,,,1,6,,22585,5,,,1,6,,22597,5,,,1,6,,22603,5,,,1,6,,22616,5,,,1,46,,22625,5,,,1,6,,22396,5,,,1,6,,22406,5,,,1,6,,22415,5,,,1,6,,22426,5,,,1,6,,22439,5,,,1,6,,22447,5,,,1,6,,22459,5,,,1,6,,22467,5,,,1,5,,22477,5,,,1,45,,22487,5,,,1,4,,22497,5,,,1,5,,22500,5,,,1,4,,22507,5,,,1,5,,22513,5,,,1,4,,22516,5,,,1,4,,22522,5,,,1,4,,22530,5,,,1,4,,22536,5,,,1,3,,22543,5,,,1,3,,22547,5,,,1,4,,22558,5,,,1,3,,22562,5,,,1,3,,22567,5,,,1,3,,22578,5,,,1,2,,22581,5,,,1,43,,22586,5,,,1,3,,22591,5,,,1,3,,22598,5,,,1,3,,22604,5,,,1,3,,22609,5,,,1,3,,22617,5,,,1,3,,22618,5,,,1,3,,22626,5,,,1,3,,22397,5,,,1,3,,22398,5,,,1,3,,22399,5,,,1,2,,22400,5,,,1,3,,22407,5,,,1,3,,22416,5,,,1,3,,22422,5,,,1,3,,22427,5,0,5,1,3,,22429,5,,,1,3,,22433,5,,,1,3,,22440,5,,,1,3,,22448,5,0,5,1,3,,22449,5,,,1,43,,22453,5,,,1,3,,22460,5,,,1,2,,22468,5,0,5,1,3,,22469,5,,,1,3,,22478,5,,,1,3,,22482,5,0,5,1,3,,22488,5,,,1,3,,22493,5,0,5,1,3,,22501,5,,,1,3,,22508,5,,,1,3,,22514,5,,,1,4,,22517,5,,,1,3,,22523,5,,,1,4,,22531,5,,,1,3,,22537,5,,,1,4,,22544,5,,,1,3,,22548,5,,,1,4,,22551,5,,,1,44,,22559,5,,,1,4,,22563,5,,,1,4,,22568,5,,,1,4,,22579,5,,,1,3,,22587,5,,,1,4,,22592,5,,,1,4,,22599,5,,,1,4,,22605,5,,,1,4,,22610,5,,,1,4,,22619,5,,,1,5,,22627,5,,,1,5,,22401,5,,,1,5,,22408,5,,,1,5,,22417,5,,,1,45,,22430,5,,,1,6,,22434,5,,,1,6,,22441,5,,,1,6,,22450,5,,,1,6,,22454,5,,,1,6,,22470,5,,,1,6,,22479,5,,,1,6,,22489,5,,,1,6,,22502,5,,,1,6,,22524,5,,,1,46,,22538,5,,,1,6,,22545,5,,,1,6,,22549,5,,,1,6,,22552,5,,,1,6,,22560,5,,,1,6,,22569,5,,,1,6,,22588,5,,,1,6,,22593,5,,,1,6,,22611,5,,,1,6,,22620,5,,,1,46,,22628,5,,,1,6,,22402,5,,,1,6,,22409,5,,,1,6,,22418,5,,,1,6,,22431,5,,,1,6,,22435,5,,,1,6,,22442,5,,,1,6,,22451,5,,,1,6,,22455,5,,,1,6,,22471,5,,,1,46,,22480,5,,,1,6,,22490,5,,,1,6,,22503,5,,,1,6,,22525,5,,,1,6,,22539,5,,,1,6,,22546,5,,,1,6,,22550,5,,,1,7,,22553,5,,,1,7,,22561,5,,,1,7,,22570,5,,,1,47,,22589,5,,,1,7,,22612,5,,,1,7,,22621,5,,,1,7,,22629,5,,,1,7,,22410,5,,,1,8,,22419,5,,,1,8,,22432,5,,,1,8,,22443,5,,,1,48,,22452,5,,,1,8,,22472,5,,,1,8,,22481,5,,,1,8,,22491,5,,,1,8,,22526,5,,,1
201,'GLOBAUX-01-A',604,,22741,27,,,1,9,,22748,27,,,1,10,,22757,27,,,1,10,,22769,27,,,1,9,,22778,27,,,1,10,,22631,27,,,1,50,,22645,27,,,1,10,,22658,27,,,1,9,,22666,27,,,1,10,,22669,27,,,1,10,,22688,27,,,1,10,,22696,27,,,1,49,,22704,27,,,1,10,,22712,27,,,1,9,,22719,27,,,1,10,,22727,27,,,1,9,,22733,27,,,1,8,,22749,27,,,1,9,,22758,27,,,1,49,,22770,27,,,1,8,,22779,27,,,1,9,,22632,27,,,1,8,,22646,27,,,1,9,,22659,27,,,1,9,,22667,27,,,1,8,,22670,27,,,1,49,,22677,27,,,1,8,,22689,27,,,1,9,,22697,27,,,1,9,,22705,27,,,1,9,,22713,27,,,1,8,,22720,27,,,1,9,,22728,27,,,1,49,,22734,27,,,1,8,,22750,27,,,1,7,,22759,27,,,1,8,,22771,27,,,1,8,,22780,27,,,1,7,,22633,27,,,1,8,,22640,27,,,1,7,,22647,27,,,1,47,,22660,27,,,1,7,,22668,27,,,1,7,,22671,27,,,1,7,,22678,27,,,1,7,,22682,27,,,1,7,,22690,27,,,1,7,,22698,27,,,1,7,,22706,27,,,1,47,,22714,27,,,1,7,,22721,27,,,1,6,,22729,27,,,1,7,,22735,27,,,1,6,,22742,27,,,1,7,,22751,27,,,1,6,,22760,27,,,1,6,,22763,27,,,1,7,,22772,27,,,1,6,,22781,27,,,1,47,,22634,27,,,1,6,,22641,27,,,1,7,,22648,27,,,1,6,,22653,27,,,1,7,,22661,27,,,1,6,,22672,27,,,1,7,,22679,27,,,1,6,,22683,27,,,1,6,,22691,27,,,1,47,,22699,27,,,1,6,,22707,27,,,1,7,,22715,27,,,1,6,,22722,27,,,1,6,,22730,27,,,1,7,,22736,27,,,1,6,,22743,27,,,1,7,,22752,27,,,1,6,,22761,27,,,1,46,,22764,27,,,1,7,,22773,27,,,1,6,,22782,27,,,1,7,,22635,27,,,1,6,,22642,27,,,1,7,,22649,27,,,1,6,,22654,27,,,1,6,,22662,27,,,1,7,,22673,27,,,1,6,,22680,27,,,1,47,,22684,27,,,1,6,,22692,27,,,1,7,,22700,27,,,1,6,,22708,27,,,1,6,,22716,27,,,1,7,,22723,27,,,1,6,,22731,27,,,1,7,,22737,27,,,1,6,,22744,27,,,1,46,,22753,27,,,1,7,,22762,27,,,1,6,,22765,27,,,1,6,,22774,27,,,1,7,,22783,27,,,1,6,,22636,27,,,1,6,,22643,27,,,1,7,,22650,27,,,1,6,,22655,27,,,1,46,,22663,27,,,1,7,,22674,27,,,1,7,,22681,27,,,1,7,,22685,27,,,1,7,,22693,27,,,1,7,,22701,27,,,1,7,,22709,27,,,1,8,,22717,27,,,1,7,,22724,27,,,1,47,,22732,27,,,1,8,,22738,27,,,1,7,,22745,27,,,1,7,,22754,27,,,1,8,,22766,27,,,1,8,,22775,27,,,1,8,,22637,27,,,1,7,,22644,27,,,1,48,,22651,27,,,1,8,,22656,27,,,1,8,,22664,27,,,1,7,,22675,27,,,1,8,,22686,27,,,1,8,,22694,27,,,1,9,,22702,27,,,1,48,,22710,27,,,1,9,,22718,27,,,1,9,,22725,27,,,1,9,,22739,27,,,1,10,,22746,27,,,1,9,,22755,27,,,1,10,,22767,27,,,1,49,,22776,27,,,1,10,,22638,27,,,1,9,,22652,27,,,1,10,,22657,27,,,1,9,,22665,27,,,1,10,,22676,27,,,1,50,,22687,27,,,1,9,,22695,27,,,1,10,,22703,27,,,1,10,,22711,27,,,1,10,,22726,27,,,1,9,,22740,27,,,1,50,,22747,27,,,1,10,,22756,27,,,1,10,,22768,27,,,1,10,,22777,27,,,1,14,,22639,27,,,1
201,'GLOBAUX-01-F1',603,,22877,27,,,1,10,,22890,27,,,1,9,,22898,27,,,1,9,,22906,27,,,1,10,,22911,27,,,1,9,,22784,27,,,1,9,,22792,27,,,1,50,,22809,27,,,1,9,,22817,27,,,1,9,,22825,27,,,1,10,,22833,27,,,1,9,,22841,27,,,1,10,,22846,27,,,1,49,,22859,27,,,1,9,,22862,27,,,1,10,,22878,27,,,1,9,,22891,27,,,1,10,,22899,27,,,1,9,,22907,27,,,1,49,,22912,27,,,1,9,,22785,27,,,1,9,,22793,27,,,1,9,,22803,27,,,1,9,,22810,27,,,1,9,,22818,27,,,1,8,,22826,27,,,1,49,,22834,27,,,1,9,,22842,27,,,1,9,,22847,27,,,1,8,,22860,27,,,1,9,,22863,27,,,1,8,,22870,27,,,1,9,,22879,27,,,1,49,,22892,27,,,1,8,,22900,27,,,1,9,,22908,27,,,1,8,,22913,27,,,1,9,,22786,27,,,1,9,,22794,27,,,1,8,,22804,27,,,1,49,,22811,27,,,1,9,,22819,27,,,1,8,,22827,27,,,1,9,,22835,27,,,1,8,,22843,27,,,1,8,,22848,27,,,1,8,,22861,27,,,1,48,,22864,27,,,1,8,,22871,27,,,1,8,,22880,27,,,1,6,,22886,27,,,1,7,,22893,27,,,1,7,,22901,27,,,1,7,,22909,27,,,1,7,,22914,27,,,1,7,,22919,27,,,1,46,,22787,27,,,1,7,,22795,27,,,1,7,,22798,27,,,1,7,,22805,27,,,1,7,,22812,27,,,1,7,,22820,27,,,1,7,,22828,27,,,1,6,,22836,27,,,1,47,,22844,27,,,1,7,,22849,27,,,1,7,,22854,27,,,1,7,,22865,27,,,1,7,,22872,27,,,1,7,,22881,27,,,1,7,,22887,27,,,1,6,,22894,27,,,1,7,,22902,27,,,1,47,,22910,27,,,1,7,,22915,27,,,1,7,,22920,27,,,1,6,,22788,27,,,1,7,,22796,27,,,1,7,,22799,27,,,1,7,,22806,27,,,1,8,,22813,27,,,1,7,,22821,27,,,1,47,,22829,27,,,1,8,,22837,27,,,1,7,,22845,27,,,1,7,,22850,27,,,1,8,,22855,27,,,1,7,,22866,27,,,1,7,,22873,27,,,1,8,,22882,27,,,1,47,,22888,27,,,1,7,,22895,27,,,1,8,,22903,27,,,1,7,,22916,27,,,1,8,,22921,27,,,1,8,,22789,27,,,1,8,,22797,27,,,1,7,,22800,27,,,1,48,,22807,27,,,1,8,,22814,27,,,1,8,,22822,27,,,1,7,,22830,27,,,1,8,,22838,27,,,1,8,,22851,27,,,1,8,,22856,27,,,1,7,,22867,27,,,1,48,,22874,27,,,1,8,,22883,27,,,1,8,,22889,27,,,1,8,,22896,27,,,1,9,,22904,27,,,1,8,,22917,27,,,1,9,,22922,27,,,1,48,,22790,27,,,1,9,,22801,27,,,1,8,,22808,27,,,1,9,,22815,27,,,1,8,,22823,27,,,1,9,,22831,27,,,1,9,,22839,27,,,1,49,,22852,27,,,1,8,,22857,27,,,1,9,,22868,27,,,1,10,,22875,27,,,1,10,,22884,27,,,1,10,,22897,27,,,1,50,,22905,27,,,1,10,,22918,27,,,1,10,,22923,27,,,1,10,,22791,27,,,1,10,,22802,27,,,1,10,,22816,27,,,1,50,,22824,27,,,1,10,,22832,27,,,1,10,,22840,27,,,1,10,,22853,27,,,1,10,,22858,27,,,1,10,,22869,27,,,1,50,,22876,27,,,1,13,,22885,27,,,1
201,'GLOBAUX-01-F2',603,,23017,27,,,1,10,,23030,27,,,1,9,,23038,27,,,1,9,,23046,27,,,1,10,,23051,27,,,1,9,,22924,27,,,1,9,,22932,27,,,1,50,,22949,27,,,1,9,,22957,27,,,1,9,,22965,27,,,1,10,,22973,27,,,1,9,,22981,27,,,1,10,,22986,27,,,1,49,,22999,27,,,1,9,,23002,27,,,1,10,,23018,27,,,1,9,,23031,27,,,1,10,,23039,27,,,1,9,,23047,27,,,1,49,,23052,27,,,1,9,,22925,27,,,1,9,,22933,27,,,1,9,,22943,27,,,1,9,,22950,27,,,1,9,,22958,27,,,1,8,,22966,27,,,1,49,,22974,27,,,1,9,,22982,27,,,1,9,,22987,27,,,1,8,,23000,27,,,1,9,,23003,27,,,1,8,,23010,27,,,1,9,,23019,27,,,1,49,,23032,27,,,1,8,,23040,27,,,1,9,,23048,27,,,1,8,,23053,27,,,1,9,,22926,27,,,1,9,,22934,27,,,1,8,,22944,27,,,1,49,,22951,27,,,1,9,,22959,27,,,1,8,,22967,27,,,1,9,,22975,27,,,1,8,,22983,27,,,1,8,,22988,27,,,1,8,,23001,27,,,1,48,,23004,27,,,1,8,,23011,27,,,1,8,,23020,27,,,1,6,,23026,27,,,1,7,,23033,27,,,1,7,,23041,27,,,1,7,,23049,27,,,1,7,,23054,27,,,1,7,,23059,27,,,1,46,,22927,27,,,1,7,,22935,27,,,1,7,,22938,27,,,1,7,,22945,27,,,1,7,,22952,27,,,1,7,,22960,27,,,1,7,,22968,27,,,1,6,,22976,27,,,1,47,,22984,27,,,1,7,,22989,27,,,1,7,,22994,27,,,1,7,,23005,27,,,1,7,,23012,27,,,1,7,,23021,27,,,1,7,,23027,27,,,1,6,,23034,27,,,1,7,,23042,27,,,1,47,,23050,27,,,1,7,,23055,27,,,1,7,,23060,27,,,1,6,,22928,27,,,1,7,,22936,27,,,1,7,,22939,27,,,1,7,,22946,27,,,1,8,,22953,27,,,1,7,,22961,27,,,1,47,,22969,27,,,1,8,,22977,27,,,1,7,,22985,27,,,1,7,,22990,27,,,1,8,,22995,27,,,1,7,,23006,27,,,1,7,,23013,27,,,1,8,,23022,27,,,1,47,,23028,27,,,1,7,,23035,27,,,1,8,,23043,27,,,1,7,,23056,27,,,1,8,,23061,27,,,1,8,,22929,27,,,1,8,,22937,27,,,1,7,,22940,27,,,1,48,,22947,27,,,1,8,,22954,27,,,1,8,,22962,27,,,1,7,,22970,27,,,1,8,,22978,27,,,1,8,,22991,27,,,1,8,,22996,27,,,1,7,,23007,27,,,1,48,,23014,27,,,1,8,,23023,27,,,1,8,,23029,27,,,1,8,,23036,27,,,1,9,,23044,27,,,1,8,,23057,27,,,1,9,,23062,27,,,1,48,,22930,27,,,1,9,,22941,27,,,1,8,,22948,27,,,1,9,,22955,27,,,1,8,,22963,27,,,1,9,,22971,27,,,1,9,,22979,27,,,1,49,,22992,27,,,1,8,,22997,27,,,1,9,,23008,27,,,1,10,,23015,27,,,1,10,,23024,27,,,1,10,,23037,27,,,1,50,,23045,27,,,1,10,,23058,27,,,1,10,,23063,27,,,1,10,,22931,27,,,1,10,,22942,27,,,1,10,,22956,27,,,1,50,,22964,27,,,1,10,,22972,27,,,1,10,,22980,27,,,1,10,,22993,27,,,1,10,,22998,27,,,1,10,,23009,27,,,1,50,,23016,27,,,1,13,,23025,27,,,1
201,'GLOBAUX-01-I',603,,23157,27,,,1,10,,23170,27,,,1,9,,23178,27,,,1,9,,23186,27,,,1,10,,23191,27,,,1,9,,23064,27,,,1,9,,23072,27,,,1,50,,23089,27,,,1,9,,23097,27,,,1,9,,23105,27,,,1,10,,23113,27,,,1,9,,23121,27,,,1,10,,23126,27,,,1,49,,23139,27,,,1,9,,23142,27,,,1,10,,23158,27,,,1,9,,23171,27,,,1,10,,23179,27,,,1,9,,23187,27,,,1,49,,23192,27,,,1,9,,23065,27,,,1,9,,23073,27,,,1,9,,23083,27,,,1,9,,23090,27,,,1,9,,23098,27,,,1,8,,23106,27,,,1,49,,23114,27,,,1,9,,23122,27,,,1,9,,23127,27,,,1,8,,23140,27,,,1,9,,23143,27,,,1,8,,23150,27,,,1,9,,23159,27,,,1,49,,23172,27,,,1,8,,23180,27,,,1,9,,23188,27,,,1,8,,23193,27,,,1,9,,23066,27,,,1,9,,23074,27,,,1,8,,23084,27,,,1,49,,23091,27,,,1,9,,23099,27,,,1,8,,23107,27,,,1,9,,23115,27,,,1,8,,23123,27,,,1,8,,23128,27,,,1,8,,23141,27,,,1,48,,23144,27,,,1,8,,23151,27,,,1,8,,23160,27,,,1,6,,23166,27,,,1,7,,23173,27,,,1,7,,23181,27,,,1,7,,23189,27,,,1,7,,23194,27,,,1,7,,23199,27,,,1,46,,23067,27,,,1,7,,23075,27,,,1,7,,23078,27,,,1,7,,23085,27,,,1,7,,23092,27,,,1,7,,23100,27,,,1,7,,23108,27,,,1,6,,23116,27,,,1,47,,23124,27,,,1,7,,23129,27,,,1,7,,23134,27,,,1,7,,23145,27,,,1,7,,23152,27,,,1,7,,23161,27,,,1,7,,23167,27,,,1,6,,23174,27,,,1,7,,23182,27,,,1,47,,23190,27,,,1,7,,23195,27,,,1,7,,23200,27,,,1,6,,23068,27,,,1,7,,23076,27,,,1,7,,23079,27,,,1,7,,23086,27,,,1,8,,23093,27,,,1,7,,23101,27,,,1,47,,23109,27,,,1,8,,23117,27,,,1,7,,23125,27,,,1,7,,23130,27,,,1,8,,23135,27,,,1,7,,23146,27,,,1,7,,23153,27,,,1,8,,23162,27,,,1,47,,23168,27,,,1,7,,23175,27,,,1,8,,23183,27,,,1,7,,23196,27,,,1,8,,23201,27,,,1,8,,23069,27,,,1,8,,23077,27,,,1,7,,23080,27,,,1,48,,23087,27,,,1,8,,23094,27,,,1,8,,23102,27,,,1,7,,23110,27,,,1,8,,23118,27,,,1,8,,23131,27,,,1,8,,23136,27,,,1,7,,23147,27,,,1,48,,23154,27,,,1,8,,23163,27,,,1,8,,23169,27,,,1,8,,23176,27,,,1,9,,23184,27,,,1,8,,23197,27,,,1,9,,23202,27,,,1,48,,23070,27,,,1,9,,23081,27,,,1,8,,23088,27,,,1,9,,23095,27,,,1,8,,23103,27,,,1,9,,23111,27,,,1,9,,23119,27,,,1,49,,23132,27,,,1,8,,23137,27,,,1,9,,23148,27,,,1,10,,23155,27,,,1,10,,23164,27,,,1,10,,23177,27,,,1,50,,23185,27,,,1,10,,23198,27,,,1,10,,23203,27,,,1,10,,23071,27,,,1,10,,23082,27,,,1,10,,23096,27,,,1,50,,23104,27,,,1,10,,23112,27,,,1,10,,23120,27,,,1,10,,23133,27,,,1,10,,23138,27,,,1,10,,23149,27,,,1,50,,23156,27,,,1,13,,23165,27,,,1
201,'GLOBAUX-01-S',603,,23391,27,,,1,6,,23405,27,,,1,6,,23411,27,,,1,6,,23418,27,,,1,6,,23424,27,,,1,6,,23204,27,,,1,6,,23206,27,,,1,6,,23224,27,,,1,6,,23226,27,,,1,5,,23238,27,,,1,45,,23243,27,,,1,5,,23251,27,,,1,5,,23276,27,,,1,4,,23277,27,,,1,4,,23279,27,,,1,4,,23288,27,,,1,5,,23297,27,,,1,3,,23305,27,,,1,4,,23308,27,,,1,3,,23313,27,,,1,4,,23322,27,,,1,4,,23327,27,,,1,3,,23331,27,,,1,3,,23339,27,,,1,2,,23344,27,,,1,4,,23346,27,,,1,43,,23351,27,,,1,3,,23366,27,,,1,3,,23375,24,,,1,2,,23383,27,,,1,4,,23384,27,,,1,3,,23385,24,,,1,3,,23390,27,,,1,3,,23392,27,,,1,2,,23394,27,,,1,3,,23401,24,,,1,3,,23406,27,,,1,3,,23412,27,,,1,3,,23417,27,,,1,3,,23419,27,,,1,3,,23425,27,,,1,3,,23434,27,,,1,3,,23442,24,,,1,3,,23205,27,,,1,3,,23207,27,,,1,2,,23216,27,,,1,3,,23225,27,,,1,43,,23227,27,,,1,2,,23234,24,,,1,4,,23235,27,,,1,2,,23239,27,,,1,3,,23244,27,,,1,3,,23252,27,,,1,3,,23259,27,,,1,3,,23260,27,,,1,3,,23271,27,,,1,3,,23278,27,,,1,3,,23280,27,,,1,3,,23289,27,,,1,4,,23298,27,,,1,3,,23306,27,,,1,4,,23309,27,,,1,3,,23314,27,,,1,4,,23318,27,,,1,4,,23323,27,,,1,44,,23328,27,,,1,3,,23332,27,,,1,4,,23340,27,,,1,5,,23345,27,,,1,5,,23352,27,,,1,5,,23367,27,,,1,5,,23376,27,,,1,5,,23386,27,,,1,5,,23395,27,,,1,6,,23407,27,,,1,6,,23413,27,,,1,6,,23426,27,,,1,46,,23435,27,,,1,6,,23208,27,,,1,6,,23217,27,,,1,6,,23228,27,,,1,6,,23240,27,,,1,6,,23253,27,,,1,6,,23261,27,,,1,6,,23272,27,,,1,6,,23281,27,,,1,6,,23290,27,,,1,46,,23299,27,,,1,6,,23310,27,,,1,6,,23319,27,,,1,6,,23324,27,,,1,6,,23333,27,,,1,6,,23341,27,,,1,6,,23353,27,,,1,6,,23368,27,,,1,6,,23377,27,,,1,7,,23387,27,,,1,46,,23396,27,,,1,6,,23408,27,,,1,5,,23414,27,,,1,6,,23427,27,,,1,6,,23436,27,,,1,6,,23209,27,,,1,6,,23218,27,,,1,6,,23229,27,,,1,6,,23241,27,,,1,6,,23254,27,,,1,46,,23262,27,,,1,6,,23273,27,,,1,6,,23282,27,,,1,6,,23291,27,,,1,6,,23300,27,,,1,6,,23311,27,,,1,6,,23320,27,,,1,7,,23325,27,,,1,6,,23334,27,,,1,6,,23342,27,,,1,46,,23354,27,,,1,6,,23369,27,,,1,6,,23378,27,,,1,6,,23388,27,,,1,6,,23397,27,,,1,6,,23409,27,,,1,5,,23415,27,,,1,5,,23428,27,,,1,5,,23437,27,,,1,5,,23210,27,,,1,5,,23212,27,,,1,44,,23219,27,,,1,5,,23230,27,,,1,3,,23236,27,,,1,4,,23242,27,,,1,3,,23248,27,,,1,4,,23255,27,,,1,3,,23263,27,,,1,3,,23267,27,,,1,3,,23274,27,,,1,3,,23283,27,,,1,4,,23284,27,,,1,3,,23292,27,,,1,3,,23296,27,,,1,3,,23301,27,,,1,4,,23307,27,,,1,3,,23312,27,,,1,3,,23315,27,,,1,4,,23321,27,,,1,43,,23326,27,,,1,3,,23329,27,,,1,3,,23335,27,,,1,3,,23343,27,,,1,3,,23347,27,,,1,4,,23355,27,,,1,3,,23358,27,,,1,3,,23362,27,,,1,3,,23370,27,,,1,3,,23374,27,,,1,4,,23379,27,,,1,3,,23389,27,,,1,3,,23393,27,,,1,3,,23398,27,,,1,3,,23402,27,,,1,3,,23410,27,,,1,4,,23416,27,,,1,3,,23420,27,,,1,3,,23429,27,,,1,43,,23430,27,,,1,4,,23438,27,,,1,3,,23211,27,,,1,4,,23213,27,,,1,4,,23220,27,,,1,4,,23231,27,,,1,4,,23237,27,,,1,3,,23245,27,,,1,4,,23249,27,,,1,5,,23256,27,,,1,4,,23264,27,,,1,5,,23268,27,,,1,5,,23275,27,,,1,4,,23285,27,,,1,45,,23293,27,,,1,5,,23302,27,,,1,4,,23316,27,,,1,5,,23330,27,,,1,5,,23336,27,,,1,5,,23348,27,,,1,5,,23356,27,,,1,5,,23359,27,,,1,6,,23363,27,,,1,6,,23371,27,,,1,6,,23380,27,,,1,6,,23399,27,,,1,46,,23403,27,,,1,5,,23421,27,,,1,6,,23431,27,,,1,6,,23439,27,,,1,7,,23214,27,,,1,6,,23221,27,,,1,6,,23232,27,,,1,6,,23246,27,,,1,6,,23250,27,,,1,6,,23257,27,,,1,46,,23265,27,,,1,6,,23269,27,,,1,6,,23286,27,,,1,6,,23294,27,,,1,5,,23303,27,,,1,6,,23317,27,,,1,6,,23337,27,,,1,6,,23349,27,,,1,6,,23357,27,,,1,6,,23360,27,,,1,46,,23364,27,,,1,6,,23372,27,,,1,6,,23381,27,,,1,6,,23400,27,,,1,6,,23404,27,,,1,6,,23422,27,,,1,6,,23432,27,,,1,6,,23440,27,,,1,6,,23215,27,,,1,6,,23222,27,,,1,46,,23233,27,,,1,7,,23247,27,,,1,7,,23258,27,,,1,7,,23266,27,,,1,7,,23270,27,,,1,7,,23287,27,,,1,7,,23295,27,,,1,7,,23304,27,,,1,7,,23338,27,,,1,48,,23350,27,,,1,8,,23361,27,,,1,8,,23365,27,,,1,8,,23373,27,,,1,8,,23382,27,,,1,8,,23423,27,,,1,8,,23433,27,,,1,48,,23441,27,,,1,12,,23223,27,,,1
