200,'GLOBAUX-01-A',554,,21824,3,,,1,49,,21838,3,,,1,11,,21847,30,,,1,10,,21851,30,,,1,10,,21872,30,,,1,10,,21881,30,,,1,10,,21890,30,,,1,49,,21905,30,,,1,10,,21919,30,,,1,10,,21927,30,,,1,10,,21933,30,,,1,10,,21941,30,,,1,10,,21952,30,,,1,50,,21960,30,,,1,9,,21811,30,,,1,10,,21825,30,,,1,9,,21839,30,,,1,9,,21848,30,,,1,8,,21852,30,,,1,9,,21860,30,,,1,49,,21873,30,,,1,8,,21882,30,,,1,9,,21891,30,,,1,8,,21898,30,,,1,9,,21906,30,,,1,8,,21913,30,,,1,9,,21920,30,,,1,48,,21934,30,,,1,9,,21942,30,,,1,8,,21953,30,,,1,9,,21961,30,,,1,8,,21812,30,,,1,9,,21826,30,,,1,8,,21840,30,,,1,49,,21849,30,,,1,8,,21853,30,,,1,9,,21861,30,,,1,8,,21874,30,,,1,9,,21883,30,,,1,8,,21892,30,,,1,8,,21899,30,,,1,48,,21907,30,,,1,7,,21914,30,,,1,8,,21921,30,,,1,8,,21935,30,,,1,7,,21943,30,,,1,8,,21954,30,,,1,8,,21962,30,,,1,7,,21813,30,,,1,48,,21819,30,,,1,7,,21827,30,,,1,8,,21841,30,,,1,7,,21850,30,,,1,8,,21854,30,,,1,7,,21862,30,,,1,7,,21866,30,,,1,7,,21875,30,,,1,47,,21884,30,,,1,6,,21893,30,,,1,7,,21900,30,,,1,6,,21908,30,,,1,7,,21915,30,,,1,6,,21922,30,,,1,6,,21928,30,,,1,7,,21936,30,,,1,6,,21944,30,,,1,47,,21947,30,,,1,6,,21955,30,,,1,7,,21963,30,,,1,7,,21814,30,,,1,6,,21820,30,,,1,6,,21828,30,,,1,7,,21833,30,,,1,6,,21842,30,,,1,7,,21855,30,,,1,7,,21863,30,,,1,46,,21867,30,,,1,7,,21876,30,,,1,6,,21885,30,,,1,6,,21894,30,,,1,7,,21901,30,,,1,6,,21909,30,,,1,7,,21916,30,,,1,6,,21923,30,,,1,7,,21929,30,,,1,46,,21937,30,,,1,7,,21945,30,,,1,6,,21948,30,,,1,6,,21956,30,,,1,7,,21964,30,,,1,6,,21815,30,,,1,7,,21821,30,,,1,6,,21829,30,,,1,7,,21834,30,,,1,46,,21843,30,,,1,6,,21856,30,,,1,7,,21864,30,,,1,6,,21868,30,,,1,6,,21877,30,,,1,6,,21886,30,,,1,6,,21895,30,,,1,7,,21902,30,,,1,6,,21910,30,,,1,6,,21917,30,,,1,47,,21924,30,,,1,6,,21930,30,,,1,6,,21938,30,,,1,7,,21946,30,,,1,6,,21949,30,,,1,6,,21957,30,,,1,7,,21965,30,,,1,6,,21816,30,,,1,6,,21822,30,,,1,47,,21830,30,,,1,6,,21835,30,,,1,6,,21844,30,,,1,8,,21857,30,,,1,7,,21865,30,,,1,8,,21869,30,,,1,7,,21878,30,,,1,7,,21887,30,,,1,8,,21896,30,,,1,47,,21903,30,,,1,8,,21911,30,,,1,7,,21918,30,,,1,8,,21925,30,,,1,7,,21931,30,,,1,7,,21939,30,,,1,7,,21950,30,,,1,8,,21958,30,,,1,48,,21817,30,,,1,7,,21823,30,,,1,8,,21831,30,,,1,8,,21836,30,,,1,8,,21845,30,,,1,8,,21858,30,,,1,9,,21870,30,,,1,49,,21879,30,,,1,9,,21888,30,,,1,9,,21897,30,,,1,9,,21904,30,,,1,9,,21912,30,,,1,9,,21926,30,,,1,10,,21932,30,,,1,49,,21940,30,,,1,10,,21951,30,,,1,9,,21959,30,,,1,10,,21818,30,,,1,9,,21832,30,,,1,10,,21837,30,,,1,50,,21846,30,,,1,10,,21859,30,,,1,10,,21871,30,,,1,10,,21880,30,,,1,13,,21889,30,,,1
200,'GLOBAUX-01-F1',554,,21974,3,,,1,49,,21992,3,,,1,11,,22001,30,,,1,9,,22009,30,,,1,10,,22017,30,,,1,9,,22025,30,,,1,9,,22031,30,,,1,49,,22043,30,,,1,10,,22047,30,,,1,9,,22062,30,,,1,9,,22074,30,,,1,10,,22082,30,,,1,9,,22090,30,,,1,9,,22095,30,,,1,49,,21966,30,,,1,10,,21975,30,,,1,9,,21993,30,,,1,9,,22002,30,,,1,10,,22010,30,,,1,9,,22018,30,,,1,49,,22026,30,,,1,10,,22032,30,,,1,9,,22044,30,,,1,9,,22048,30,,,1,9,,22055,30,,,1,8,,22063,30,,,1,9,,22075,30,,,1,48,,22083,30,,,1,9,,22091,30,,,1,9,,22096,30,,,1,8,,21967,30,,,1,9,,21976,30,,,1,8,,21986,30,,,1,9,,21994,30,,,1,49,,22003,30,,,1,8,,22011,30,,,1,9,,22019,30,,,1,8,,22027,30,,,1,9,,22033,30,,,1,9,,22045,30,,,1,8,,22049,30,,,1,49,,22056,30,,,1,9,,22064,30,,,1,8,,22076,30,,,1,9,,22084,30,,,1,8,,22092,30,,,1,9,,22097,30,,,1,9,,21968,30,,,1,48,,21977,30,,,1,8,,21987,30,,,1,8,,21995,30,,,1,8,,22004,30,,,1,8,,22012,30,,,1,8,,22020,30,,,1,8,,22028,30,,,1,48,,22034,30,,,1,7,,22046,30,,,1,8,,22050,30,,,1,8,,22057,30,,,1,8,,22065,30,,,1,8,,22070,30,,,1,7,,22077,30,,,1,7,,22085,30,,,1,47,,22093,30,,,1,7,,22098,30,,,1,7,,22103,30,,,1,7,,21969,30,,,1,6,,21978,30,,,1,7,,21981,30,,,1,7,,21988,30,,,1,7,,21996,30,,,1,7,,22005,30,,,1,47,,22013,30,,,1,7,,22021,30,,,1,7,,22029,30,,,1,7,,22035,30,,,1,6,,22039,30,,,1,7,,22051,30,,,1,7,,22058,30,,,1,7,,22066,30,,,1,7,,22071,30,,,1,47,,22078,30,,,1,7,,22086,30,,,1,6,,22094,30,,,1,7,,22099,30,,,1,7,,22104,30,,,1,7,,21970,30,,,1,7,,21979,30,,,1,7,,21982,30,,,1,6,,21989,30,,,1,47,,21997,30,,,1,8,,22006,30,,,1,7,,22014,30,,,1,7,,22022,30,,,1,7,,22030,30,,,1,8,,22036,30,,,1,7,,22040,30,,,1,7,,22052,30,,,1,47,,22059,30,,,1,8,,22067,30,,,1,7,,22072,30,,,1,7,,22079,30,,,1,8,,22087,30,,,1,8,,22100,30,,,1,8,,22105,30,,,1,7,,21971,30,,,1,48,,21980,30,,,1,8,,21983,30,,,1,8,,21990,30,,,1,7,,21998,30,,,1,8,,22007,30,,,1,8,,22015,30,,,1,8,,22023,30,,,1,8,,22037,30,,,1,48,,22041,30,,,1,8,,22053,30,,,1,8,,22060,30,,,1,8,,22068,30,,,1,8,,22073,30,,,1,8,,22080,30,,,1,8,,22088,30,,,1,49,,22101,30,,,1,8,,22106,30,,,1,9,,21972,30,,,1,8,,21984,30,,,1,9,,21991,30,,,1,9,,21999,30,,,1,9,,22008,30,,,1,49,,22016,30,,,1,10,,22024,30,,,1,10,,22038,30,,,1,10,,22042,30,,,1,10,,22054,30,,,1,10,,22061,30,,,1,50,,22069,30,,,1,10,,22081,30,,,1,10,,22089,30,,,1,10,,22102,30,,,1,10,,22107,30,,,1,10,,21973,30,,,1,50,,21985,30,,,1,13,,22000,30,,,1
200,'GLOBAUX-01-F2',554,,22116,3,,,1,49,,22134,3,,,1,11,,22143,30,,,1,9,,22151,30,,,1,10,,22159,30,,,1,9,,22167,30,,,1,9,,22173,30,,,1,49,,22185,30,,,1,10,,22189,30,,,1,9,,22204,30,,,1,9,,22216,30,,,1,10,,22224,30,,,1,9,,22232,30,,,1,9,,22237,30,,,1,49,,22108,30,,,1,10,,22117,30,,,1,9,,22135,30,,,1,9,,22144,30,,,1,10,,22152,30,,,1,9,,22160,30,,,1,49,,22168,30,,,1,10,,22174,30,,,1,9,,22186,30,,,1,9,,22190,30,,,1,9,,22197,30,,,1,8,,22205,30,,,1,9,,22217,30,,,1,48,,22225,30,,,1,9,,22233,30,,,1,9,,22238,30,,,1,8,,22109,30,,,1,9,,22118,30,,,1,8,,22128,30,,,1,9,,22136,30,,,1,49,,22145,30,,,1,8,,22153,30,,,1,9,,22161,30,,,1,8,,22169,30,,,1,9,,22175,30,,,1,9,,22187,30,,,1,8,,22191,30,,,1,49,,22198,30,,,1,9,,22206,30,,,1,8,,22218,30,,,1,9,,22226,30,,,1,8,,22234,30,,,1,9,,22239,30,,,1,9,,22110,30,,,1,48,,22119,30,,,1,8,,22129,30,,,1,8,,22137,30,,,1,8,,22146,30,,,1,8,,22154,30,,,1,8,,22162,30,,,1,8,,22170,30,,,1,48,,22176,30,,,1,7,,22188,30,,,1,8,,22192,30,,,1,8,,22199,30,,,1,8,,22207,30,,,1,8,,22212,30,,,1,7,,22219,30,,,1,7,,22227,30,,,1,47,,22235,30,,,1,7,,22240,30,,,1,7,,22245,30,,,1,7,,22111,30,,,1,6,,22120,30,,,1,7,,22123,30,,,1,7,,22130,30,,,1,7,,22138,30,,,1,7,,22147,30,,,1,47,,22155,30,,,1,7,,22163,30,,,1,7,,22171,30,,,1,7,,22177,30,,,1,6,,22181,30,,,1,7,,22193,30,,,1,7,,22200,30,,,1,7,,22208,30,,,1,7,,22213,30,,,1,47,,22220,30,,,1,7,,22228,30,,,1,6,,22236,30,,,1,7,,22241,30,,,1,7,,22246,30,,,1,7,,22112,30,,,1,7,,22121,30,,,1,7,,22124,30,,,1,6,,22131,30,,,1,47,,22139,30,,,1,8,,22148,30,,,1,7,,22156,30,,,1,7,,22164,30,,,1,7,,22172,30,,,1,8,,22178,30,,,1,7,,22182,30,,,1,7,,22194,30,,,1,47,,22201,30,,,1,8,,22209,30,,,1,7,,22214,30,,,1,7,,22221,30,,,1,8,,22229,30,,,1,8,,22242,30,,,1,8,,22247,30,,,1,7,,22113,30,,,1,48,,22122,30,,,1,8,,22125,30,,,1,8,,22132,30,,,1,7,,22140,30,,,1,8,,22149,30,,,1,8,,22157,30,,,1,8,,22165,30,,,1,8,,22179,30,,,1,48,,22183,30,,,1,8,,22195,30,,,1,8,,22202,30,,,1,8,,22210,30,,,1,8,,22215,30,,,1,8,,22222,30,,,1,8,,22230,30,,,1,49,,22243,30,,,1,8,,22248,30,,,1,9,,22114,30,,,1,8,,22126,30,,,1,9,,22133,30,,,1,9,,22141,30,,,1,9,,22150,30,,,1,49,,22158,30,,,1,10,,22166,30,,,1,10,,22180,30,,,1,10,,22184,30,,,1,10,,22196,30,,,1,10,,22203,30,,,1,50,,22211,30,,,1,10,,22223,30,,,1,10,,22231,30,,,1,10,,22244,30,,,1,10,,22249,30,,,1,10,,22115,30,,,1,50,,22127,30,,,1,13,,22142,30,,,1
200,'GLOBAUX-01-I',554,,22258,3,,,1,49,,22276,3,,,1,11,,22285,30,,,1,9,,22293,30,,,1,10,,22301,30,,,1,9,,22309,30,,,1,9,,22315,30,,,1,49,,22327,30,,,1,10,,22331,30,,,1,9,,22346,30,,,1,9,,22358,30,,,1,10,,22366,30,,,1,9,,22374,30,,,1,9,,22379,30,,,1,49,,22250,30,,,1,10,,22259,30,,,1,9,,22277,30,,,1,9,,22286,30,,,1,10,,22294,30,,,1,9,,22302,30,,,1,49,,22310,30,,,1,10,,22316,30,,,1,9,,22328,30,,,1,9,,22332,30,,,1,9,,22339,30,,,1,8,,22347,30,,,1,9,,22359,30,,,1,48,,22367,30,,,1,9,,22375,30,,,1,9,,22380,30,,,1,8,,22251,30,,,1,9,,22260,30,,,1,8,,22270,30,,,1,9,,22278,30,,,1,49,,22287,30,,,1,8,,22295,30,,,1,9,,22303,30,,,1,8,,22311,30,,,1,9,,22317,30,,,1,9,,22329,30,,,1,8,,22333,30,,,1,49,,22340,30,,,1,9,,22348,30,,,1,8,,22360,30,,,1,9,,22368,30,,,1,8,,22376,30,,,1,9,,22381,30,,,1,9,,22252,30,,,1,48,,22261,30,,,1,8,,22271,30,,,1,8,,22279,30,,,1,8,,22288,30,,,1,8,,22296,30,,,1,8,,22304,30,,,1,8,,22312,30,,,1,48,,22318,30,,,1,7,,22330,30,,,1,8,,22334,30,,,1,8,,22341,30,,,1,8,,22349,30,,,1,8,,22354,30,,,1,7,,22361,30,,,1,7,,22369,30,,,1,47,,22377,30,,,1,7,,22382,30,,,1,7,,22387,30,,,1,7,,22253,30,,,1,6,,22262,30,,,1,7,,22265,30,,,1,7,,22272,30,,,1,7,,22280,30,,,1,7,,22289,30,,,1,47,,22297,30,,,1,7,,22305,30,,,1,7,,22313,30,,,1,7,,22319,30,,,1,6,,22323,30,,,1,7,,22335,30,,,1,7,,22342,30,,,1,7,,22350,30,,,1,7,,22355,30,,,1,47,,22362,30,,,1,7,,22370,30,,,1,6,,22378,30,,,1,7,,22383,30,,,1,7,,22388,30,,,1,7,,22254,30,,,1,7,,22263,30,,,1,7,,22266,30,,,1,6,,22273,30,,,1,47,,22281,30,,,1,8,,22290,30,,,1,7,,22298,30,,,1,7,,22306,30,,,1,7,,22314,30,,,1,8,,22320,30,,,1,7,,22324,30,,,1,7,,22336,30,,,1,47,,22343,30,,,1,8,,22351,30,,,1,7,,22356,30,,,1,7,,22363,30,,,1,8,,22371,30,,,1,8,,22384,30,,,1,8,,22389,30,,,1,7,,22255,30,,,1,48,,22264,30,,,1,8,,22267,30,,,1,8,,22274,30,,,1,7,,22282,30,,,1,8,,22291,30,,,1,8,,22299,30,,,1,8,,22307,30,,,1,8,,22321,30,,,1,48,,22325,30,,,1,8,,22337,30,,,1,8,,22344,30,,,1,8,,22352,30,,,1,8,,22357,30,,,1,8,,22364,30,,,1,8,,22372,30,,,1,49,,22385,30,,,1,8,,22390,30,,,1,9,,22256,30,,,1,8,,22268,30,,,1,9,,22275,30,,,1,9,,22283,30,,,1,9,,22292,30,,,1,49,,22300,30,,,1,10,,22308,30,,,1,10,,22322,30,,,1,10,,22326,30,,,1,10,,22338,30,,,1,10,,22345,30,,,1,50,,22353,30,,,1,10,,22365,30,,,1,10,,22373,30,,,1,10,,22386,30,,,1,10,,22391,30,,,1,10,,22257,30,,,1,50,,22269,30,,,1,13,,22284,30,,,1
200,'GLOBAUX-01-S',613,,22463,30,,,1,6,,22473,30,,,1,6,,22483,30,,,1,6,,22498,30,,,1,6,,22509,30,,,1,7,,22518,30,,,1,6,,22532,30,,,1,6,,22534,30,,,1,45,,22554,30,,,1,5,,22571,30,,,1,5,,22573,30,,,1,5,,22580,30,,,1,5,,22582,30,,,1,4,,22594,30,,,1,4,,22600,30,,,1,4,,22606,30,,,1,4,,22607,30,,,1,4,,22613,30,,,1,3,,22622,30,,,1,4,,22392,30,,,1,3,,22393,30,,,1,4,,22403,30,,,1,3,,22411,30,,,1,44,,22412,30,,,1,3,,22421,30,,,1,3,,22423,30,,,1,4,,22428,30,,,1,3,,22436,30,,,1,4,,22444,30,,,1,3,,22456,30,,,1,3,,22461,30,,,1,3,,22462,30,,,1,4,,22464,30,,,1,3,,22474,30,,,1,3,,22484,30,,,1,3,,22492,30,,,1,4,,22494,30,,,1,3,,22499,30,,,1,3,,22504,30,,,1,4,,22510,30,,,1,3,,22515,30,,,1,43,,22519,30,,,1,3,,22527,30,,,1,3,,22533,30,,,1,4,,22535,30,,,1,3,,22540,30,,,1,3,,22555,30,,,1,3,,22564,30,,,1,4,,22572,30,,,1,3,,22574,30,,,1,4,,22575,30,,,1,4,,22583,30,,,1,3,,22590,30,,,1,4,,22595,30,,,1,4,,22601,30,,,1,3,,22608,30,,,1,4,,22614,30,,,1,4,,22623,30,,,1,44,,22630,30,,,1,4,,22394,30,,,1,4,,22404,30,,,1,4,,22413,30,,,1,3,,22420,30,,,1,4,,22424,30,,,1,5,,22437,30,,,1,5,,22445,30,,,1,5,,22457,30,,,1,6,,22465,30,,,1,7,,22475,30,,,1,6,,22485,30,,,1,46,,22495,30,,,1,6,,22505,30,,,1,6,,22511,30,,,1,6,,22520,30,,,1,6,,22528,30,,,1,6,,22541,30,,,1,6,,22556,30,,,1,6,,22565,30,,,1,6,,22576,30,,,1,6,,22584,30,,,1,46,,22596,30,,,1,6,,22602,30,,,1,6,,22615,30,,,1,6,,22624,30,,,1,6,,22395,30,,,1,6,,22405,30,,,1,6,,22414,30,,,1,6,,22425,30,,,1,6,,22438,30,,,1,6,,22446,30,,,1,46,,22458,30,,,1,6,,22466,30,,,1,6,,22476,30,,,1,6,,22486,30,,,1,6,,22496,30,,,1,6,,22506,30,,,1,6,,22512,30,,,1,6,,22521,30,,,1,6,,22529,30,,,1,6,,22542,30,,,1,46,,22557,30,,,1,6,,22566,30,,,1,6,,22577,30,,,1,7,,22585,30,,,1,6,,22597,30,,,1,6,,22603,30,,,1,6,,22616,30,,,1,6,,22625,30,,,1,6,,22396,30,,,1,6,,22406,30,,,1,46,,22415,30,,,1,6,,22426,30,,,1,6,,22439,30,,,1,6,,22447,30,,,1,6,,22459,30,,,1,6,,22467,30,,,1,6,,22477,30,,,1,5,,22487,30,,,1,4,,22497,30,,,1,5,,22500,30,,,1,4,,22507,30,,,1,45,,22513,30,,,1,4,,22516,30,,,1,4,,22522,30,,,1,4,,22530,30,,,1,4,,22536,30,,,1,3,,22543,30,,,1,3,,22547,30,,,1,3,,22558,30,,,1,3,,22562,30,,,1,3,,22567,30,,,1,3,,22578,30,,,1,3,,22581,30,,,1,3,,22586,30,,,1,3,,22591,30,,,1,3,,22598,30,,,1,3,,22604,30,,,1,3,,22609,30,,,1,3,,22617,30,,,1,3,,22618,30,,,1,43,,22626,30,,,1,3,,22397,30,,,1,3,,22398,30,,,1,2,,22399,30,,,1,3,,22400,30,,,1,3,,22407,30,,,1,3,,22416,30,,,1,3,,22422,30,,,1,6,,22429,30,,,1,3,,22433,30,,,1,3,,22440,30,,,1,6,,22449,30,,,1,3,,22453,30,,,1,3,,22460,30,,,1,6,,22469,30,,,1,2,,22478,30,,,1,6,,22488,30,,,1,46,,22501,30,,,1,3,,22508,30,,,1,3,,22514,30,,,1,4,,22517,30,,,1,3,,22523,30,,,1,3,,22531,30,,,1,4,,22537,30,,,1,3,,22544,30,,,1,3,,22548,30,,,1,4,,22551,30,,,1,4,,22559,30,,,1,4,,22563,30,,,1,4,,22568,30,,,1,4,,22579,30,,,1,4,,22587,30,,,1,3,,22592,30,,,1,44,,22599,30,,,1,4,,22605,30,,,1,4,,22610,30,,,1,4,,22619,30,,,1,5,,22627,30,,,1,5,,22401,30,,,1,5,,22408,30,,,1,5,,22417,30,,,1,5,,22430,30,,,1,6,,22434,30,,,1,6,,22441,30,,,1,6,,22450,30,,,1,46,,22454,30,,,1,6,,22470,30,,,1,6,,22479,30,,,1,6,,22489,30,,,1,6,,22502,30,,,1,6,,22524,30,,,1,6,,22538,30,,,1,6,,22545,30,,,1,6,,22549,30,,,1,6,,22552,30,,,1,46,,22560,30,,,1,6,,22569,30,,,1,6,,22588,30,,,1,6,,22593,30,,,1,6,,22611,30,,,1,6,,22620,30,,,1,6,,22628,30,,,1,6,,22402,30,,,1,6,,22409,30,,,1,6,,22418,30,,,1,46,,22431,30,,,1,6,,22435,30,,,1,6,,22442,30,,,1,6,,22451,30,,,1,6,,22455,30,,,1,5,,22471,30,,,1,6,,22480,30,,,1,6,,22490,30,,,1,6,,22503,30,,,1,6,,22525,30,,,1,46,,22539,30,,,1,6,,22546,30,,,1,6,,22550,30,,,1,7,,22553,30,,,1,7,,22561,30,,,1,7,,22570,30,,,1,7,,22589,30,,,1,7,,22612,30,,,1,7,,22621,30,,,1,47,,22629,30,,,1,7,,22410,30,,,1,8,,22419,30,,,1,8,,22432,30,,,1,8,,22443,30,,,1,8,,22452,30,,,1,8,,22472,30,,,1,8,,22481,30,,,1,47,,22491,30,,,1,12,,22526,30,,,1
201,'GLOBAUX-01-A',525,,22741,2,,,1,10,,22748,2,,,1,9,,22757,2,,,1,10,,22769,2,,,1,49,,22778,2,,,1,10,,22631,2,,,1,10,,22645,2,,,1,9,,22658,2,,,1,10,,22666,2,,,1,9,,22669,2,,,1,50,,22688,2,,,1,10,,22696,2,,,1,9,,22704,2,,,1,9,,22712,2,,,1,10,,22719,2,,,1,9,,22727,2,,,1,9,,22733,2,,,1,48,,22749,2,,,1,9,,22758,2,,,1,9,,22770,2,,,1,9,,22779,2,,,1,8,,22632,2,,,1,9,,22646,2,,,1,9,,22659,2,,,1,49,,22667,2,,,1,8,,22670,2,,,1,9,,22677,2,,,1,9,,22689,2,,,1,9,,22697,2,,,1,8,,22705,2,,,1,9,,22713,2,,,1,49,,22720,2,,,1,9,,22728,2,,,1,8,,22734,2,,,1,8,,22750,2,,,1,8,,22759,2,,,1,7,,22771,2,,,1,8,,22780,2,,,1,48,,22633,2,,,1,7,,22640,2,,,1,7,,22647,2,,,1,7,,22660,2,,,1,7,,22668,2,,,1,7,,22671,2,,,1,7,,22678,2,,,1,7,,22682,2,,,1,47,,22690,2,,,1,7,,22698,2,,,1,7,,22706,2,,,1,7,,22714,2,,,1,7,,22721,2,,,1,6,,22729,2,,,1,7,,22735,2,,,1,6,,22742,2,,,1,7,,22751,2,,,1,46,,22760,2,,,1,6,,22763,2,,,1,7,,22772,2,,,1,6,,22781,2,,,1,7,,22634,2,,,1,6,,22641,2,,,1,6,,22648,2,,,1,7,,22653,2,,,1,6,,22661,2,,,1,7,,22672,2,,,1,46,,22679,2,,,1,7,,22683,2,,,1,6,,22691,2,,,1,6,,22699,2,,,1,7,,22707,2,,,1,6,,22715,2,,,1,7,,22722,2,,,1,6,,22730,2,,,1,6,,22736,2,,,1,47,,22743,2,,,1,6,,22752,2,,,1,7,,22761,2,,,1,6,,22764,2,,,1,7,,22773,2,,,1,6,,22782,2,,,1,6,,22635,2,,,1,7,,22642,2,,,1,6,,22649,2,,,1,47,,22654,2,,,1,6,,22662,2,,,1,6,,22673,2,,,1,7,,22680,2,,,1,6,,22684,2,,,1,7,,22692,2,,,1,6,,22700,2,,,1,7,,22708,2,,,1,6,,22716,2,,,1,6,,22723,2,,,1,47,,22731,2,,,1,6,,22737,2,,,1,7,,22744,2,,,1,6,,22753,2,,,1,6,,22762,2,,,1,7,,22765,2,,,1,6,,22774,2,,,1,7,,22783,2,,,1,6,,22636,2,,,1,47,,22643,2,,,1,6,,22650,2,,,1,6,,22655,2,,,1,7,,22663,2,,,1,6,,22674,2,,,1,7,,22681,2,,,1,7,,22685,2,,,1,7,,22693,2,,,1,8,,22701,2,,,1,47,,22709,2,,,1,7,,22717,2,,,1,7,,22724,2,,,1,8,,22732,2,,,1,7,,22738,2,,,1,8,,22745,2,,,1,7,,22754,2,,,1,8,,22766,2,,,1,48,,22775,2,,,1,7,,22637,2,,,1,8,,22644,2,,,1,8,,22651,2,,,1,8,,22656,2,,,1,7,,22664,2,,,1,8,,22675,2,,,1,8,,22686,2,,,1,48,,22694,2,,,1,9,,22702,2,,,1,8,,22710,2,,,1,9,,22718,2,,,1,9,,22725,2,,,1,10,,22739,2,,,1,9,,22746,2,,,1,50,,22755,2,,,1,9,,22767,2,,,1,10,,22776,2,,,1,9,,22638,2,,,1,10,,22652,2,,,1,9,,22657,2,,,1,50,,22665,2,,,1,9,,22676,2,,,1,10,,22687,2,,,1,10,,22695,2,,,1,10,,22703,2,,,1,9,,22711,2,,,1,50,,22726,2,,,1,10,,22740,2,,,1,10,,22747,2,,,1,10,,22756,2,,,1,10,,22768,2,,,1,10,,22777,2,,,1,50,,22639,2,,,1
201,'GLOBAUX-01-F1',525,,22877,2,,,1,10,,22890,2,,,1,9,,22898,2,,,1,9,,22906,2,,,1,50,,22911,2,,,1,9,,22784,2,,,1,9,,22792,2,,,1,10,,22809,2,,,1,9,,22817,2,,,1,9,,22825,2,,,1,10,,22833,2,,,1,49,,22841,2,,,1,9,,22846,2,,,1,10,,22859,2,,,1,9,,22862,2,,,1,9,,22878,2,,,1,10,,22891,2,,,1,49,,22899,2,,,1,9,,22907,2,,,1,9,,22912,2,,,1,9,,22785,2,,,1,9,,22793,2,,,1,9,,22803,2,,,1,9,,22810,2,,,1,49,,22818,2,,,1,9,,22826,2,,,1,8,,22834,2,,,1,9,,22842,2,,,1,8,,22847,2,,,1,9,,22860,2,,,1,9,,22863,2,,,1,48,,22870,2,,,1,9,,22879,2,,,1,8,,22892,2,,,1,9,,22900,2,,,1,9,,22908,2,,,1,8,,22913,2,,,1,9,,22786,2,,,1,48,,22794,2,,,1,9,,22804,2,,,1,8,,22811,2,,,1,9,,22819,2,,,1,9,,22827,2,,,1,8,,22835,2,,,1,8,,22843,2,,,1,48,,22848,2,,,1,8,,22861,2,,,1,8,,22864,2,,,1,8,,22871,2,,,1,8,,22880,2,,,1,7,,22886,2,,,1,6,,22893,2,,,1,7,,22901,2,,,1,47,,22909,2,,,1,7,,22914,2,,,1,7,,22919,2,,,1,7,,22787,2,,,1,6,,22795,2,,,1,7,,22798,2,,,1,7,,22805,2,,,1,7,,22812,2,,,1,47,,22820,2,,,1,7,,22828,2,,,1,6,,22836,2,,,1,7,,22844,2,,,1,7,,22849,2,,,1,7,,22854,2,,,1,7,,22865,2,,,1,7,,22872,2,,,1,6,,22881,2,,,1,47,,22887,2,,,1,7,,22894,2,,,1,7,,22902,2,,,1,7,,22910,2,,,1,7,,22915,2,,,1,6,,22920,2,,,1,7,,22788,2,,,1,7,,22796,2,,,1,7,,22799,2,,,1,47,,22806,2,,,1,8,,22813,2,,,1,7,,22821,2,,,1,7,,22829,2,,,1,8,,22837,2,,,1,7,,22845,2,,,1,7,,22850,2,,,1,8,,22855,2,,,1,47,,22866,2,,,1,7,,22873,2,,,1,8,,22882,2,,,1,7,,22888,2,,,1,7,,22895,2,,,1,8,,22903,2,,,1,7,,22916,2,,,1,8,,22921,2,,,1,48,,22789,2,,,1,8,,22797,2,,,1,8,,22800,2,,,1,7,,22807,2,,,1,8,,22814,2,,,1,8,,22822,2,,,1,8,,22830,2,,,1,8,,22838,2,,,1,48,,22851,2,,,1,7,,22856,2,,,1,8,,22867,2,,,1,8,,22874,2,,,1,8,,22883,2,,,1,8,,22889,2,,,1,8,,22896,2,,,1,48,,22904,2,,,1,9,,22917,2,,,1,8,,22922,2,,,1,9,,22790,2,,,1,8,,22801,2,,,1,9,,22808,2,,,1,8,,22815,2,,,1,49,,22823,2,,,1,9,,22831,2,,,1,9,,22839,2,,,1,9,,22852,2,,,1,8,,22857,2,,,1,9,,22868,2,,,1,10,,22875,2,,,1,50,,22884,2,,,1,10,,22897,2,,,1,10,,22905,2,,,1,10,,22918,2,,,1,10,,22923,2,,,1,10,,22791,2,,,1,50,,22802,2,,,1,10,,22816,2,,,1,10,,22824,2,,,1,10,,22832,2,,,1,10,,22840,2,,,1,10,,22853,2,,,1,50,,22858,2,,,1,10,,22869,2,,,1,10,,22876,2,,,1,10,,22885,2,,,1
201,'GLOBAUX-01-F2',525,,23017,2,,,1,10,,23030,2,,,1,9,,23038,2,,,1,9,,23046,2,,,1,50,,23051,2,,,1,9,,22924,2,,,1,9,,22932,2,,,1,10,,22949,2,,,1,9,,22957,2,,,1,9,,22965,2,,,1,10,,22973,2,,,1,49,,22981,2,,,1,9,,22986,2,,,1,10,,22999,2,,,1,9,,23002,2,,,1,9,,23018,2,,,1,10,,23031,2,,,1,49,,23039,2,,,1,9,,23047,2,,,1,9,,23052,2,,,1,9,,22925,2,,,1,9,,22933,2,,,1,9,,22943,2,,,1,9,,22950,2,,,1,49,,22958,2,,,1,9,,22966,2,,,1,8,,22974,2,,,1,9,,22982,2,,,1,8,,22987,2,,,1,9,,23000,2,,,1,9,,23003,2,,,1,48,,23010,2,,,1,9,,23019,2,,,1,8,,23032,2,,,1,9,,23040,2,,,1,9,,23048,2,,,1,8,,23053,2,,,1,9,,22926,2,,,1,48,,22934,2,,,1,9,,22944,2,,,1,8,,22951,2,,,1,9,,22959,2,,,1,9,,22967,2,,,1,8,,22975,2,,,1,8,,22983,2,,,1,48,,22988,2,,,1,8,,23001,2,,,1,8,,23004,2,,,1,8,,23011,2,,,1,8,,23020,2,,,1,7,,23026,2,,,1,6,,23033,2,,,1,7,,23041,2,,,1,47,,23049,2,,,1,7,,23054,2,,,1,7,,23059,2,,,1,7,,22927,2,,,1,6,,22935,2,,,1,7,,22938,2,,,1,7,,22945,2,,,1,7,,22952,2,,,1,47,,22960,2,,,1,7,,22968,2,,,1,6,,22976,2,,,1,7,,22984,2,,,1,7,,22989,2,,,1,7,,22994,2,,,1,7,,23005,2,,,1,7,,23012,2,,,1,6,,23021,2,,,1,47,,23027,2,,,1,7,,23034,2,,,1,7,,23042,2,,,1,7,,23050,2,,,1,7,,23055,2,,,1,6,,23060,2,,,1,7,,22928,2,,,1,7,,22936,2,,,1,7,,22939,2,,,1,47,,22946,2,,,1,8,,22953,2,,,1,7,,22961,2,,,1,7,,22969,2,,,1,8,,22977,2,,,1,7,,22985,2,,,1,7,,22990,2,,,1,8,,22995,2,,,1,47,,23006,2,,,1,7,,23013,2,,,1,8,,23022,2,,,1,7,,23028,2,,,1,7,,23035,2,,,1,8,,23043,2,,,1,7,,23056,2,,,1,8,,23061,2,,,1,48,,22929,2,,,1,8,,22937,2,,,1,8,,22940,2,,,1,7,,22947,2,,,1,8,,22954,2,,,1,8,,22962,2,,,1,8,,22970,2,,,1,8,,22978,2,,,1,48,,22991,2,,,1,7,,22996,2,,,1,8,,23007,2,,,1,8,,23014,2,,,1,8,,23023,2,,,1,8,,23029,2,,,1,8,,23036,2,,,1,48,,23044,2,,,1,9,,23057,2,,,1,8,,23062,2,,,1,9,,22930,2,,,1,8,,22941,2,,,1,9,,22948,2,,,1,8,,22955,2,,,1,49,,22963,2,,,1,9,,22971,2,,,1,9,,22979,2,,,1,9,,22992,2,,,1,8,,22997,2,,,1,9,,23008,2,,,1,10,,23015,2,,,1,50,,23024,2,,,1,10,,23037,2,,,1,10,,23045,2,,,1,10,,23058,2,,,1,10,,23063,2,,,1,10,,22931,2,,,1,50,,22942,2,,,1,10,,22956,2,,,1,10,,22964,2,,,1,10,,22972,2,,,1,10,,22980,2,,,1,10,,22993,2,,,1,50,,22998,2,,,1,10,,23009,2,,,1,10,,23016,2,,,1,10,,23025,2,,,1
201,'GLOBAUX-01-I',525,,23157,2,,,1,10,,23170,2,,,1,9,,23178,2,,,1,9,,23186,2,,,1,50,,23191,2,,,1,9,,23064,2,,,1,9,,23072,2,,,1,10,,23089,2,,,1,9,,23097,2,,,1,9,,23105,2,,,1,10,,23113,2,,,1,49,,23121,2,,,1,9,,23126,2,,,1,10,,23139,2,,,1,9,,23142,2,,,1,9,,23158,2,,,1,10,,23171,2,,,1,49,,23179,2,,,1,9,,23187,2,,,1,9,,23192,2,,,1,9,,23065,2,,,1,9,,23073,2,,,1,9,,23083,2,,,1,9,,23090,2,,,1,49,,23098,2,,,1,9,,23106,2,,,1,8,,23114,2,,,1,9,,23122,2,,,1,8,,23127,2,,,1,9,,23140,2,,,1,9,,23143,2,,,1,48,,23150,2,,,1,9,,23159,2,,,1,8,,23172,2,,,1,9,,23180,2,,,1,9,,23188,2,,,1,8,,23193,2,,,1,9,,23066,2,,,1,48,,23074,2,,,1,9,,23084,2,,,1,8,,23091,2,,,1,9,,23099,2,,,1,9,,23107,2,,,1,8,,23115,2,,,1,8,,23123,2,,,1,48,,23128,2,,,1,8,,23141,2,,,1,8,,23144,2,,,1,8,,23151,2,,,1,8,,23160,2,,,1,7,,23166,2,,,1,6,,23173,2,,,1,7,,23181,2,,,1,47,,23189,2,,,1,7,,23194,2,,,1,7,,23199,2,,,1,7,,23067,2,,,1,6,,23075,2,,,1,7,,23078,2,,,1,7,,23085,2,,,1,7,,23092,2,,,1,47,,23100,2,,,1,7,,23108,2,,,1,6,,23116,2,,,1,7,,23124,2,,,1,7,,23129,2,,,1,7,,23134,2,,,1,7,,23145,2,,,1,7,,23152,2,,,1,6,,23161,2,,,1,47,,23167,2,,,1,7,,23174,2,,,1,7,,23182,2,,,1,7,,23190,2,,,1,7,,23195,2,,,1,6,,23200,2,,,1,7,,23068,2,,,1,7,,23076,2,,,1,7,,23079,2,,,1,47,,23086,2,,,1,8,,23093,2,,,1,7,,23101,2,,,1,7,,23109,2,,,1,8,,23117,2,,,1,7,,23125,2,,,1,7,,23130,2,,,1,8,,23135,2,,,1,47,,23146,2,,,1,7,,23153,2,,,1,8,,23162,2,,,1,7,,23168,2,,,1,7,,23175,2,,,1,8,,23183,2,,,1,7,,23196,2,,,1,8,,23201,2,,,1,48,,23069,2,,,1,8,,23077,2,,,1,8,,23080,2,,,1,7,,23087,2,,,1,8,,23094,2,,,1,8,,23102,2,,,1,8,,23110,2,,,1,8,,23118,2,,,1,48,,23131,2,,,1,7,,23136,2,,,1,8,,23147,2,,,1,8,,23154,2,,,1,8,,23163,2,,,1,8,,23169,2,,,1,8,,23176,2,,,1,48,,23184,2,,,1,9,,23197,2,,,1,8,,23202,2,,,1,9,,23070,2,,,1,8,,23081,2,,,1,9,,23088,2,,,1,8,,23095,2,,,1,49,,23103,2,,,1,9,,23111,2,,,1,9,,23119,2,,,1,9,,23132,2,,,1,8,,23137,2,,,1,9,,23148,2,,,1,10,,23155,2,,,1,50,,23164,2,,,1,10,,23177,2,,,1,10,,23185,2,,,1,10,,23198,2,,,1,10,,23203,2,,,1,10,,23071,2,,,1,50,,23082,2,,,1,10,,23096,2,,,1,10,,23104,2,,,1,10,,23112,2,,,1,10,,23120,2,,,1,10,,23133,2,,,1,50,,23138,2,,,1,10,,23149,2,,,1,10,,23156,2,,,1,10,,23165,2,,,1
201,'GLOBAUX-01-S',525,,23391,2,,,1,6,,23405,2,,,1,6,,23411,2,,,1,6,,23418,2,,,1,6,,23424,2,,,1,6,,23204,2,,,1,46,,23206,2,,,1,6,,23224,2,,,1,6,,23226,2,,,1,5,,23238,2,,,1,5,,23243,2,,,1,5,,23251,2,,,1,5,,23276,2,,,1,4,,23277,2,,,1,4,,23279,2,,,1,4,,23288,2,,,1,4,,23297,2,,,1,4,,23305,2,,,1,3,,23308,2,,,1,44,,23313,2,,,1,3,,23322,2,,,1,4,,23327,2,,,1,3,,23331,2,,,1,2,,23339,2,,,1,3,,23344,2,,,1,3,,23346,2,,,1,3,,23351,2,,,1,3,,23366,2,,,1,6,,23383,2,,,1,3,,23384,2,,,1,6,,23390,2,,,1,3,,23392,2,,,1,3,,23394,2,,,1,5,,23406,2,,,1,3,,23412,2,,,1,3,,23417,2,,,1,3,,23419,2,,,1,43,,23425,2,,,1,3,,23434,2,,,1,6,,23205,2,,,1,3,,23207,2,,,1,3,,23216,2,,,1,2,,23225,2,,,1,3,,23227,2,,,1,6,,23235,2,,,1,3,,23239,2,,,1,3,,23244,2,,,1,3,,23252,2,,,1,3,,23259,2,,,1,3,,23260,2,,,1,3,,23271,2,,,1,3,,23278,2,,,1,4,,23280,2,,,1,3,,23289,2,,,1,3,,23298,2,,,1,44,,23306,2,,,1,3,,23309,2,,,1,4,,23314,2,,,1,4,,23318,2,,,1,4,,23323,2,,,1,3,,23328,2,,,1,4,,23332,2,,,1,4,,23340,2,,,1,5,,23345,2,,,1,5,,23352,2,,,1,5,,23367,2,,,1,5,,23376,2,,,1,5,,23386,2,,,1,5,,23395,2,,,1,46,,23407,2,,,1,6,,23413,2,,,1,6,,23426,2,,,1,6,,23435,2,,,1,6,,23208,2,,,1,6,,23217,2,,,1,6,,23228,2,,,1,6,,23240,2,,,1,6,,23253,2,,,1,6,,23261,2,,,1,46,,23272,2,,,1,6,,23281,2,,,1,6,,23290,2,,,1,6,,23299,2,,,1,6,,23310,2,,,1,6,,23319,2,,,1,6,,23324,2,,,1,6,,23333,2,,,1,6,,23341,2,,,1,6,,23353,2,,,1,46,,23368,2,,,1,6,,23377,2,,,1,6,,23387,2,,,1,6,,23396,2,,,1,6,,23408,2,,,1,6,,23414,2,,,1,6,,23427,2,,,1,6,,23436,2,,,1,6,,23209,2,,,1,6,,23218,2,,,1,46,,23229,2,,,1,6,,23241,2,,,1,6,,23254,2,,,1,6,,23262,2,,,1,6,,23273,2,,,1,6,,23282,2,,,1,6,,23291,2,,,1,6,,23300,2,,,1,6,,23311,2,,,1,6,,23320,2,,,1,46,,23325,2,,,1,6,,23334,2,,,1,6,,23342,2,,,1,6,,23354,2,,,1,6,,23369,2,,,1,6,,23378,2,,,1,6,,23388,2,,,1,6,,23397,2,,,1,6,,23409,2,,,1,5,,23415,2,,,1,45,,23428,2,,,1,5,,23437,2,,,1,5,,23210,2,,,1,5,,23212,2,,,1,4,,23219,2,,,1,5,,23230,2,,,1,3,,23236,2,,,1,4,,23242,2,,,1,3,,23248,2,,,1,4,,23255,2,,,1,3,,23263,2,,,1,3,,23267,2,,,1,3,,23274,2,,,1,4,,23283,2,,,1,3,,23284,2,,,1,43,,23292,2,,,1,3,,23296,2,,,1,4,,23301,2,,,1,3,,23307,2,,,1,3,,23312,2,,,1,3,,23315,2,,,1,4,,23321,2,,,1,3,,23326,2,,,1,3,,23329,2,,,1,3,,23335,2,,,1,3,,23343,2,,,1,3,,23347,2,,,1,4,,23355,2,,,1,3,,23358,2,,,1,3,,23362,2,,,1,3,,23370,2,,,1,3,,23374,2,,,1,3,,23379,2,,,1,4,,23389,2,,,1,43,,23393,2,,,1,3,,23398,2,,,1,3,,23402,2,,,1,3,,23410,2,,,1,4,,23416,2,,,1,3,,23420,2,,,1,3,,23429,2,,,1,3,,23430,2,,,1,4,,23438,2,,,1,4,,23211,2,,,1,3,,23213,2,,,1,4,,23220,2,,,1,4,,23231,2,,,1,4,,23237,2,,,1,4,,23245,2,,,1,4,,23249,2,,,1,4,,23256,2,,,1,45,,23264,2,,,1,4,,23268,2,,,1,5,,23275,2,,,1,5,,23285,2,,,1,5,,23293,2,,,1,4,,23302,2,,,1,5,,23316,2,,,1,5,,23330,2,,,1,5,,23336,2,,,1,5,,23348,2,,,1,5,,23356,2,,,1,5,,23359,2,,,1,46,,23363,2,,,1,6,,23371,2,,,1,6,,23380,2,,,1,6,,23399,2,,,1,6,,23403,2,,,1,6,,23421,2,,,1,6,,23431,2,,,1,6,,23439,2,,,1,6,,23214,2,,,1,6,,23221,2,,,1,46,,23232,2,,,1,6,,23246,2,,,1,6,,23250,2,,,1,6,,23257,2,,,1,6,,23265,2,,,1,6,,23269,2,,,1,6,,23286,2,,,1,6,,23294,2,,,1,6,,23303,2,,,1,6,,23317,2,,,1,46,,23337,2,,,1,6,,23349,2,,,1,6,,23357,2,,,1,6,,23360,2,,,1,6,,23364,2,,,1,6,,23372,2,,,1,6,,23381,2,,,1,6,,23400,2,,,1,6,,23404,2,,,1,6,,23422,2,,,1,46,,23432,2,,,1,6,,23440,2,,,1,6,,23215,2,,,1,6,,23222,2,,,1,6,,23233,2,,,1,7,,23247,2,,,1,7,,23258,2,,,1,7,,23266,2,,,1,7,,23270,2,,,1,47,,23287,2,,,1,7,,23295,2,,,1,7,,23304,2,,,1,7,,23338,2,,,1,8,,23350,2,,,1,8,,23361,2,,,1,8,,23365,2,,,1,8,,23373,2,,,1,48,,23382,2,,,1,8,,23423,2,,,1,8,,23433,2,,,1,8,,23441,2,,,1,8,,23223,2,,,1
