100,'GLOBAUX-01-A',540,,20201,8,,,1,10,,20211,8,,,1,50,,20229,8,,,1,10,,20236,8,,,1,10,,20246,8,,,1,10,,20269,8,,,1,10,,20287,8,,,1,10,,20297,8,,,1,50,,20304,8,,,1,10,,20314,8,,,1,10,,20331,8,,,1,10,,20341,8,,,1,10,,20202,8,,,1,10,,20212,8,,,1,50,,20230,8,,,1,10,,20237,8,,,1,10,,20247,8,,,1,9,,20270,8,,,1,10,,20278,8,,,1,9,,20288,8,,,1,9,,20298,8,,,1,49,,20305,8,,,1,8,,20315,8,,,1,9,,20332,8,,,1,8,,20342,8,,,1,9,,20203,8,,,1,8,,20213,8,,,1,9,,20221,8,,,1,48,,20231,8,,,1,8,,20238,8,,,1,9,,20248,8,,,1,7,,20263,8,,,1,8,,20271,8,,,1,8,,20279,8,,,1,7,,20289,8,,,1,48,,20299,8,,,1,8,,20306,8,,,1,7,,20316,8,,,1,8,,20333,8,,,1,8,,20343,8,,,1,7,,20204,8,,,1,8,,20214,8,,,1,8,,20222,8,,,1,47,,20232,8,,,1,7,,20239,8,,,1,7,,20249,8,,,1,6,,20256,8,,,1,7,,20264,8,,,1,6,,20272,8,,,1,7,,20280,8,,,1,6,,20290,8,,,1,7,,20300,8,,,1,46,,20307,8,,,1,7,,20317,8,,,1,6,,20324,8,,,1,7,,20334,8,,,1,6,,20344,8,,,1,7,,20205,8,,,1,6,,20215,8,,,1,7,,20223,8,,,1,6,,20233,8,,,1,7,,20240,8,,,1,46,,20250,8,,,1,7,,20257,8,,,1,6,,20265,8,,,1,7,,20273,8,,,1,6,,20281,8,,,1,7,,20291,8,,,1,6,,20301,8,,,1,7,,20308,8,,,1,6,,20318,8,,,1,47,,20325,8,,,1,6,,20335,8,,,1,7,,20345,8,,,1,6,,20206,8,,,1,7,,20216,8,,,1,6,,20224,8,,,1,7,,20234,8,,,1,6,,20241,8,,,1,7,,20251,8,,,1,46,,20258,8,,,1,7,,20266,8,,,1,6,,20274,8,,,1,7,,20282,8,,,1,6,,20292,8,,,1,7,,20302,8,,,1,6,,20309,8,,,1,7,,20319,8,,,1,6,,20326,8,,,1,47,,20336,8,,,1,6,,20346,8,,,1,7,,20207,8,,,1,6,,20217,8,,,1,7,,20225,8,,,1,6,,20235,8,,,1,7,,20242,8,,,1,6,,20252,8,,,1,7,,20259,8,,,1,6,,20267,8,,,1,47,,20275,8,,,1,6,,20283,8,,,1,7,,20293,8,,,1,6,,20303,8,,,1,7,,20310,8,,,1,7,,20320,8,,,1,7,,20327,8,,,1,7,,20337,8,,,1,48,,20347,8,,,1,8,,20208,8,,,1,7,,20218,8,,,1,8,,20226,8,,,1,8,,20243,8,,,1,7,,20253,8,,,1,8,,20260,8,,,1,8,,20268,8,,,1,47,,20276,8,,,1,8,,20284,8,,,1,8,,20294,8,,,1,8,,20311,8,,,1,9,,20321,8,,,1,8,,20328,8,,,1,9,,20338,8,,,1,48,,20348,8,,,1,8,,20209,8,,,1,9,,20219,8,,,1,8,,20227,8,,,1,9,,20244,8,,,1,8,,20254,8,,,1,9,,20261,8,,,1,8,,20277,8,,,1,48,,20285,8,,,1,9,,20295,8,,,1,9,,20312,8,,,1,10,,20322,8,,,1,10,,20329,8,,,1,10,,20339,8,,,1,50,,20349,8,,,1,10,,20210,8,,,1,10,,20220,8,,,1,10,,20228,8,,,1,10,,20245,8,,,1,10,,20255,8,,,1,50,,20262,8,,,1,10,,20286,8,,,1,10,,20296,8,,,1,10,,20313,8,,,1,10,,20323,8,,,1,10,,20330,8,,,1,50,,20340,8,,,1,10,,20350,8,,,1
100,'GLOBAUX-01-F1',540,,20351,8,,,1,10,,20361,8,,,1,50,,20368,8,,,1,10,,20393,8,,,1,10,,20403,8,,,1,10,,20413,8,,,1,10,,20435,8,,,1,10,,20445,8,,,1,50,,20454,8,,,1,10,,20463,8,,,1,10,,20472,8,,,1,10,,20481,8,,,1,10,,20352,8,,,1,10,,20362,8,,,1,50,,20369,8,,,1,10,,20394,8,,,1,9,,20404,8,,,1,10,,20414,8,,,1,9,,20429,8,,,1,9,,20436,8,,,1,10,,20446,8,,,1,49,,20455,8,,,1,9,,20464,8,,,1,10,,20473,8,,,1,8,,20482,8,,,1,9,,20353,8,,,1,8,,20363,8,,,1,8,,20370,8,,,1,49,,20385,8,,,1,8,,20395,8,,,1,9,,20405,8,,,1,8,,20415,8,,,1,9,,20430,8,,,1,8,,20437,8,,,1,8,,20447,8,,,1,49,,20456,8,,,1,8,,20465,8,,,1,9,,20474,8,,,1,8,,20483,8,,,1,9,,20354,8,,,1,7,,20364,8,,,1,8,,20371,8,,,1,48,,20378,8,,,1,7,,20386,8,,,1,8,,20396,8,,,1,8,,20406,8,,,1,7,,20416,8,,,1,8,,20431,8,,,1,8,,20438,8,,,1,7,,20448,8,,,1,48,,20457,8,,,1,8,,20466,8,,,1,7,,20475,8,,,1,8,,20484,8,,,1,8,,20355,8,,,1,7,,20365,8,,,1,8,,20372,8,,,1,8,,20379,8,,,1,47,,20387,8,,,1,8,,20397,8,,,1,7,,20407,8,,,1,7,,20417,8,,,1,7,,20423,8,,,1,7,,20432,8,,,1,7,,20439,8,,,1,7,,20449,8,,,1,47,,20458,8,,,1,7,,20467,8,,,1,7,,20476,8,,,1,7,,20485,8,,,1,7,,20356,8,,,1,7,,20366,8,,,1,7,,20373,8,,,1,7,,20380,8,,,1,7,,20388,8,,,1,47,,20398,8,,,1,7,,20408,8,,,1,7,,20418,8,,,1,7,,20424,8,,,1,7,,20433,8,,,1,7,,20440,8,,,1,7,,20450,8,,,1,7,,20459,8,,,1,47,,20468,8,,,1,7,,20477,8,,,1,7,,20486,8,,,1,7,,20357,8,,,1,7,,20367,8,,,1,7,,20374,8,,,1,7,,20381,8,,,1,7,,20389,8,,,1,7,,20399,8,,,1,47,,20409,8,,,1,7,,20419,8,,,1,7,,20425,8,,,1,7,,20434,8,,,1,7,,20441,8,,,1,7,,20451,8,,,1,9,,20460,8,,,1,8,,20469,8,,,1,48,,20478,8,,,1,9,,20487,8,,,1,8,,20358,8,,,1,9,,20375,8,,,1,8,,20382,8,,,1,9,,20390,8,,,1,8,,20400,8,,,1,48,,20410,8,,,1,9,,20420,8,,,1,8,,20426,8,,,1,9,,20442,8,,,1,8,,20452,8,,,1,8,,20461,8,,,1,9,,20470,8,,,1,48,,20479,8,,,1,9,,20488,8,,,1,8,,20359,8,,,1,8,,20376,8,,,1,9,,20383,8,,,1,8,,20391,8,,,1,9,,20401,8,,,1,49,,20411,8,,,1,9,,20421,8,,,1,9,,20427,8,,,1,9,,20443,8,,,1,9,,20453,8,,,1,9,,20462,8,,,1,9,,20471,8,,,1,49,,20480,8,,,1,10,,20489,8,,,1,10,,20360,8,,,1,10,,20377,8,,,1,10,,20384,8,,,1,10,,20392,8,,,1,50,,20402,8,,,1,10,,20412,8,,,1,10,,20422,8,,,1,10,,20428,8,,,1,10,,20444,8,,,1
100,'GLOBAUX-01-F2',540,,20490,8,,,1,10,,20500,8,,,1,50,,20507,8,,,1,10,,20532,8,,,1,10,,20542,8,,,1,10,,20552,8,,,1,10,,20574,8,,,1,10,,20584,8,,,1,50,,20593,8,,,1,10,,20602,8,,,1,10,,20611,8,,,1,10,,20620,8,,,1,10,,20491,8,,,1,10,,20501,8,,,1,50,,20508,8,,,1,10,,20533,8,,,1,9,,20543,8,,,1,10,,20553,8,,,1,9,,20568,8,,,1,9,,20575,8,,,1,10,,20585,8,,,1,49,,20594,8,,,1,9,,20603,8,,,1,10,,20612,8,,,1,8,,20621,8,,,1,9,,20492,8,,,1,8,,20502,8,,,1,8,,20509,8,,,1,49,,20524,8,,,1,8,,20534,8,,,1,9,,20544,8,,,1,8,,20554,8,,,1,9,,20569,8,,,1,8,,20576,8,,,1,8,,20586,8,,,1,49,,20595,8,,,1,8,,20604,8,,,1,9,,20613,8,,,1,8,,20622,8,,,1,9,,20493,8,,,1,7,,20503,8,,,1,8,,20510,8,,,1,48,,20517,8,,,1,7,,20525,8,,,1,8,,20535,8,,,1,8,,20545,8,,,1,7,,20555,8,,,1,8,,20570,8,,,1,8,,20577,8,,,1,7,,20587,8,,,1,48,,20596,8,,,1,8,,20605,8,,,1,7,,20614,8,,,1,8,,20623,8,,,1,8,,20494,8,,,1,7,,20504,8,,,1,8,,20511,8,,,1,8,,20518,8,,,1,47,,20526,8,,,1,8,,20536,8,,,1,7,,20546,8,,,1,7,,20556,8,,,1,7,,20562,8,,,1,7,,20571,8,,,1,7,,20578,8,,,1,7,,20588,8,,,1,47,,20597,8,,,1,7,,20606,8,,,1,7,,20615,8,,,1,7,,20624,8,,,1,7,,20495,8,,,1,7,,20505,8,,,1,7,,20512,8,,,1,7,,20519,8,,,1,7,,20527,8,,,1,47,,20537,8,,,1,7,,20547,8,,,1,7,,20557,8,,,1,7,,20563,8,,,1,7,,20572,8,,,1,7,,20579,8,,,1,7,,20589,8,,,1,7,,20598,8,,,1,47,,20607,8,,,1,7,,20616,8,,,1,7,,20625,8,,,1,7,,20496,8,,,1,7,,20506,8,,,1,7,,20513,8,,,1,7,,20520,8,,,1,7,,20528,8,,,1,7,,20538,8,,,1,47,,20548,8,,,1,7,,20558,8,,,1,7,,20564,8,,,1,7,,20573,8,,,1,7,,20580,8,,,1,7,,20590,8,,,1,9,,20599,8,,,1,8,,20608,8,,,1,48,,20617,8,,,1,9,,20626,8,,,1,8,,20497,8,,,1,9,,20514,8,,,1,8,,20521,8,,,1,9,,20529,8,,,1,8,,20539,8,,,1,48,,20549,8,,,1,9,,20559,8,,,1,8,,20565,8,,,1,9,,20581,8,,,1,8,,20591,8,,,1,8,,20600,8,,,1,9,,20609,8,,,1,48,,20618,8,,,1,9,,20627,8,,,1,8,,20498,8,,,1,8,,20515,8,,,1,9,,20522,8,,,1,8,,20530,8,,,1,9,,20540,8,,,1,49,,20550,8,,,1,9,,20560,8,,,1,9,,20566,8,,,1,9,,20582,8,,,1,9,,20592,8,,,1,9,,20601,8,,,1,9,,20610,8,,,1,49,,20619,8,,,1,10,,20628,8,,,1,10,,20499,8,,,1,10,,20516,8,,,1,10,,20523,8,,,1,10,,20531,8,,,1,50,,20541,8,,,1,10,,20551,8,,,1,10,,20561,8,,,1,10,,20567,8,,,1,10,,20583,8,,,1
100,'GLOBAUX-01-I',540,,20629,8,,,1,10,,20639,8,,,1,50,,20646,8,,,1,10,,20671,8,,,1,10,,20681,8,,,1,10,,20691,8,,,1,10,,20713,8,,,1,10,,20723,8,,,1,50,,20732,8,,,1,10,,20741,8,,,1,10,,20750,8,,,1,10,,20759,8,,,1,10,,20630,8,,,1,10,,20640,8,,,1,50,,20647,8,,,1,10,,20672,8,,,1,9,,20682,8,,,1,10,,20692,8,,,1,9,,20707,8,,,1,9,,20714,8,,,1,10,,20724,8,,,1,49,,20733,8,,,1,9,,20742,8,,,1,10,,20751,8,,,1,8,,20760,8,,,1,9,,20631,8,,,1,8,,20641,8,,,1,8,,20648,8,,,1,49,,20663,8,,,1,8,,20673,8,,,1,9,,20683,8,,,1,8,,20693,8,,,1,9,,20708,8,,,1,8,,20715,8,,,1,8,,20725,8,,,1,49,,20734,8,,,1,8,,20743,8,,,1,9,,20752,8,,,1,8,,20761,8,,,1,9,,20632,8,,,1,7,,20642,8,,,1,8,,20649,8,,,1,48,,20656,8,,,1,7,,20664,8,,,1,8,,20674,8,,,1,8,,20684,8,,,1,7,,20694,8,,,1,8,,20709,8,,,1,8,,20716,8,,,1,7,,20726,8,,,1,48,,20735,8,,,1,8,,20744,8,,,1,7,,20753,8,,,1,8,,20762,8,,,1,8,,20633,8,,,1,7,,20643,8,,,1,8,,20650,8,,,1,8,,20657,8,,,1,47,,20665,8,,,1,8,,20675,8,,,1,7,,20685,8,,,1,7,,20695,8,,,1,7,,20701,8,,,1,7,,20710,8,,,1,7,,20717,8,,,1,7,,20727,8,,,1,47,,20736,8,,,1,7,,20745,8,,,1,7,,20754,8,,,1,7,,20763,8,,,1,7,,20634,8,,,1,7,,20644,8,,,1,7,,20651,8,,,1,7,,20658,8,,,1,7,,20666,8,,,1,47,,20676,8,,,1,7,,20686,8,,,1,7,,20696,8,,,1,7,,20702,8,,,1,7,,20711,8,,,1,7,,20718,8,,,1,7,,20728,8,,,1,7,,20737,8,,,1,47,,20746,8,,,1,7,,20755,8,,,1,7,,20764,8,,,1,7,,20635,8,,,1,7,,20645,8,,,1,7,,20652,8,,,1,7,,20659,8,,,1,7,,20667,8,,,1,7,,20677,8,,,1,47,,20687,8,,,1,7,,20697,8,,,1,7,,20703,8,,,1,7,,20712,8,,,1,7,,20719,8,,,1,7,,20729,8,,,1,9,,20738,8,,,1,8,,20747,8,,,1,48,,20756,8,,,1,9,,20765,8,,,1,8,,20636,8,,,1,9,,20653,8,,,1,8,,20660,8,,,1,9,,20668,8,,,1,8,,20678,8,,,1,48,,20688,8,,,1,9,,20698,8,,,1,8,,20704,8,,,1,9,,20720,8,,,1,8,,20730,8,,,1,8,,20739,8,,,1,9,,20748,8,,,1,48,,20757,8,,,1,9,,20766,8,,,1,8,,20637,8,,,1,8,,20654,8,,,1,9,,20661,8,,,1,8,,20669,8,,,1,9,,20679,8,,,1,49,,20689,8,,,1,9,,20699,8,,,1,9,,20705,8,,,1,9,,20721,8,,,1,9,,20731,8,,,1,9,,20740,8,,,1,9,,20749,8,,,1,49,,20758,8,,,1,10,,20767,8,,,1,10,,20638,8,,,1,10,,20655,8,,,1,10,,20662,8,,,1,10,,20670,8,,,1,50,,20680,8,,,1,10,,20690,8,,,1,10,,20700,8,,,1,10,,20706,8,,,1,10,,20722,8,,,1
100,'GLOBAUX-01-S',540,,20768,8,,,1,7,,20796,8,,,1,6,,20806,8,,,1,47,,20826,8,,,1,7,,20848,8,,,1,7,,20852,8,,,1,6,,20859,8,,,1,7,,20870,8,,,1,5,,20876,8,,,1,4,,20893,8,,,1,4,,20902,8,,,1,4,,20905,8,,,1,4,,20913,8,,,1,4,,20930,8,,,1,3,,20936,8,,,1,3,,20946,8,,,1,43,,20948,8,,,1,4,,20950,8,,,1,3,,20952,8,,,1,3,,20968,8,,,1,4,,20977,8,,,1,3,,20979,8,,,1,3,,20997,8,,,1,3,,21003,8,,,1,4,,21004,8,,,1,3,,20769,8,,,1,3,,20787,8,,,1,3,,20789,8,,,1,4,,20797,8,,,1,3,,20807,8,,,1,3,,20808,8,,,1,3,,20809,8,,,1,3,,20811,8,,,1,3,,20812,8,,,1,3,,20827,8,,,1,43,,20833,8,,,1,3,,20839,8,,,1,3,,20849,8,,,1,3,,20853,8,,,1,3,,20860,8,,,1,3,,20865,8,,,1,3,,20871,8,,,1,3,,20877,8,,,1,3,,20894,8,,,1,4,,20903,8,,,1,3,,20906,8,,,1,3,,20912,8,,,1,3,,20914,8,,,1,3,,20931,8,,,1,3,,20937,8,,,1,4,,20947,8,,,1,3,,20949,8,,,1,3,,20951,8,,,1,4,,20955,8,,,1,43,,20960,8,,,1,4,,20969,8,,,1,3,,20978,8,,,1,4,,20984,8,,,1,4,,20998,8,,,1,3,,21005,8,,,1,4,,20770,8,,,1,4,,20780,8,,,1,5,,20790,8,,,1,5,,20798,8,,,1,5,,20810,8,,,1,5,,20813,8,,,1,5,,20828,8,,,1,6,,20840,8,,,1,46,,20854,8,,,1,6,,20866,8,,,1,6,,20878,8,,,1,6,,20895,8,,,1,6,,20907,8,,,1,6,,20915,8,,,1,6,,20932,8,,,1,6,,20938,8,,,1,6,,20956,8,,,1,6,,20961,8,,,1,46,,20970,8,,,1,6,,20985,8,,,1,6,,20999,8,,,1,6,,20771,8,,,1,6,,20781,8,,,1,6,,20791,8,,,1,6,,20799,8,,,1,6,,20814,8,,,1,6,,20829,8,,,1,6,,20841,8,,,1,46,,20855,8,,,1,6,,20867,8,,,1,6,,20879,8,,,1,6,,20896,8,,,1,6,,20908,8,,,1,6,,20916,8,,,1,6,,20933,8,,,1,6,,20939,8,,,1,6,,20957,8,,,1,6,,20962,8,,,1,46,,20971,8,,,1,6,,20986,8,,,1,6,,21000,8,,,1,6,,20772,8,,,1,6,,20782,8,,,1,6,,20792,8,,,1,6,,20800,8,,,1,6,,20815,8,,,1,6,,20830,8,,,1,6,,20842,8,,,1,46,,20856,8,,,1,6,,20868,8,,,1,6,,20880,8,,,1,6,,20897,8,,,1,6,,20909,8,,,1,6,,20917,8,,,1,6,,20934,8,,,1,6,,20940,8,,,1,6,,20958,8,,,1,6,,20963,8,,,1,46,,20972,8,,,1,5,,20987,8,,,1,4,,20989,8,,,1,4,,21001,8,,,1,4,,20773,8,,,1,4,,20775,8,,,1,4,,20783,8,,,1,4,,20793,8,,,1,4,,20795,8,,,1,4,,20801,8,,,1,4,,20816,8,,,1,4,,20821,8,,,1,3,,20831,8,,,1,3,,20834,8,,,1,3,,20843,8,,,1,44,,20850,8,,,1,3,,20857,8,,,1,3,,20869,8,,,1,3,,20872,8,,,1,3,,20881,8,,,1,3,,20886,8,,,1,3,,20891,8,,,1,3,,20898,8,,,1,3,,20904,8,,,1,3,,20910,8,,,1,3,,20918,8,,,1,3,,20923,8,,,1,2,,20925,8,,,1,3,,20935,8,,,1,3,,20941,8,,,1,3,,20953,8,,,1,2,,20954,8,,,1,3,,20959,8,,,1,3,,20964,8,,,1,3,,20973,8,,,1,42,,20980,8,,,1,3,,20983,8,,,1,3,,20988,8,,,1,3,,20990,8,,,1,2,,20993,8,,,1,3,,21002,8,,,1,3,,20774,8,,,1,3,,20776,8,,,1,3,,20784,8,,,1,3,,20788,8,,,1,3,,20794,8,,,1,3,,20802,8,,,1,4,,20817,8,,,1,3,,20822,8,,,1,4,,20832,8,,,1,4,,20835,8,,,1,3,,20844,8,,,1,4,,20851,8,,,1,3,,20858,8,,,1,44,,20861,8,,,1,4,,20873,8,,,1,4,,20882,8,,,1,4,,20887,8,,,1,4,,20892,8,,,1,4,,20899,8,,,1,4,,20911,8,,,1,4,,20919,8,,,1,4,,20924,8,,,1,4,,20926,8,,,1,4,,20942,8,,,1,6,,20965,8,,,1,5,,20974,8,,,1,6,,20981,8,,,1,46,,20991,8,,,1,6,,20994,8,,,1,6,,20777,8,,,1,6,,20785,8,,,1,6,,20803,8,,,1,6,,20818,8,,,1,6,,20823,8,,,1,6,,20836,8,,,1,6,,20845,8,,,1,6,,20862,8,,,1,46,,20874,8,,,1,6,,20883,8,,,1,6,,20888,8,,,1,6,,20900,8,,,1,6,,20920,8,,,1,6,,20927,8,,,1,6,,20943,8,,,1,6,,20966,8,,,1,6,,20975,8,,,1,6,,20982,8,,,1,46,,20992,8,,,1,7,,20995,8,,,1,6,,20778,8,,,1,6,,20786,8,,,1,6,,20804,8,,,1,6,,20819,8,,,1,6,,20824,8,,,1,6,,20837,8,,,1,6,,20846,8,,,1,6,,20863,8,,,1,46,,20875,8,,,1,6,,20884,8,,,1,7,,20889,8,,,1,6,,20901,8,,,1,6,,20921,8,,,1,7,,20928,8,,,1,8,,20944,8,,,1,8,,20967,8,,,1,48,,20976,8,,,1,8,,20996,8,,,1,8,,20779,8,,,1,8,,20805,8,,,1,8,,20820,8,,,1,8,,20825,8,,,1,8,,20838,8,,,1,8,,20847,8,,,1,48,,20864,8,,,1,8,,20885,8,,,1,8,,20890,8,,,1,8,,20922,8,,,1,8,,20929,8,,,1,8,,20945,8,,,1
101,'GLOBAUX-01-A',555,,21092,20,,,1,50,,21102,20,,,1,10,,21109,20,,,1,10,,21119,20,,,1,10,,21136,20,,,1,10,,21146,20,,,1,10,,21006,20,,,1,50,,21016,20,,,1,10,,21035,20,,,1,10,,21042,20,,,1,10,,21052,20,,,1,10,,21074,20,,,1,9,,21082,20,,,1,50,,21093,20,,,1,9,,21103,20,,,1,10,,21110,20,,,1,9,,21120,20,,,1,9,,21137,20,,,1,8,,21147,20,,,1,8,,21007,20,,,1,49,,21017,20,,,1,8,,21026,20,,,1,9,,21036,20,,,1,8,,21043,20,,,1,9,,21053,20,,,1,8,,21075,20,,,1,9,,21083,20,,,1,48,,21094,20,,,1,8,,21104,20,,,1,9,,21111,20,,,1,8,,21121,20,,,1,9,,21138,20,,,1,8,,21148,20,,,1,9,,21008,20,,,1,48,,21018,20,,,1,8,,21027,20,,,1,7,,21037,20,,,1,8,,21044,20,,,1,8,,21054,20,,,1,8,,21069,20,,,1,7,,21076,20,,,1,8,,21084,20,,,1,48,,21095,20,,,1,7,,21105,20,,,1,8,,21112,20,,,1,7,,21122,20,,,1,6,,21129,20,,,1,7,,21139,20,,,1,6,,21149,20,,,1,7,,21009,20,,,1,46,,21019,20,,,1,7,,21028,20,,,1,6,,21038,20,,,1,7,,21045,20,,,1,6,,21055,20,,,1,7,,21062,20,,,1,6,,21070,20,,,1,7,,21077,20,,,1,6,,21085,20,,,1,7,,21096,20,,,1,46,,21106,20,,,1,7,,21113,20,,,1,7,,21123,20,,,1,6,,21130,20,,,1,7,,21140,20,,,1,6,,21150,20,,,1,7,,21010,20,,,1,6,,21020,20,,,1,7,,21029,20,,,1,46,,21039,20,,,1,7,,21046,20,,,1,6,,21056,20,,,1,7,,21063,20,,,1,6,,21071,20,,,1,7,,21078,20,,,1,6,,21086,20,,,1,7,,21097,20,,,1,6,,21107,20,,,1,47,,21114,20,,,1,6,,21124,20,,,1,7,,21131,20,,,1,6,,21141,20,,,1,7,,21151,20,,,1,6,,21011,20,,,1,7,,21021,20,,,1,6,,21030,20,,,1,7,,21040,20,,,1,46,,21047,20,,,1,7,,21057,20,,,1,6,,21064,20,,,1,7,,21072,20,,,1,6,,21079,20,,,1,7,,21087,20,,,1,6,,21098,20,,,1,6,,21108,20,,,1,7,,21115,20,,,1,6,,21125,20,,,1,47,,21132,20,,,1,6,,21142,20,,,1,7,,21152,20,,,1,6,,21012,20,,,1,7,,21022,20,,,1,6,,21031,20,,,1,7,,21041,20,,,1,6,,21048,20,,,1,7,,21058,20,,,1,48,,21065,20,,,1,8,,21073,20,,,1,7,,21080,20,,,1,8,,21088,20,,,1,7,,21099,20,,,1,8,,21116,20,,,1,8,,21126,20,,,1,48,,21133,20,,,1,8,,21143,20,,,1,9,,21153,20,,,1,8,,21013,20,,,1,8,,21023,20,,,1,9,,21032,20,,,1,8,,21049,20,,,1,9,,21059,20,,,1,48,,21066,20,,,1,8,,21081,20,,,1,9,,21089,20,,,1,8,,21100,20,,,1,9,,21117,20,,,1,8,,21127,20,,,1,9,,21134,20,,,1,49,,21144,20,,,1,9,,21154,20,,,1,10,,21014,20,,,1,9,,21024,20,,,1,9,,21033,20,,,1,10,,21050,20,,,1,50,,21060,20,,,1,9,,21067,20,,,1,10,,21090,20,,,1,10,,21101,20,,,1,10,,21118,20,,,1,10,,21128,20,,,1,50,,21135,20,,,1,10,,21145,20,,,1,10,,21155,20,,,1,10,,21015,20,,,1,10,,21025,20,,,1,10,,21034,20,,,1,50,,21051,20,,,1,10,,21061,20,,,1,10,,21068,20,,,1,14,,21091,20,,,1
101,'GLOBAUX-01-F1',555,,21236,20,,,1,50,,21246,20,,,1,10,,21255,20,,,1,10,,21265,20,,,1,10,,21275,20,,,1,10,,21285,20,,,1,10,,21156,20,,,1,50,,21166,20,,,1,10,,21173,20,,,1,10,,21198,20,,,1,10,,21207,20,,,1,10,,21216,20,,,1,9,,21230,20,,,1,50,,21237,20,,,1,9,,21247,20,,,1,9,,21256,20,,,1,10,,21266,20,,,1,9,,21276,20,,,1,9,,21286,20,,,1,8,,21157,20,,,1,48,,21167,20,,,1,9,,21174,20,,,1,8,,21190,20,,,1,9,,21199,20,,,1,8,,21208,20,,,1,9,,21217,20,,,1,8,,21231,20,,,1,49,,21238,20,,,1,8,,21248,20,,,1,8,,21257,20,,,1,9,,21267,20,,,1,8,,21277,20,,,1,9,,21287,20,,,1,8,,21158,20,,,1,49,,21168,20,,,1,8,,21175,20,,,1,8,,21191,20,,,1,9,,21200,20,,,1,8,,21209,20,,,1,9,,21218,20,,,1,8,,21232,20,,,1,49,,21239,20,,,1,8,,21249,20,,,1,9,,21258,20,,,1,8,,21268,20,,,1,9,,21278,20,,,1,7,,21288,20,,,1,8,,21159,20,,,1,48,,21169,20,,,1,7,,21176,20,,,1,8,,21183,20,,,1,8,,21192,20,,,1,7,,21201,20,,,1,8,,21210,20,,,1,8,,21219,20,,,1,7,,21233,20,,,1,48,,21240,20,,,1,8,,21250,20,,,1,7,,21259,20,,,1,8,,21269,20,,,1,8,,21279,20,,,1,7,,21289,20,,,1,8,,21160,20,,,1,8,,21170,20,,,1,47,,21177,20,,,1,8,,21184,20,,,1,8,,21193,20,,,1,7,,21202,20,,,1,7,,21211,20,,,1,7,,21220,20,,,1,7,,21225,20,,,1,7,,21234,20,,,1,47,,21241,20,,,1,7,,21251,20,,,1,7,,21260,20,,,1,7,,21270,20,,,1,7,,21280,20,,,1,7,,21290,20,,,1,7,,21161,20,,,1,7,,21171,20,,,1,7,,21178,20,,,1,47,,21185,20,,,1,7,,21194,20,,,1,7,,21203,20,,,1,7,,21212,20,,,1,7,,21221,20,,,1,7,,21226,20,,,1,6,,21235,20,,,1,7,,21242,20,,,1,7,,21252,20,,,1,47,,21261,20,,,1,7,,21271,20,,,1,7,,21281,20,,,1,7,,21291,20,,,1,7,,21162,20,,,1,7,,21172,20,,,1,7,,21179,20,,,1,7,,21186,20,,,1,49,,21195,20,,,1,8,,21204,20,,,1,8,,21213,20,,,1,9,,21222,20,,,1,8,,21227,20,,,1,9,,21243,20,,,1,8,,21253,20,,,1,48,,21262,20,,,1,9,,21272,20,,,1,8,,21282,20,,,1,9,,21292,20,,,1,8,,21163,20,,,1,8,,21180,20,,,1,9,,21187,20,,,1,48,,21196,20,,,1,9,,21205,20,,,1,8,,21214,20,,,1,8,,21223,20,,,1,9,,21228,20,,,1,8,,21244,20,,,1,9,,21254,20,,,1,48,,21263,20,,,1,8,,21273,20,,,1,9,,21283,20,,,1,8,,21293,20,,,1,9,,21164,20,,,1,9,,21181,20,,,1,10,,21188,20,,,1,50,,21197,20,,,1,10,,21206,20,,,1,10,,21215,20,,,1,10,,21224,20,,,1,10,,21229,20,,,1,10,,21245,20,,,1,50,,21264,20,,,1,10,,21274,20,,,1,10,,21284,20,,,1,10,,21294,20,,,1,10,,21165,20,,,1,10,,21182,20,,,1,54,,21189,20,,,1
101,'GLOBAUX-01-F2',555,,21375,20,,,1,50,,21385,20,,,1,10,,21394,20,,,1,10,,21404,20,,,1,10,,21414,20,,,1,10,,21424,20,,,1,10,,21295,20,,,1,50,,21305,20,,,1,10,,21312,20,,,1,10,,21337,20,,,1,10,,21346,20,,,1,10,,21355,20,,,1,9,,21369,20,,,1,50,,21376,20,,,1,9,,21386,20,,,1,9,,21395,20,,,1,10,,21405,20,,,1,9,,21415,20,,,1,9,,21425,20,,,1,8,,21296,20,,,1,48,,21306,20,,,1,9,,21313,20,,,1,8,,21329,20,,,1,9,,21338,20,,,1,8,,21347,20,,,1,9,,21356,20,,,1,8,,21370,20,,,1,49,,21377,20,,,1,8,,21387,20,,,1,8,,21396,20,,,1,9,,21406,20,,,1,8,,21416,20,,,1,9,,21426,20,,,1,8,,21297,20,,,1,49,,21307,20,,,1,8,,21314,20,,,1,8,,21330,20,,,1,9,,21339,20,,,1,8,,21348,20,,,1,9,,21357,20,,,1,8,,21371,20,,,1,49,,21378,20,,,1,8,,21388,20,,,1,9,,21397,20,,,1,8,,21407,20,,,1,9,,21417,20,,,1,7,,21427,20,,,1,8,,21298,20,,,1,48,,21308,20,,,1,7,,21315,20,,,1,8,,21322,20,,,1,8,,21331,20,,,1,7,,21340,20,,,1,8,,21349,20,,,1,8,,21358,20,,,1,7,,21372,20,,,1,48,,21379,20,,,1,8,,21389,20,,,1,7,,21398,20,,,1,8,,21408,20,,,1,8,,21418,20,,,1,7,,21428,20,,,1,8,,21299,20,,,1,8,,21309,20,,,1,47,,21316,20,,,1,8,,21323,20,,,1,8,,21332,20,,,1,7,,21341,20,,,1,7,,21350,20,,,1,7,,21359,20,,,1,7,,21364,20,,,1,7,,21373,20,,,1,47,,21380,20,,,1,7,,21390,20,,,1,7,,21399,20,,,1,7,,21409,20,,,1,7,,21419,20,,,1,7,,21429,20,,,1,7,,21300,20,,,1,7,,21310,20,,,1,7,,21317,20,,,1,47,,21324,20,,,1,7,,21333,20,,,1,7,,21342,20,,,1,7,,21351,20,,,1,7,,21360,20,,,1,7,,21365,20,,,1,6,,21374,20,,,1,7,,21381,20,,,1,7,,21391,20,,,1,47,,21400,20,,,1,7,,21410,20,,,1,7,,21420,20,,,1,7,,21430,20,,,1,7,,21301,20,,,1,7,,21311,20,,,1,7,,21318,20,,,1,7,,21325,20,,,1,49,,21334,20,,,1,8,,21343,20,,,1,8,,21352,20,,,1,9,,21361,20,,,1,8,,21366,20,,,1,9,,21382,20,,,1,8,,21392,20,,,1,48,,21401,20,,,1,9,,21411,20,,,1,8,,21421,20,,,1,9,,21431,20,,,1,8,,21302,20,,,1,8,,21319,20,,,1,9,,21326,20,,,1,48,,21335,20,,,1,9,,21344,20,,,1,8,,21353,20,,,1,8,,21362,20,,,1,9,,21367,20,,,1,8,,21383,20,,,1,9,,21393,20,,,1,48,,21402,20,,,1,8,,21412,20,,,1,9,,21422,20,,,1,8,,21432,20,,,1,9,,21303,20,,,1,9,,21320,20,,,1,10,,21327,20,,,1,50,,21336,20,,,1,10,,21345,20,,,1,10,,21354,20,,,1,10,,21363,20,,,1,10,,21368,20,,,1,10,,21384,20,,,1,50,,21403,20,,,1,10,,21413,20,,,1,10,,21423,20,,,1,10,,21433,20,,,1,10,,21304,20,,,1,10,,21321,20,,,1,54,,21328,20,,,1
101,'GLOBAUX-01-I',555,,21514,20,,,1,50,,21524,20,,,1,10,,21533,20,,,1,10,,21543,20,,,1,10,,21553,20,,,1,10,,21563,20,,,1,10,,21434,20,,,1,50,,21444,20,,,1,10,,21451,20,,,1,10,,21476,20,,,1,10,,21485,20,,,1,10,,21494,20,,,1,9,,21508,20,,,1,50,,21515,20,,,1,9,,21525,20,,,1,9,,21534,20,,,1,10,,21544,20,,,1,9,,21554,20,,,1,9,,21564,20,,,1,8,,21435,20,,,1,48,,21445,20,,,1,9,,21452,20,,,1,8,,21468,20,,,1,9,,21477,20,,,1,8,,21486,20,,,1,9,,21495,20,,,1,8,,21509,20,,,1,49,,21516,20,,,1,8,,21526,20,,,1,8,,21535,20,,,1,9,,21545,20,,,1,8,,21555,20,,,1,9,,21565,20,,,1,8,,21436,20,,,1,49,,21446,20,,,1,8,,21453,20,,,1,8,,21469,20,,,1,9,,21478,20,,,1,8,,21487,20,,,1,9,,21496,20,,,1,8,,21510,20,,,1,49,,21517,20,,,1,8,,21527,20,,,1,9,,21536,20,,,1,8,,21546,20,,,1,9,,21556,20,,,1,7,,21566,20,,,1,8,,21437,20,,,1,48,,21447,20,,,1,7,,21454,20,,,1,8,,21461,20,,,1,8,,21470,20,,,1,7,,21479,20,,,1,8,,21488,20,,,1,8,,21497,20,,,1,7,,21511,20,,,1,48,,21518,20,,,1,8,,21528,20,,,1,7,,21537,20,,,1,8,,21547,20,,,1,8,,21557,20,,,1,7,,21567,20,,,1,8,,21438,20,,,1,8,,21448,20,,,1,47,,21455,20,,,1,8,,21462,20,,,1,8,,21471,20,,,1,7,,21480,20,,,1,7,,21489,20,,,1,7,,21498,20,,,1,7,,21503,20,,,1,7,,21512,20,,,1,47,,21519,20,,,1,7,,21529,20,,,1,7,,21538,20,,,1,7,,21548,20,,,1,7,,21558,20,,,1,7,,21568,20,,,1,7,,21439,20,,,1,7,,21449,20,,,1,7,,21456,20,,,1,47,,21463,20,,,1,7,,21472,20,,,1,7,,21481,20,,,1,7,,21490,20,,,1,7,,21499,20,,,1,7,,21504,20,,,1,6,,21513,20,,,1,7,,21520,20,,,1,7,,21530,20,,,1,47,,21539,20,,,1,7,,21549,20,,,1,7,,21559,20,,,1,7,,21569,20,,,1,7,,21440,20,,,1,7,,21450,20,,,1,7,,21457,20,,,1,7,,21464,20,,,1,49,,21473,20,,,1,8,,21482,20,,,1,8,,21491,20,,,1,9,,21500,20,,,1,8,,21505,20,,,1,9,,21521,20,,,1,8,,21531,20,,,1,48,,21540,20,,,1,9,,21550,20,,,1,8,,21560,20,,,1,9,,21570,20,,,1,8,,21441,20,,,1,8,,21458,20,,,1,9,,21465,20,,,1,48,,21474,20,,,1,9,,21483,20,,,1,8,,21492,20,,,1,8,,21501,20,,,1,9,,21506,20,,,1,8,,21522,20,,,1,9,,21532,20,,,1,48,,21541,20,,,1,8,,21551,20,,,1,9,,21561,20,,,1,8,,21571,20,,,1,9,,21442,20,,,1,9,,21459,20,,,1,10,,21466,20,,,1,50,,21475,20,,,1,10,,21484,20,,,1,10,,21493,20,,,1,10,,21502,20,,,1,10,,21507,20,,,1,10,,21523,20,,,1,50,,21542,20,,,1,10,,21552,20,,,1,10,,21562,20,,,1,10,,21572,20,,,1,10,,21443,20,,,1,10,,21460,20,,,1,54,,21467,20,,,1
101,'GLOBAUX-01-S',555,,21696,20,,,1,48,,21708,20,,,1,7,,21732,20,,,1,7,,21749,20,,,1,7,,21753,20,,,1,7,,21772,20,,,1,7,,21802,20,,,1,7,,21809,20,,,1,5,,21573,20,,,1,5,,21595,20,,,1,45,,21602,20,,,1,5,,21612,20,,,1,5,,21616,20,,,1,5,,21618,20,,,1,4,,21633,20,,,1,4,,21640,20,,,1,3,,21655,20,,,1,4,,21659,20,,,1,4,,21665,20,,,1,3,,21670,20,,,1,4,,21676,20,,,1,4,,21681,20,,,1,3,,21697,20,,,1,3,,21705,20,,,1,4,,21709,20,,,1,3,,21717,20,,,1,43,,21733,20,,,1,3,,21739,20,,,1,3,,21740,20,,,1,3,,21750,20,,,1,2,,21752,20,,,1,3,,21754,20,,,1,3,,21755,20,,,1,2,,21757,20,,,1,3,,21763,20,,,1,3,,21773,20,,,1,2,,21782,20,,,1,3,,21783,20,,,1,2,,21788,20,,,1,3,,21803,20,,,1,2,,21808,20,,,1,3,,21810,20,,,1,2,,21574,20,,,1,3,,21585,20,,,1,2,,21593,20,,,1,3,,21596,20,,,1,2,,21603,20,,,1,3,,21613,20,,,1,3,,21614,20,,,1,42,,21615,20,,,1,3,,21617,20,,,1,3,,21619,20,,,1,3,,21634,20,,,1,3,,21641,20,,,1,3,,21647,20,,,1,4,,21656,20,,,1,3,,21660,20,,,1,3,,21671,20,,,1,4,,21677,20,,,1,3,,21682,20,,,1,4,,21698,20,,,1,3,,21706,20,,,1,4,,21710,20,,,1,4,,21716,20,,,1,3,,21718,20,,,1,4,,21734,20,,,1,45,,21741,20,,,1,5,,21751,20,,,1,5,,21758,20,,,1,4,,21764,20,,,1,6,,21774,20,,,1,6,,21789,20,,,1,6,,21804,20,,,1,6,,21575,20,,,1,6,,21586,20,,,1,6,,21597,20,,,1,6,,21604,20,,,1,46,,21620,20,,,1,6,,21635,20,,,1,6,,21648,20,,,1,6,,21661,20,,,1,6,,21672,20,,,1,6,,21683,20,,,1,6,,21699,20,,,1,7,,21711,20,,,1,6,,21719,20,,,1,6,,21735,20,,,1,46,,21742,20,,,1,6,,21759,20,,,1,5,,21765,20,,,1,6,,21775,20,,,1,6,,21790,20,,,1,6,,21805,20,,,1,6,,21576,20,,,1,7,,21587,20,,,1,6,,21598,20,,,1,6,,21605,20,,,1,46,,21621,20,,,1,6,,21636,20,,,1,6,,21649,20,,,1,6,,21662,20,,,1,6,,21673,20,,,1,6,,21684,20,,,1,6,,21700,20,,,1,6,,21712,20,,,1,6,,21720,20,,,1,6,,21736,20,,,1,46,,21743,20,,,1,6,,21760,20,,,1,6,,21766,20,,,1,6,,21776,20,,,1,6,,21791,20,,,1,6,,21806,20,,,1,6,,21577,20,,,1,6,,21588,20,,,1,6,,21599,20,,,1,6,,21606,20,,,1,46,,21622,20,,,1,6,,21637,20,,,1,6,,21650,20,,,1,6,,21663,20,,,1,6,,21674,20,,,1,6,,21685,20,,,1,5,,21694,20,,,1,5,,21701,20,,,1,4,,21713,20,,,1,4,,21721,20,,,1,4,,21726,20,,,1,4,,21737,20,,,1,44,,21744,20,,,1,3,,21756,20,,,1,4,,21761,20,,,1,4,,21767,20,,,1,4,,21777,20,,,1,3,,21787,20,,,1,4,,21792,20,,,1,3,,21794,20,,,1,4,,21807,20,,,1,4,,21578,20,,,1,4,,21580,20,,,1,3,,21589,20,,,1,4,,21600,20,,,1,3,,21601,20,,,1,4,,21607,20,,,1,3,,21623,20,,,1,43,,21628,20,,,1,3,,21638,20,,,1,3,,21642,20,,,1,4,,21651,20,,,1,3,,21657,20,,,1,3,,21664,20,,,1,3,,21666,20,,,1,3,,21675,20,,,1,3,,21678,20,,,1,3,,21686,20,,,1,3,,21690,20,,,1,3,,21695,20,,,1,3,,21702,20,,,1,3,,21707,20,,,1,4,,21714,20,,,1,3,,21722,20,,,1,3,,21727,20,,,1,3,,21728,20,,,1,4,,21738,20,,,1,43,,21745,20,,,1,4,,21762,20,,,1,3,,21768,20,,,1,4,,21778,20,,,1,3,,21784,20,,,1,3,,21793,20,,,1,4,,21795,20,,,1,4,,21798,20,,,1,4,,21579,20,,,1,4,,21581,20,,,1,4,,21590,20,,,1,4,,21594,20,,,1,4,,21608,20,,,1,4,,21624,20,,,1,4,,21629,20,,,1,4,,21639,20,,,1,44,,21643,20,,,1,5,,21652,20,,,1,4,,21658,20,,,1,4,,21667,20,,,1,5,,21679,20,,,1,5,,21687,20,,,1,6,,21691,20,,,1,5,,21703,20,,,1,5,,21715,20,,,1,5,,21723,20,,,1,5,,21729,20,,,1,6,,21746,20,,,1,46,,21769,20,,,1,6,,21779,20,,,1,5,,21785,20,,,1,6,,21796,20,,,1,6,,21799,20,,,1,6,,21582,20,,,1,6,,21591,20,,,1,6,,21609,20,,,1,6,,21625,20,,,1,6,,21630,20,,,1,46,,21644,20,,,1,6,,21653,20,,,1,6,,21668,20,,,1,6,,21680,20,,,1,6,,21688,20,,,1,6,,21692,20,,,1,7,,21704,20,,,1,6,,21724,20,,,1,6,,21730,20,,,1,6,,21747,20,,,1,46,,21770,20,,,1,6,,21780,20,,,1,6,,21786,20,,,1,6,,21797,20,,,1,6,,21800,20,,,1,6,,21583,20,,,1,6,,21592,20,,,1,6,,21610,20,,,1,6,,21626,20,,,1,6,,21631,20,,,1,48,,21645,20,,,1,7,,21654,20,,,1,8,,21669,20,,,1,8,,21689,20,,,1,8,,21693,20,,,1,8,,21725,20,,,1,8,,21731,20,,,1,8,,21748,20,,,1,48,,21771,20,,,1,8,,21781,20,,,1,8,,21801,20,,,1,8,,21584,20,,,1,8,,21611,20,,,1,8,,21627,20,,,1,7,,21632,20,,,1,52,,21646,20,,,1
200,'GLOBAUX-01-A',546,,21847,11,,,1,9,,21851,11,,,1,50,,21872,11,,,1,10,,21881,11,,,1,10,,21890,11,,,1,10,,21905,11,,,1,9,,21919,11,,,1,10,,21927,11,,,1,50,,21933,11,,,1,10,,21941,11,,,1,10,,21952,11,,,1,9,,21960,11,,,1,9,,21811,11,,,1,10,,21825,11,,,1,49,,21839,11,,,1,9,,21848,11,,,1,9,,21852,11,,,1,8,,21860,11,,,1,9,,21873,11,,,1,9,,21882,11,,,1,9,,21891,11,,,1,48,,21898,11,,,1,9,,21906,11,,,1,8,,21913,11,,,1,9,,21920,11,,,1,8,,21934,11,,,1,9,,21942,11,,,1,8,,21953,11,,,1,48,,21961,11,,,1,9,,21812,11,,,1,8,,21826,11,,,1,9,,21840,11,,,1,8,,21849,11,,,1,9,,21853,11,,,1,8,,21861,11,,,1,49,,21874,11,,,1,8,,21883,11,,,1,9,,21892,11,,,1,8,,21899,11,,,1,7,,21907,11,,,1,8,,21914,11,,,1,8,,21921,11,,,1,7,,21935,11,,,1,48,,21943,11,,,1,8,,21954,11,,,1,7,,21962,11,,,1,8,,21813,11,,,1,8,,21819,11,,,1,7,,21827,11,,,1,7,,21841,11,,,1,8,,21850,11,,,1,47,,21854,11,,,1,7,,21862,11,,,1,7,,21866,11,,,1,8,,21875,11,,,1,6,,21884,11,,,1,6,,21893,11,,,1,7,,21900,11,,,1,6,,21908,11,,,1,7,,21915,11,,,1,46,,21922,11,,,1,7,,21928,11,,,1,6,,21936,11,,,1,6,,21944,11,,,1,7,,21947,11,,,1,6,,21955,11,,,1,7,,21963,11,,,1,6,,21814,11,,,1,7,,21820,11,,,1,46,,21828,11,,,1,6,,21833,11,,,1,7,,21842,11,,,1,7,,21855,11,,,1,6,,21863,11,,,1,6,,21867,11,,,1,7,,21876,11,,,1,6,,21885,11,,,1,7,,21894,11,,,1,46,,21901,11,,,1,6,,21909,11,,,1,7,,21916,11,,,1,6,,21923,11,,,1,7,,21929,11,,,1,6,,21937,11,,,1,7,,21945,11,,,1,6,,21948,11,,,1,6,,21956,11,,,1,7,,21964,11,,,1,46,,21815,11,,,1,7,,21821,11,,,1,6,,21829,11,,,1,7,,21834,11,,,1,6,,21843,11,,,1,6,,21856,11,,,1,7,,21864,11,,,1,6,,21868,11,,,1,6,,21877,11,,,1,47,,21886,11,,,1,6,,21895,11,,,1,7,,21902,11,,,1,6,,21910,11,,,1,6,,21917,11,,,1,7,,21924,11,,,1,6,,21930,11,,,1,6,,21938,11,,,1,7,,21946,11,,,1,6,,21949,11,,,1,47,,21957,11,,,1,6,,21965,11,,,1,6,,21816,11,,,1,7,,21822,11,,,1,6,,21830,11,,,1,7,,21835,11,,,1,6,,21844,11,,,1,7,,21857,11,,,1,8,,21865,11,,,1,47,,21869,11,,,1,8,,21878,11,,,1,7,,21887,11,,,1,7,,21896,11,,,1,8,,21903,11,,,1,7,,21911,11,,,1,8,,21918,11,,,1,7,,21925,11,,,1,47,,21931,11,,,1,8,,21939,11,,,1,7,,21950,11,,,1,8,,21958,11,,,1,7,,21817,11,,,1,8,,21823,11,,,1,8,,21831,11,,,1,8,,21836,11,,,1,47,,21845,11,,,1,9,,21858,11,,,1,9,,21870,11,,,1,9,,21879,11,,,1,9,,21888,11,,,1,9,,21897,11,,,1,49,,21904,11,,,1,9,,21912,11,,,1,9,,21926,11,,,1,10,,21932,11,,,1,9,,21940,11,,,1,10,,21951,11,,,1,9,,21959,11,,,1,50,,21818,11,,,1,9,,21832,11,,,1,10,,21837,11,,,1,10,,21846,11,,,1,10,,21859,11,,,1,10,,21871,11,,,1,50,,21880,11,,,1,10,,21889,11,,,1
200,'GLOBAUX-01-F1',545,,22001,11,,,1,10,,22009,11,,,1,49,,22017,11,,,1,9,,22025,11,,,1,9,,22031,11,,,1,10,,22043,11,,,1,9,,22047,11,,,1,9,,22062,11,,,1,50,,22074,11,,,1,9,,22082,11,,,1,9,,22090,11,,,1,9,,22095,11,,,1,10,,21966,11,,,1,9,,21975,11,,,1,9,,21993,11,,,1,49,,22002,11,,,1,10,,22010,11,,,1,9,,22018,11,,,1,9,,22026,11,,,1,10,,22032,11,,,1,9,,22044,11,,,1,49,,22048,11,,,1,8,,22055,11,,,1,9,,22063,11,,,1,9,,22075,11,,,1,8,,22083,11,,,1,9,,22091,11,,,1,8,,22096,11,,,1,49,,21967,11,,,1,9,,21976,11,,,1,8,,21986,11,,,1,9,,21994,11,,,1,8,,22003,11,,,1,9,,22011,11,,,1,8,,22019,11,,,1,49,,22027,11,,,1,9,,22033,11,,,1,8,,22045,11,,,1,9,,22049,11,,,1,8,,22056,11,,,1,9,,22064,11,,,1,9,,22076,11,,,1,48,,22084,11,,,1,9,,22092,11,,,1,8,,22097,11,,,1,9,,21968,11,,,1,8,,21977,11,,,1,8,,21987,11,,,1,8,,21995,11,,,1,8,,22004,11,,,1,48,,22012,11,,,1,8,,22020,11,,,1,8,,22028,11,,,1,8,,22034,11,,,1,8,,22046,11,,,1,8,,22050,11,,,1,8,,22057,11,,,1,47,,22065,11,,,1,8,,22070,11,,,1,7,,22077,11,,,1,7,,22085,11,,,1,7,,22093,11,,,1,7,,22098,11,,,1,7,,22103,11,,,1,7,,21969,11,,,1,7,,21978,11,,,1,46,,21981,11,,,1,7,,21988,11,,,1,7,,21996,11,,,1,7,,22005,11,,,1,7,,22013,11,,,1,7,,22021,11,,,1,6,,22029,11,,,1,7,,22035,11,,,1,7,,22039,11,,,1,47,,22051,11,,,1,7,,22058,11,,,1,7,,22066,11,,,1,6,,22071,11,,,1,7,,22078,11,,,1,7,,22086,11,,,1,7,,22094,11,,,1,7,,22099,11,,,1,47,,22104,11,,,1,6,,21970,11,,,1,7,,21979,11,,,1,7,,21982,11,,,1,7,,21989,11,,,1,7,,21997,11,,,1,7,,22006,11,,,1,7,,22014,11,,,1,8,,22022,11,,,1,47,,22030,11,,,1,7,,22036,11,,,1,8,,22040,11,,,1,7,,22052,11,,,1,7,,22059,11,,,1,8,,22067,11,,,1,7,,22072,11,,,1,7,,22079,11,,,1,48,,22087,11,,,1,8,,22100,11,,,1,8,,22105,11,,,1,7,,21971,11,,,1,8,,21980,11,,,1,8,,21983,11,,,1,8,,21990,11,,,1,8,,21998,11,,,1,48,,22007,11,,,1,7,,22015,11,,,1,8,,22023,11,,,1,8,,22037,11,,,1,8,,22041,11,,,1,8,,22053,11,,,1,8,,22060,11,,,1,48,,22068,11,,,1,8,,22073,11,,,1,8,,22080,11,,,1,9,,22088,11,,,1,8,,22101,11,,,1,9,,22106,11,,,1,8,,21972,11,,,1,49,,21984,11,,,1,8,,21991,11,,,1,9,,21999,11,,,1,9,,22008,11,,,1,10,,22016,11,,,1,10,,22024,11,,,1,10,,22038,11,,,1,50,,22042,11,,,1,10,,22054,11,,,1,10,,22061,11,,,1,10,,22069,11,,,1,10,,22081,11,,,1,10,,22089,11,,,1,50,,22102,11,,,1,10,,22107,11,,,1,10,,21973,11,,,1,10,,21985,11,,,1,10,,22000,11,,,1
200,'GLOBAUX-01-F2',545,,22143,11,,,1,10,,22151,11,,,1,49,,22159,11,,,1,9,,22167,11,,,1,9,,22173,11,,,1,10,,22185,11,,,1,9,,22189,11,,,1,9,,22204,11,,,1,50,,22216,11,,,1,9,,22224,11,,,1,9,,22232,11,,,1,9,,22237,11,,,1,10,,22108,11,,,1,9,,22117,11,,,1,9,,22135,11,,,1,49,,22144,11,,,1,10,,22152,11,,,1,9,,22160,11,,,1,9,,22168,11,,,1,10,,22174,11,,,1,9,,22186,11,,,1,49,,22190,11,,,1,8,,22197,11,,,1,9,,22205,11,,,1,9,,22217,11,,,1,8,,22225,11,,,1,9,,22233,11,,,1,8,,22238,11,,,1,49,,22109,11,,,1,9,,22118,11,,,1,8,,22128,11,,,1,9,,22136,11,,,1,8,,22145,11,,,1,9,,22153,11,,,1,8,,22161,11,,,1,49,,22169,11,,,1,9,,22175,11,,,1,8,,22187,11,,,1,9,,22191,11,,,1,8,,22198,11,,,1,9,,22206,11,,,1,9,,22218,11,,,1,48,,22226,11,,,1,9,,22234,11,,,1,8,,22239,11,,,1,9,,22110,11,,,1,8,,22119,11,,,1,8,,22129,11,,,1,8,,22137,11,,,1,8,,22146,11,,,1,48,,22154,11,,,1,8,,22162,11,,,1,8,,22170,11,,,1,8,,22176,11,,,1,8,,22188,11,,,1,8,,22192,11,,,1,8,,22199,11,,,1,47,,22207,11,,,1,8,,22212,11,,,1,7,,22219,11,,,1,7,,22227,11,,,1,7,,22235,11,,,1,7,,22240,11,,,1,7,,22245,11,,,1,7,,22111,11,,,1,7,,22120,11,,,1,46,,22123,11,,,1,7,,22130,11,,,1,7,,22138,11,,,1,7,,22147,11,,,1,7,,22155,11,,,1,7,,22163,11,,,1,6,,22171,11,,,1,7,,22177,11,,,1,7,,22181,11,,,1,47,,22193,11,,,1,7,,22200,11,,,1,7,,22208,11,,,1,6,,22213,11,,,1,7,,22220,11,,,1,7,,22228,11,,,1,7,,22236,11,,,1,7,,22241,11,,,1,47,,22246,11,,,1,6,,22112,11,,,1,7,,22121,11,,,1,7,,22124,11,,,1,7,,22131,11,,,1,7,,22139,11,,,1,7,,22148,11,,,1,7,,22156,11,,,1,8,,22164,11,,,1,47,,22172,11,,,1,7,,22178,11,,,1,8,,22182,11,,,1,7,,22194,11,,,1,7,,22201,11,,,1,8,,22209,11,,,1,7,,22214,11,,,1,7,,22221,11,,,1,48,,22229,11,,,1,8,,22242,11,,,1,8,,22247,11,,,1,7,,22113,11,,,1,8,,22122,11,,,1,8,,22125,11,,,1,8,,22132,11,,,1,8,,22140,11,,,1,48,,22149,11,,,1,7,,22157,11,,,1,8,,22165,11,,,1,8,,22179,11,,,1,8,,22183,11,,,1,8,,22195,11,,,1,8,,22202,11,,,1,48,,22210,11,,,1,8,,22215,11,,,1,8,,22222,11,,,1,9,,22230,11,,,1,8,,22243,11,,,1,9,,22248,11,,,1,8,,22114,11,,,1,49,,22126,11,,,1,8,,22133,11,,,1,9,,22141,11,,,1,9,,22150,11,,,1,10,,22158,11,,,1,10,,22166,11,,,1,10,,22180,11,,,1,50,,22184,11,,,1,10,,22196,11,,,1,10,,22203,11,,,1,10,,22211,11,,,1,10,,22223,11,,,1,10,,22231,11,,,1,50,,22244,11,,,1,10,,22249,11,,,1,10,,22115,11,,,1,10,,22127,11,,,1,10,,22142,11,,,1
200,'GLOBAUX-01-I',545,,22285,11,,,1,10,,22293,11,,,1,49,,22301,11,,,1,9,,22309,11,,,1,9,,22315,11,,,1,10,,22327,11,,,1,9,,22331,11,,,1,9,,22346,11,,,1,50,,22358,11,,,1,9,,22366,11,,,1,9,,22374,11,,,1,9,,22379,11,,,1,10,,22250,11,,,1,9,,22259,11,,,1,9,,22277,11,,,1,49,,22286,11,,,1,10,,22294,11,,,1,9,,22302,11,,,1,9,,22310,11,,,1,10,,22316,11,,,1,9,,22328,11,,,1,49,,22332,11,,,1,8,,22339,11,,,1,9,,22347,11,,,1,9,,22359,11,,,1,8,,22367,11,,,1,9,,22375,11,,,1,8,,22380,11,,,1,49,,22251,11,,,1,9,,22260,11,,,1,8,,22270,11,,,1,9,,22278,11,,,1,8,,22287,11,,,1,9,,22295,11,,,1,8,,22303,11,,,1,49,,22311,11,,,1,9,,22317,11,,,1,8,,22329,11,,,1,9,,22333,11,,,1,8,,22340,11,,,1,9,,22348,11,,,1,9,,22360,11,,,1,48,,22368,11,,,1,9,,22376,11,,,1,8,,22381,11,,,1,9,,22252,11,,,1,8,,22261,11,,,1,8,,22271,11,,,1,8,,22279,11,,,1,8,,22288,11,,,1,48,,22296,11,,,1,8,,22304,11,,,1,8,,22312,11,,,1,8,,22318,11,,,1,8,,22330,11,,,1,8,,22334,11,,,1,8,,22341,11,,,1,47,,22349,11,,,1,8,,22354,11,,,1,7,,22361,11,,,1,7,,22369,11,,,1,7,,22377,11,,,1,7,,22382,11,,,1,7,,22387,11,,,1,7,,22253,11,,,1,7,,22262,11,,,1,46,,22265,11,,,1,7,,22272,11,,,1,7,,22280,11,,,1,7,,22289,11,,,1,7,,22297,11,,,1,7,,22305,11,,,1,6,,22313,11,,,1,7,,22319,11,,,1,7,,22323,11,,,1,47,,22335,11,,,1,7,,22342,11,,,1,7,,22350,11,,,1,6,,22355,11,,,1,7,,22362,11,,,1,7,,22370,11,,,1,7,,22378,11,,,1,7,,22383,11,,,1,47,,22388,11,,,1,6,,22254,11,,,1,7,,22263,11,,,1,7,,22266,11,,,1,7,,22273,11,,,1,7,,22281,11,,,1,7,,22290,11,,,1,7,,22298,11,,,1,8,,22306,11,,,1,47,,22314,11,,,1,7,,22320,11,,,1,8,,22324,11,,,1,7,,22336,11,,,1,7,,22343,11,,,1,8,,22351,11,,,1,7,,22356,11,,,1,7,,22363,11,,,1,48,,22371,11,,,1,8,,22384,11,,,1,8,,22389,11,,,1,7,,22255,11,,,1,8,,22264,11,,,1,8,,22267,11,,,1,8,,22274,11,,,1,8,,22282,11,,,1,48,,22291,11,,,1,7,,22299,11,,,1,8,,22307,11,,,1,8,,22321,11,,,1,8,,22325,11,,,1,8,,22337,11,,,1,8,,22344,11,,,1,48,,22352,11,,,1,8,,22357,11,,,1,8,,22364,11,,,1,9,,22372,11,,,1,8,,22385,11,,,1,9,,22390,11,,,1,8,,22256,11,,,1,49,,22268,11,,,1,8,,22275,11,,,1,9,,22283,11,,,1,9,,22292,11,,,1,10,,22300,11,,,1,10,,22308,11,,,1,10,,22322,11,,,1,50,,22326,11,,,1,10,,22338,11,,,1,10,,22345,11,,,1,10,,22353,11,,,1,10,,22365,11,,,1,10,,22373,11,,,1,50,,22386,11,,,1,10,,22391,11,,,1,10,,22257,11,,,1,10,,22269,11,,,1,10,,22284,11,,,1
200,'GLOBAUX-01-S',545,,22463,11,,,1,6,,22473,11,,,1,6,,22483,11,,,1,46,,22498,11,,,1,6,,22509,11,,,1,6,,22518,11,,,1,6,,22532,11,,,1,6,,22534,11,,,1,5,,22554,11,,,1,5,,22571,11,,,1,5,,22573,11,,,1,5,,22580,11,,,1,5,,22582,11,,,1,4,,22594,11,,,1,44,,22600,11,,,1,4,,22606,11,,,1,4,,22607,11,,,1,4,,22613,11,,,1,3,,22622,11,,,1,4,,22392,11,,,1,3,,22393,11,,,1,4,,22403,11,,,1,3,,22411,11,,,1,4,,22412,11,,,1,3,,22421,11,,,1,4,,22423,11,,,1,3,,22428,11,,,1,3,,22436,11,,,1,4,,22444,11,,,1,3,,22456,11,,,1,3,,22461,11,,,1,3,,22462,11,,,1,44,,22464,11,,,1,3,,22474,11,,,1,3,,22484,11,,,1,4,,22492,11,,,1,3,,22494,11,,,1,3,,22499,11,,,1,3,,22504,11,,,1,4,,22510,11,,,1,3,,22515,11,,,1,3,,22519,11,,,1,3,,22527,11,,,1,4,,22533,11,,,1,3,,22535,11,,,1,3,,22540,11,,,1,3,,22555,11,,,1,3,,22564,11,,,1,4,,22572,11,,,1,3,,22574,11,,,1,44,,22575,11,,,1,4,,22583,11,,,1,4,,22590,11,,,1,3,,22595,11,,,1,4,,22601,11,,,1,4,,22608,11,,,1,4,,22614,11,,,1,4,,22623,11,,,1,3,,22630,11,,,1,4,,22394,11,,,1,4,,22404,11,,,1,4,,22413,11,,,1,4,,22420,11,,,1,4,,22424,11,,,1,5,,22437,11,,,1,45,,22445,11,,,1,5,,22457,11,,,1,6,,22465,11,,,1,6,,22475,11,,,1,6,,22485,11,,,1,6,,22495,11,,,1,6,,22505,11,,,1,6,,22511,11,,,1,6,,22520,11,,,1,6,,22528,11,,,1,46,,22541,11,,,1,6,,22556,11,,,1,6,,22565,11,,,1,6,,22576,11,,,1,6,,22584,11,,,1,6,,22596,11,,,1,6,,22602,11,,,1,6,,22615,11,,,1,6,,22624,11,,,1,6,,22395,11,,,1,46,,22405,11,,,1,6,,22414,11,,,1,6,,22425,11,,,1,6,,22438,11,,,1,6,,22446,11,,,1,6,,22458,11,,,1,6,,22466,11,,,1,6,,22476,11,,,1,6,,22486,11,,,1,6,,22496,11,,,1,46,,22506,11,,,1,6,,22512,11,,,1,6,,22521,11,,,1,6,,22529,11,,,1,6,,22542,11,,,1,6,,22557,11,,,1,6,,22566,11,,,1,6,,22577,11,,,1,6,,22585,11,,,1,6,,22597,11,,,1,46,,22603,11,,,1,6,,22616,11,,,1,6,,22625,11,,,1,6,,22396,11,,,1,6,,22406,11,,,1,6,,22415,11,,,1,6,,22426,11,,,1,6,,22439,11,,,1,7,,22447,11,,,1,6,,22459,11,,,1,46,,22467,11,,,1,5,,22477,11,,,1,5,,22487,11,,,1,4,,22497,11,,,1,5,,22500,11,,,1,4,,22507,11,,,1,5,,22513,11,,,1,4,,22516,11,,,1,4,,22522,11,,,1,4,,22530,11,,,1,4,,22536,11,,,1,3,,22543,11,,,1,3,,22547,11,,,1,3,,22558,11,,,1,4,,22562,11,,,1,43,,22567,11,,,1,2,,22578,11,,,1,3,,22581,11,,,1,3,,22586,11,,,1,3,,22591,11,,,1,3,,22598,11,,,1,3,,22604,11,,,1,3,,22609,11,,,1,3,,22617,11,,,1,3,,22618,11,,,1,3,,22626,11,,,1,3,,22397,11,,,1,2,,22398,11,,,1,3,,22399,11,,,1,3,,22400,11,,,1,3,,22407,11,,,1,3,,22416,11,,,1,3,,22422,11,,,1,3,,22427,11,0,5,1,3,,22429,11,,,1,43,,22433,11,,,1,3,,22440,11,,,1,3,,22448,11,0,5,1,3,,22449,11,,,1,2,,22453,11,,,1,3,,22460,11,,,1,3,,22468,11,0,5,1,3,,22469,11,,,1,3,,22478,11,,,1,3,,22482,11,0,5,1,3,,22488,11,,,1,3,,22493,11,0,5,1,3,,22501,11,,,1,3,,22508,11,,,1,3,,22514,11,,,1,4,,22517,11,,,1,3,,22523,11,,,1,4,,22531,11,,,1,3,,22537,11,,,1,3,,22544,11,,,1,44,,22548,11,,,1,4,,22551,11,,,1,4,,22559,11,,,1,3,,22563,11,,,1,4,,22568,11,,,1,4,,22579,11,,,1,4,,22587,11,,,1,4,,22592,11,,,1,4,,22599,11,,,1,4,,22605,11,,,1,4,,22610,11,,,1,4,,22619,11,,,1,5,,22627,11,,,1,5,,22401,11,,,1,45,,22408,11,,,1,5,,22417,11,,,1,5,,22430,11,,,1,6,,22434,11,,,1,6,,22441,11,,,1,6,,22450,11,,,1,6,,22454,11,,,1,6,,22470,11,,,1,6,,22479,11,,,1,6,,22489,11,,,1,6,,22502,11,,,1,46,,22524,11,,,1,6,,22538,11,,,1,6,,22545,11,,,1,6,,22549,11,,,1,6,,22552,11,,,1,6,,22560,11,,,1,6,,22569,11,,,1,6,,22588,11,,,1,6,,22593,11,,,1,6,,22611,11,,,1,46,,22620,11,,,1,6,,22628,11,,,1,6,,22402,11,,,1,6,,22409,11,,,1,6,,22418,11,,,1,6,,22431,11,,,1,6,,22435,11,,,1,6,,22442,11,,,1,6,,22451,11,,,1,6,,22455,11,,,1,46,,22471,11,,,1,6,,22480,11,,,1,6,,22490,11,,,1,6,,22503,11,,,1,6,,22525,11,,,1,6,,22539,11,,,1,6,,22546,11,,,1,5,,22550,11,,,1,7,,22553,11,,,1,7,,22561,11,,,1,47,,22570,11,,,1,7,,22589,11,,,1,7,,22612,11,,,1,7,,22621,11,,,1,7,,22629,11,,,1,7,,22410,11,,,1,8,,22419,11,,,1,8,,22432,11,,,1,48,,22443,11,,,1,8,,22452,11,,,1,8,,22472,11,,,1,8,,22481,11,,,1,8,,22491,11,,,1,8,,22526,11,,,1
201,'GLOBAUX-01-A',554,,22741,21,,,1,50,,22748,21,,,1,9,,22757,21,,,1,10,,22769,21,,,1,10,,22778,21,,,1,9,,22631,21,,,1,10,,22645,21,,,1,50,,22658,21,,,1,10,,22666,21,,,1,9,,22669,21,,,1,10,,22688,21,,,1,10,,22696,21,,,1,9,,22704,21,,,1,50,,22712,21,,,1,9,,22719,21,,,1,10,,22727,21,,,1,9,,22733,21,,,1,8,,22749,21,,,1,9,,22758,21,,,1,9,,22770,21,,,1,48,,22779,21,,,1,9,,22632,21,,,1,9,,22646,21,,,1,8,,22659,21,,,1,9,,22667,21,,,1,9,,22670,21,,,1,8,,22677,21,,,1,49,,22689,21,,,1,8,,22697,21,,,1,9,,22705,21,,,1,9,,22713,21,,,1,9,,22720,21,,,1,8,,22728,21,,,1,9,,22734,21,,,1,48,,22750,21,,,1,7,,22759,21,,,1,8,,22771,21,,,1,8,,22780,21,,,1,8,,22633,21,,,1,7,,22640,21,,,1,7,,22647,21,,,1,7,,22660,21,,,1,47,,22668,21,,,1,7,,22671,21,,,1,7,,22678,21,,,1,7,,22682,21,,,1,7,,22690,21,,,1,8,,22698,21,,,1,7,,22706,21,,,1,6,,22714,21,,,1,7,,22721,21,,,1,46,,22729,21,,,1,7,,22735,21,,,1,6,,22742,21,,,1,7,,22751,21,,,1,6,,22760,21,,,1,7,,22763,21,,,1,6,,22772,21,,,1,6,,22781,21,,,1,7,,22634,21,,,1,46,,22641,21,,,1,7,,22648,21,,,1,6,,22653,21,,,1,7,,22661,21,,,1,6,,22672,21,,,1,6,,22679,21,,,1,7,,22683,21,,,1,6,,22691,21,,,1,7,,22699,21,,,1,46,,22707,21,,,1,6,,22715,21,,,1,7,,22722,21,,,1,6,,22730,21,,,1,7,,22736,21,,,1,6,,22743,21,,,1,6,,22752,21,,,1,7,,22761,21,,,1,6,,22764,21,,,1,7,,22773,21,,,1,46,,22782,21,,,1,7,,22635,21,,,1,6,,22642,21,,,1,6,,22649,21,,,1,7,,22654,21,,,1,6,,22662,21,,,1,7,,22673,21,,,1,6,,22680,21,,,1,7,,22684,21,,,1,46,,22692,21,,,1,6,,22700,21,,,1,7,,22708,21,,,1,6,,22716,21,,,1,7,,22723,21,,,1,6,,22731,21,,,1,7,,22737,21,,,1,6,,22744,21,,,1,6,,22753,21,,,1,47,,22762,21,,,1,6,,22765,21,,,1,6,,22774,21,,,1,7,,22783,21,,,1,6,,22636,21,,,1,7,,22643,21,,,1,6,,22650,21,,,1,6,,22655,21,,,1,7,,22663,21,,,1,6,,22674,21,,,1,47,,22681,21,,,1,7,,22685,21,,,1,7,,22693,21,,,1,7,,22701,21,,,1,8,,22709,21,,,1,7,,22717,21,,,1,7,,22724,21,,,1,7,,22732,21,,,1,48,,22738,21,,,1,7,,22745,21,,,1,8,,22754,21,,,1,7,,22766,21,,,1,8,,22775,21,,,1,8,,22637,21,,,1,8,,22644,21,,,1,7,,22651,21,,,1,48,,22656,21,,,1,8,,22664,21,,,1,8,,22675,21,,,1,8,,22686,21,,,1,8,,22694,21,,,1,8,,22702,21,,,1,9,,22710,21,,,1,48,,22718,21,,,1,9,,22725,21,,,1,10,,22739,21,,,1,9,,22746,21,,,1,10,,22755,21,,,1,9,,22767,21,,,1,10,,22776,21,,,1,49,,22638,21,,,1,10,,22652,21,,,1,9,,22657,21,,,1,10,,22665,21,,,1,9,,22676,21,,,1,10,,22687,21,,,1,50,,22695,21,,,1,9,,22703,21,,,1,10,,22711,21,,,1,10,,22726,21,,,1,10,,22740,21,,,1,10,,22747,21,,,1,50,,22756,21,,,1,10,,22768,21,,,1,10,,22777,21,,,1,13,,22639,21,,,1
201,'GLOBAUX-01-F1',554,,22877,21,,,1,49,,22890,21,,,1,9,,22898,21,,,1,10,,22906,21,,,1,9,,22911,21,,,1,9,,22784,21,,,1,10,,22792,21,,,1,9,,22809,21,,,1,50,,22817,21,,,1,9,,22825,21,,,1,9,,22833,21,,,1,10,,22841,21,,,1,9,,22846,21,,,1,9,,22859,21,,,1,50,,22862,21,,,1,9,,22878,21,,,1,10,,22891,21,,,1,9,,22899,21,,,1,9,,22907,21,,,1,10,,22912,21,,,1,49,,22785,21,,,1,9,,22793,21,,,1,9,,22803,21,,,1,8,,22810,21,,,1,9,,22818,21,,,1,9,,22826,21,,,1,9,,22834,21,,,1,48,,22842,21,,,1,9,,22847,21,,,1,9,,22860,21,,,1,8,,22863,21,,,1,9,,22870,21,,,1,8,,22879,21,,,1,9,,22892,21,,,1,49,,22900,21,,,1,8,,22908,21,,,1,9,,22913,21,,,1,8,,22786,21,,,1,9,,22794,21,,,1,8,,22804,21,,,1,9,,22811,21,,,1,49,,22819,21,,,1,8,,22827,21,,,1,9,,22835,21,,,1,8,,22843,21,,,1,8,,22848,21,,,1,8,,22861,21,,,1,8,,22864,21,,,1,48,,22871,21,,,1,8,,22880,21,,,1,7,,22886,21,,,1,6,,22893,21,,,1,7,,22901,21,,,1,7,,22909,21,,,1,7,,22914,21,,,1,7,,22919,21,,,1,7,,22787,21,,,1,47,,22795,21,,,1,6,,22798,21,,,1,7,,22805,21,,,1,7,,22812,21,,,1,7,,22820,21,,,1,7,,22828,21,,,1,7,,22836,21,,,1,6,,22844,21,,,1,7,,22849,21,,,1,47,,22854,21,,,1,7,,22865,21,,,1,7,,22872,21,,,1,7,,22881,21,,,1,7,,22887,21,,,1,6,,22894,21,,,1,7,,22902,21,,,1,7,,22910,21,,,1,7,,22915,21,,,1,47,,22920,21,,,1,7,,22788,21,,,1,6,,22796,21,,,1,7,,22799,21,,,1,7,,22806,21,,,1,8,,22813,21,,,1,7,,22821,21,,,1,7,,22829,21,,,1,48,,22837,21,,,1,7,,22845,21,,,1,8,,22850,21,,,1,7,,22855,21,,,1,7,,22866,21,,,1,8,,22873,21,,,1,7,,22882,21,,,1,7,,22888,21,,,1,48,,22895,21,,,1,7,,22903,21,,,1,7,,22916,21,,,1,8,,22921,21,,,1,8,,22789,21,,,1,8,,22797,21,,,1,8,,22800,21,,,1,7,,22807,21,,,1,48,,22814,21,,,1,8,,22822,21,,,1,7,,22830,21,,,1,8,,22838,21,,,1,8,,22851,21,,,1,8,,22856,21,,,1,8,,22867,21,,,1,8,,22874,21,,,1,47,,22883,21,,,1,8,,22889,21,,,1,8,,22896,21,,,1,9,,22904,21,,,1,8,,22917,21,,,1,9,,22922,21,,,1,8,,22790,21,,,1,49,,22801,21,,,1,8,,22808,21,,,1,9,,22815,21,,,1,8,,22823,21,,,1,9,,22831,21,,,1,9,,22839,21,,,1,9,,22852,21,,,1,49,,22857,21,,,1,8,,22868,21,,,1,10,,22875,21,,,1,10,,22884,21,,,1,10,,22897,21,,,1,10,,22905,21,,,1,50,,22918,21,,,1,10,,22923,21,,,1,10,,22791,21,,,1,10,,22802,21,,,1,10,,22816,21,,,1,10,,22824,21,,,1,50,,22832,21,,,1,10,,22840,21,,,1,10,,22853,21,,,1,10,,22858,21,,,1,10,,22869,21,,,1,10,,22876,21,,,1,54,,22885,21,,,1
201,'GLOBAUX-01-F2',554,,23017,21,,,1,49,,23030,21,,,1,9,,23038,21,,,1,10,,23046,21,,,1,9,,23051,21,,,1,9,,22924,21,,,1,10,,22932,21,,,1,9,,22949,21,,,1,50,,22957,21,,,1,9,,22965,21,,,1,9,,22973,21,,,1,10,,22981,21,,,1,9,,22986,21,,,1,9,,22999,21,,,1,50,,23002,21,,,1,9,,23018,21,,,1,10,,23031,21,,,1,9,,23039,21,,,1,9,,23047,21,,,1,10,,23052,21,,,1,49,,22925,21,,,1,9,,22933,21,,,1,9,,22943,21,,,1,8,,22950,21,,,1,9,,22958,21,,,1,9,,22966,21,,,1,9,,22974,21,,,1,48,,22982,21,,,1,9,,22987,21,,,1,9,,23000,21,,,1,8,,23003,21,,,1,9,,23010,21,,,1,8,,23019,21,,,1,9,,23032,21,,,1,49,,23040,21,,,1,8,,23048,21,,,1,9,,23053,21,,,1,8,,22926,21,,,1,9,,22934,21,,,1,8,,22944,21,,,1,9,,22951,21,,,1,49,,22959,21,,,1,8,,22967,21,,,1,9,,22975,21,,,1,8,,22983,21,,,1,8,,22988,21,,,1,8,,23001,21,,,1,8,,23004,21,,,1,48,,23011,21,,,1,8,,23020,21,,,1,7,,23026,21,,,1,6,,23033,21,,,1,7,,23041,21,,,1,7,,23049,21,,,1,7,,23054,21,,,1,7,,23059,21,,,1,7,,22927,21,,,1,47,,22935,21,,,1,6,,22938,21,,,1,7,,22945,21,,,1,7,,22952,21,,,1,7,,22960,21,,,1,7,,22968,21,,,1,7,,22976,21,,,1,6,,22984,21,,,1,7,,22989,21,,,1,47,,22994,21,,,1,7,,23005,21,,,1,7,,23012,21,,,1,7,,23021,21,,,1,7,,23027,21,,,1,6,,23034,21,,,1,7,,23042,21,,,1,7,,23050,21,,,1,7,,23055,21,,,1,47,,23060,21,,,1,7,,22928,21,,,1,6,,22936,21,,,1,7,,22939,21,,,1,7,,22946,21,,,1,8,,22953,21,,,1,7,,22961,21,,,1,7,,22969,21,,,1,48,,22977,21,,,1,7,,22985,21,,,1,8,,22990,21,,,1,7,,22995,21,,,1,7,,23006,21,,,1,8,,23013,21,,,1,7,,23022,21,,,1,7,,23028,21,,,1,48,,23035,21,,,1,7,,23043,21,,,1,7,,23056,21,,,1,8,,23061,21,,,1,8,,22929,21,,,1,8,,22937,21,,,1,8,,22940,21,,,1,7,,22947,21,,,1,48,,22954,21,,,1,8,,22962,21,,,1,7,,22970,21,,,1,8,,22978,21,,,1,8,,22991,21,,,1,8,,22996,21,,,1,8,,23007,21,,,1,8,,23014,21,,,1,47,,23023,21,,,1,8,,23029,21,,,1,8,,23036,21,,,1,9,,23044,21,,,1,8,,23057,21,,,1,9,,23062,21,,,1,8,,22930,21,,,1,49,,22941,21,,,1,8,,22948,21,,,1,9,,22955,21,,,1,8,,22963,21,,,1,9,,22971,21,,,1,9,,22979,21,,,1,9,,22992,21,,,1,49,,22997,21,,,1,8,,23008,21,,,1,10,,23015,21,,,1,10,,23024,21,,,1,10,,23037,21,,,1,10,,23045,21,,,1,50,,23058,21,,,1,10,,23063,21,,,1,10,,22931,21,,,1,10,,22942,21,,,1,10,,22956,21,,,1,10,,22964,21,,,1,50,,22972,21,,,1,10,,22980,21,,,1,10,,22993,21,,,1,10,,22998,21,,,1,10,,23009,21,,,1,10,,23016,21,,,1,54,,23025,21,,,1
201,'GLOBAUX-01-I',554,,23157,21,,,1,49,,23170,21,,,1,9,,23178,21,,,1,10,,23186,21,,,1,9,,23191,21,,,1,9,,23064,21,,,1,10,,23072,21,,,1,9,,23089,21,,,1,50,,23097,21,,,1,9,,23105,21,,,1,9,,23113,21,,,1,10,,23121,21,,,1,9,,23126,21,,,1,9,,23139,21,,,1,50,,23142,21,,,1,9,,23158,21,,,1,10,,23171,21,,,1,9,,23179,21,,,1,9,,23187,21,,,1,10,,23192,21,,,1,49,,23065,21,,,1,9,,23073,21,,,1,9,,23083,21,,,1,8,,23090,21,,,1,9,,23098,21,,,1,9,,23106,21,,,1,9,,23114,21,,,1,48,,23122,21,,,1,9,,23127,21,,,1,9,,23140,21,,,1,8,,23143,21,,,1,9,,23150,21,,,1,8,,23159,21,,,1,9,,23172,21,,,1,49,,23180,21,,,1,8,,23188,21,,,1,9,,23193,21,,,1,8,,23066,21,,,1,9,,23074,21,,,1,8,,23084,21,,,1,9,,23091,21,,,1,49,,23099,21,,,1,8,,23107,21,,,1,9,,23115,21,,,1,8,,23123,21,,,1,8,,23128,21,,,1,8,,23141,21,,,1,8,,23144,21,,,1,48,,23151,21,,,1,8,,23160,21,,,1,7,,23166,21,,,1,6,,23173,21,,,1,7,,23181,21,,,1,7,,23189,21,,,1,7,,23194,21,,,1,7,,23199,21,,,1,7,,23067,21,,,1,47,,23075,21,,,1,6,,23078,21,,,1,7,,23085,21,,,1,7,,23092,21,,,1,7,,23100,21,,,1,7,,23108,21,,,1,7,,23116,21,,,1,6,,23124,21,,,1,7,,23129,21,,,1,47,,23134,21,,,1,7,,23145,21,,,1,7,,23152,21,,,1,7,,23161,21,,,1,7,,23167,21,,,1,6,,23174,21,,,1,7,,23182,21,,,1,7,,23190,21,,,1,7,,23195,21,,,1,47,,23200,21,,,1,7,,23068,21,,,1,6,,23076,21,,,1,7,,23079,21,,,1,7,,23086,21,,,1,8,,23093,21,,,1,7,,23101,21,,,1,7,,23109,21,,,1,48,,23117,21,,,1,7,,23125,21,,,1,8,,23130,21,,,1,7,,23135,21,,,1,7,,23146,21,,,1,8,,23153,21,,,1,7,,23162,21,,,1,7,,23168,21,,,1,48,,23175,21,,,1,7,,23183,21,,,1,7,,23196,21,,,1,8,,23201,21,,,1,8,,23069,21,,,1,8,,23077,21,,,1,8,,23080,21,,,1,7,,23087,21,,,1,48,,23094,21,,,1,8,,23102,21,,,1,7,,23110,21,,,1,8,,23118,21,,,1,8,,23131,21,,,1,8,,23136,21,,,1,8,,23147,21,,,1,8,,23154,21,,,1,47,,23163,21,,,1,8,,23169,21,,,1,8,,23176,21,,,1,9,,23184,21,,,1,8,,23197,21,,,1,9,,23202,21,,,1,8,,23070,21,,,1,49,,23081,21,,,1,8,,23088,21,,,1,9,,23095,21,,,1,8,,23103,21,,,1,9,,23111,21,,,1,9,,23119,21,,,1,9,,23132,21,,,1,49,,23137,21,,,1,8,,23148,21,,,1,10,,23155,21,,,1,10,,23164,21,,,1,10,,23177,21,,,1,10,,23185,21,,,1,50,,23198,21,,,1,10,,23203,21,,,1,10,,23071,21,,,1,10,,23082,21,,,1,10,,23096,21,,,1,10,,23104,21,,,1,50,,23112,21,,,1,10,,23120,21,,,1,10,,23133,21,,,1,10,,23138,21,,,1,10,,23149,21,,,1,10,,23156,21,,,1,54,,23165,21,,,1
201,'GLOBAUX-01-S',553,,23391,21,,,1,6,,23405,21,,,1,46,,23411,21,,,1,6,,23418,21,,,1,6,,23424,21,,,1,6,,23204,21,,,1,6,,23206,21,,,1,6,,23224,21,,,1,6,,23226,21,,,1,5,,23238,21,,,1,5,,23243,21,,,1,5,,23251,21,,,1,46,,23276,21,,,1,4,,23277,21,,,1,4,,23279,21,,,1,4,,23288,21,,,1,4,,23297,21,,,1,4,,23305,21,,,1,3,,23308,21,,,1,4,,23313,21,,,1,4,,23322,21,,,1,3,,23327,21,,,1,3,,23331,21,,,1,3,,23339,21,,,1,3,,23344,21,,,1,3,,23346,21,,,1,3,,23351,21,,,1,3,,23366,21,,,1,3,,23375,18,,,1,43,,23383,21,,,1,3,,23384,21,,,1,3,,23385,18,,,1,3,,23390,21,,,1,3,,23392,21,,,1,3,,23394,21,,,1,3,,23401,18,,,1,3,,23406,21,,,1,3,,23412,21,,,1,3,,23417,21,,,1,2,,23419,21,,,1,3,,23425,21,,,1,3,,23434,21,,,1,3,,23442,18,,,1,3,,23205,21,,,1,3,,23207,21,,,1,3,,23216,21,,,1,2,,23225,21,,,1,3,,23227,21,,,1,3,,23234,18,,,1,3,,23235,21,,,1,43,,23239,21,,,1,3,,23244,21,,,1,2,,23252,21,,,1,3,,23259,21,,,1,4,,23260,21,,,1,2,,23271,21,,,1,3,,23278,21,,,1,4,,23280,21,,,1,3,,23289,21,,,1,3,,23298,21,,,1,4,,23306,21,,,1,3,,23309,21,,,1,4,,23314,21,,,1,4,,23318,21,,,1,4,,23323,21,,,1,3,,23328,21,,,1,4,,23332,21,,,1,4,,23340,21,,,1,45,,23345,21,,,1,5,,23352,21,,,1,5,,23367,21,,,1,5,,23376,21,,,1,5,,23386,21,,,1,5,,23395,21,,,1,5,,23407,21,,,1,6,,23413,21,,,1,6,,23426,21,,,1,6,,23435,21,,,1,6,,23208,21,,,1,46,,23217,21,,,1,6,,23228,21,,,1,6,,23240,21,,,1,6,,23253,21,,,1,6,,23261,21,,,1,7,,23272,21,,,1,6,,23281,21,,,1,6,,23290,21,,,1,6,,23299,21,,,1,6,,23310,21,,,1,46,,23319,21,,,1,6,,23324,21,,,1,6,,23333,21,,,1,6,,23341,21,,,1,6,,23353,21,,,1,6,,23368,21,,,1,6,,23377,21,,,1,6,,23387,21,,,1,6,,23396,21,,,1,6,,23408,21,,,1,46,,23414,21,,,1,6,,23427,21,,,1,6,,23436,21,,,1,6,,23209,21,,,1,6,,23218,21,,,1,6,,23229,21,,,1,6,,23241,21,,,1,6,,23254,21,,,1,6,,23262,21,,,1,6,,23273,21,,,1,46,,23282,21,,,1,6,,23291,21,,,1,6,,23300,21,,,1,6,,23311,21,,,1,6,,23320,21,,,1,6,,23325,21,,,1,6,,23334,21,,,1,6,,23342,21,,,1,6,,23354,21,,,1,6,,23369,21,,,1,46,,23378,21,,,1,6,,23388,21,,,1,6,,23397,21,,,1,6,,23409,21,,,1,5,,23415,21,,,1,5,,23428,21,,,1,5,,23437,21,,,1,5,,23210,21,,,1,5,,23212,21,,,1,5,,23219,21,,,1,4,,23230,21,,,1,44,,23236,21,,,1,3,,23242,21,,,1,3,,23248,21,,,1,4,,23255,21,,,1,3,,23263,21,,,1,3,,23267,21,,,1,3,,23274,21,,,1,4,,23283,21,,,1,3,,23284,21,,,1,3,,23292,21,,,1,3,,23296,21,,,1,4,,23301,21,,,1,3,,23307,21,,,1,3,,23312,21,,,1,4,,23315,21,,,1,3,,23321,21,,,1,3,,23326,21,,,1,3,,23329,21,,,1,3,,23335,21,,,1,44,,23343,21,,,1,3,,23347,21,,,1,3,,23355,21,,,1,3,,23358,21,,,1,3,,23362,21,,,1,4,,23370,21,,,1,3,,23374,21,,,1,3,,23379,21,,,1,3,,23389,21,,,1,3,,23393,21,,,1,3,,23398,21,,,1,3,,23402,21,,,1,4,,23410,21,,,1,3,,23416,21,,,1,3,,23420,21,,,1,3,,23429,21,,,1,4,,23430,21,,,1,3,,23438,21,,,1,44,,23211,21,,,1,4,,23213,21,,,1,3,,23220,21,,,1,4,,23231,21,,,1,4,,23237,21,,,1,4,,23245,21,,,1,4,,23249,21,,,1,4,,23256,21,,,1,4,,23264,21,,,1,5,,23268,21,,,1,5,,23275,21,,,1,5,,23285,21,,,1,4,,23293,21,,,1,5,,23302,21,,,1,45,,23316,21,,,1,5,,23330,21,,,1,5,,23336,21,,,1,5,,23348,21,,,1,5,,23356,21,,,1,5,,23359,21,,,1,5,,23363,21,,,1,6,,23371,21,,,1,6,,23380,21,,,1,6,,23399,21,,,1,6,,23403,21,,,1,46,,23421,21,,,1,6,,23431,21,,,1,6,,23439,21,,,1,6,,23214,21,,,1,6,,23221,21,,,1,6,,23232,21,,,1,6,,23246,21,,,1,6,,23250,21,,,1,6,,23257,21,,,1,6,,23265,21,,,1,46,,23269,21,,,1,6,,23286,21,,,1,6,,23294,21,,,1,6,,23303,21,,,1,6,,23317,21,,,1,6,,23337,21,,,1,6,,23349,21,,,1,6,,23357,21,,,1,6,,23360,21,,,1,6,,23364,21,,,1,46,,23372,21,,,1,6,,23381,21,,,1,6,,23400,21,,,1,6,,23404,21,,,1,6,,23422,21,,,1,6,,23432,21,,,1,6,,23440,21,,,1,6,,23215,21,,,1,6,,23222,21,,,1,6,,23233,21,,,1,47,,23247,21,,,1,7,,23258,21,,,1,7,,23266,21,,,1,7,,23270,21,,,1,7,,23287,21,,,1,7,,23295,21,,,1,7,,23304,21,,,1,7,,23338,21,,,1,8,,23350,21,,,1,48,,23361,21,,,1,8,,23365,21,,,1,8,,23373,21,,,1,8,,23382,21,,,1,8,,23423,21,,,1,8,,23433,21,,,1,8,,23441,21,,,1,52,,23223,21,,,1
