500,'GLOBAUX-01-A',545,,24707,12,4,,1,10,,24725,12,4,,1,50,,24743,12,4,,1,10,,24760,12,4,,1,10,,24777,12,4,,1,10,,24805,12,4,,1,10,,24822,12,4,,1,10,,24708,12,4,,1,50,,24726,12,4,,1,10,,24744,12,4,,1,10,,24761,12,4,,1,10,,24778,12,4,,1,10,,24806,12,4,,1,10,,24823,12,4,,1,50,,24709,12,4,,1,10,,24727,12,4,,1,10,,24745,12,4,,1,11,,24762,12,4,,1,10,,24779,12,4,,1,10,,24807,12,4,,1,50,,24824,12,4,,1,10,,24710,12,4,,1,10,,24728,12,4,,1,10,,24746,12,4,,1,10,,24763,12,4,,1,8,,24780,12,4,,1,49,,24794,12,4,,1,8,,24808,12,4,,1,9,,24825,12,4,,1,8,,24711,12,4,,1,9,,24729,12,4,,1,8,,24747,12,4,,1,9,,24764,12,4,,1,48,,24781,12,4,,1,9,,24795,12,4,,1,8,,24809,12,4,,1,9,,24826,12,4,,1,8,,24712,12,4,,1,9,,24730,12,4,,1,8,,24748,12,4,,1,49,,24765,12,4,,1,8,,24782,12,4,,1,9,,24796,12,4,,1,8,,24810,12,4,,1,9,,24827,12,4,,1,8,,24713,12,4,,1,9,,24731,12,4,,1,48,,24749,12,4,,1,9,,24766,12,4,,1,8,,24783,12,4,,1,9,,24797,12,4,,1,8,,24811,12,4,,1,9,,24828,12,4,,1,8,,24714,12,4,,1,49,,24732,12,4,,1,8,,24750,12,4,,1,9,,24767,12,4,,1,8,,24784,12,4,,1,9,,24798,12,4,,1,8,,24812,12,4,,1,9,,24829,12,4,,1,48,,24715,12,4,,1,9,,24733,12,4,,1,8,,24751,12,4,,1,9,,24768,12,4,,1,8,,24785,12,4,,1,9,,24799,12,4,,1,8,,24813,12,4,,1,49,,24830,12,4,,1,8,,24716,12,4,,1,9,,24734,12,4,,1,9,,24752,12,4,,1,8,,24769,12,4,,1,9,,24786,12,4,,1,8,,24800,12,4,,1,49,,24814,12,4,,1,8,,24831,12,4,,1,9,,24717,12,4,,1,8,,24735,12,4,,1,9,,24753,12,4,,1,8,,24770,12,4,,1,9,,24787,12,4,,1,8,,24801,12,4,,1,48,,24815,12,4,,1,9,,24832,12,4,,1,8,,24718,12,4,,1,9,,24736,12,4,,1,8,,24754,12,4,,1,9,,24771,12,4,,1,8,,24788,12,4,,1,49,,24802,12,4,,1,8,,24816,12,4,,1,9,,24833,12,4,,1,8,,24719,12,4,,1,9,,24737,12,4,,1,8,,24755,12,4,,1,8,,24772,12,4,,1,49,,24789,12,4,,1,8,,24803,12,4,,1,9,,24817,12,4,,1,8,,24834,12,4,,1,9,,24720,12,4,,1,8,,24738,12,4,,1,9,,24756,12,4,,1,48,,24773,12,4,,1,9,,24790,12,4,,1,8,,24804,12,4,,1,9,,24818,12,4,,1,9,,24835,12,4,,1,10,,24721,12,4,,1,50,,24739,12,4,,1,10,,24757,12,4,,1,10,,24774,12,4,,1,10,,24791,12,4,,1,10,,24819,12,4,,1,10,,24836,12,4,,1,50,,24722,12,4,,1,10,,24740,12,4,,1,10,,24758,12,4,,1,10,,24775,12,4,,1,10,,24792,12,4,,1,10,,24820,12,4,,1,50,,24837,12,4,,1,10,,24723,12,4,,1,10,,24741,12,4,,1,10,,24759,12,4,,1,10,,24776,12,4,,1,10,,24793,12,4,,1,50,,24821,12,4,,1,10,,24838,12,4,,1,10,,24724,12,4,,1,10,,24742,12,4,,1
500,'GLOBAUX-01-F1',545,,24839,12,4,,1,10,,24856,12,4,,1,50,,24873,12,4,,1,10,,24890,12,4,,1,10,,24907,12,4,,1,10,,24938,12,4,,1,10,,24951,12,4,,1,10,,24840,12,4,,1,50,,24857,12,4,,1,10,,24874,12,4,,1,10,,24891,12,4,,1,10,,24908,12,4,,1,10,,24939,12,4,,1,10,,24952,12,4,,1,50,,24841,12,4,,1,10,,24858,12,4,,1,10,,24875,12,4,,1,10,,24892,12,4,,1,10,,24909,12,4,,1,10,,24940,12,4,,1,50,,24953,12,4,,1,10,,24842,12,4,,1,10,,24859,12,4,,1,10,,24876,12,4,,1,11,,24893,12,4,,1,8,,24910,12,4,,1,49,,24924,12,4,,1,8,,24941,12,4,,1,9,,24954,12,4,,1,8,,24843,12,4,,1,9,,24860,12,4,,1,8,,24877,12,4,,1,9,,24894,12,4,,1,48,,24911,12,4,,1,9,,24925,12,4,,1,8,,24942,12,4,,1,9,,24955,12,4,,1,8,,24844,12,4,,1,9,,24861,12,4,,1,8,,24878,12,4,,1,49,,24895,12,4,,1,8,,24912,12,4,,1,9,,24926,12,4,,1,8,,24943,12,4,,1,9,,24956,12,4,,1,8,,24845,12,4,,1,9,,24862,12,4,,1,48,,24879,12,4,,1,9,,24896,12,4,,1,8,,24913,12,4,,1,9,,24927,12,4,,1,8,,24944,12,4,,1,9,,24957,12,4,,1,8,,24846,12,4,,1,49,,24863,12,4,,1,8,,24880,12,4,,1,9,,24897,12,4,,1,8,,24914,12,4,,1,9,,24928,12,4,,1,8,,24945,12,4,,1,9,,24958,12,4,,1,48,,24847,12,4,,1,9,,24864,12,4,,1,8,,24881,12,4,,1,9,,24898,12,4,,1,8,,24915,12,4,,1,9,,24929,12,4,,1,8,,24946,12,4,,1,49,,24959,12,4,,1,8,,24848,12,4,,1,9,,24865,12,4,,1,8,,24882,12,4,,1,9,,24899,12,4,,1,8,,24916,12,4,,1,9,,24930,12,4,,1,8,,24947,12,4,,1,49,,24960,12,4,,1,8,,24849,12,4,,1,9,,24866,12,4,,1,8,,24883,12,4,,1,9,,24900,12,4,,1,8,,24917,12,4,,1,9,,24931,12,4,,1,48,,24948,12,4,,1,9,,24961,12,4,,1,8,,24850,12,4,,1,9,,24867,12,4,,1,8,,24884,12,4,,1,9,,24901,12,4,,1,8,,24918,12,4,,1,48,,24932,12,4,,1,9,,24949,12,4,,1,8,,24962,12,4,,1,9,,24851,12,4,,1,8,,24868,12,4,,1,9,,24885,12,4,,1,8,,24902,12,4,,1,49,,24919,12,4,,1,8,,24933,12,4,,1,9,,24950,12,4,,1,8,,24963,12,4,,1,9,,24852,12,4,,1,10,,24869,12,4,,1,50,,24886,12,4,,1,10,,24903,12,4,,1,10,,24920,12,4,,1,10,,24934,12,4,,1,10,,24964,12,4,,1,10,,24853,12,4,,1,50,,24870,12,4,,1,10,,24887,12,4,,1,10,,24904,12,4,,1,10,,24921,12,4,,1,10,,24935,12,4,,1,10,,24965,12,4,,1,50,,24854,12,4,,1,10,,24871,12,4,,1,10,,24888,12,4,,1,10,,24905,12,4,,1,10,,24922,12,4,,1,10,,24936,12,4,,1,50,,24966,12,4,,1,10,,24855,12,4,,1,10,,24872,12,4,,1,10,,24889,12,4,,1,10,,24906,12,4,,1,10,,24923,12,4,,1,50,,24937,12,4,,1
500,'GLOBAUX-01-F2',545,,24967,12,4,,1,10,,24984,12,4,,1,50,,25001,12,4,,1,10,,25018,12,4,,1,10,,25035,12,4,,1,10,,25066,12,4,,1,10,,25079,12,4,,1,10,,24968,12,4,,1,50,,24985,12,4,,1,10,,25002,12,4,,1,10,,25019,12,4,,1,10,,25036,12,4,,1,10,,25067,12,4,,1,10,,25080,12,4,,1,50,,24969,12,4,,1,10,,24986,12,4,,1,10,,25003,12,4,,1,10,,25020,12,4,,1,10,,25037,12,4,,1,10,,25068,12,4,,1,50,,25081,12,4,,1,10,,24970,12,4,,1,10,,24987,12,4,,1,10,,25004,12,4,,1,11,,25021,12,4,,1,8,,25038,12,4,,1,49,,25052,12,4,,1,8,,25069,12,4,,1,9,,25082,12,4,,1,8,,24971,12,4,,1,9,,24988,12,4,,1,8,,25005,12,4,,1,9,,25022,12,4,,1,48,,25039,12,4,,1,9,,25053,12,4,,1,8,,25070,12,4,,1,9,,25083,12,4,,1,8,,24972,12,4,,1,9,,24989,12,4,,1,8,,25006,12,4,,1,49,,25023,12,4,,1,8,,25040,12,4,,1,9,,25054,12,4,,1,8,,25071,12,4,,1,9,,25084,12,4,,1,8,,24973,12,4,,1,9,,24990,12,4,,1,48,,25007,12,4,,1,9,,25024,12,4,,1,8,,25041,12,4,,1,9,,25055,12,4,,1,8,,25072,12,4,,1,9,,25085,12,4,,1,8,,24974,12,4,,1,49,,24991,12,4,,1,8,,25008,12,4,,1,9,,25025,12,4,,1,8,,25042,12,4,,1,9,,25056,12,4,,1,8,,25073,12,4,,1,9,,25086,12,4,,1,48,,24975,12,4,,1,9,,24992,12,4,,1,8,,25009,12,4,,1,9,,25026,12,4,,1,8,,25043,12,4,,1,9,,25057,12,4,,1,8,,25074,12,4,,1,49,,25087,12,4,,1,8,,24976,12,4,,1,9,,24993,12,4,,1,8,,25010,12,4,,1,9,,25027,12,4,,1,8,,25044,12,4,,1,9,,25058,12,4,,1,8,,25075,12,4,,1,49,,25088,12,4,,1,8,,24977,12,4,,1,9,,24994,12,4,,1,8,,25011,12,4,,1,9,,25028,12,4,,1,8,,25045,12,4,,1,9,,25059,12,4,,1,48,,25076,12,4,,1,9,,25089,12,4,,1,8,,24978,12,4,,1,9,,24995,12,4,,1,8,,25012,12,4,,1,9,,25029,12,4,,1,8,,25046,12,4,,1,48,,25060,12,4,,1,9,,25077,12,4,,1,8,,25090,12,4,,1,9,,24979,12,4,,1,8,,24996,12,4,,1,9,,25013,12,4,,1,8,,25030,12,4,,1,49,,25047,12,4,,1,8,,25061,12,4,,1,9,,25078,12,4,,1,8,,25091,12,4,,1,9,,24980,12,4,,1,10,,24997,12,4,,1,50,,25014,12,4,,1,10,,25031,12,4,,1,10,,25048,12,4,,1,10,,25062,12,4,,1,10,,25092,12,4,,1,10,,24981,12,4,,1,50,,24998,12,4,,1,10,,25015,12,4,,1,10,,25032,12,4,,1,10,,25049,12,4,,1,10,,25063,12,4,,1,10,,25093,12,4,,1,50,,24982,12,4,,1,10,,24999,12,4,,1,10,,25016,12,4,,1,10,,25033,12,4,,1,10,,25050,12,4,,1,10,,25064,12,4,,1,50,,25094,12,4,,1,10,,24983,12,4,,1,10,,25000,12,4,,1,10,,25017,12,4,,1,10,,25034,12,4,,1,10,,25051,12,4,,1,50,,25065,12,4,,1
500,'GLOBAUX-01-I',545,,25095,12,4,,1,10,,25112,12,4,,1,50,,25129,12,4,,1,10,,25146,12,4,,1,10,,25163,12,4,,1,10,,25194,12,4,,1,10,,25207,12,4,,1,10,,25096,12,4,,1,50,,25113,12,4,,1,10,,25130,12,4,,1,10,,25147,12,4,,1,10,,25164,12,4,,1,10,,25195,12,4,,1,10,,25208,12,4,,1,50,,25097,12,4,,1,10,,25114,12,4,,1,10,,25131,12,4,,1,10,,25148,12,4,,1,10,,25165,12,4,,1,10,,25196,12,4,,1,50,,25209,12,4,,1,10,,25098,12,4,,1,10,,25115,12,4,,1,10,,25132,12,4,,1,11,,25149,12,4,,1,8,,25166,12,4,,1,49,,25180,12,4,,1,8,,25197,12,4,,1,9,,25210,12,4,,1,8,,25099,12,4,,1,9,,25116,12,4,,1,8,,25133,12,4,,1,9,,25150,12,4,,1,48,,25167,12,4,,1,9,,25181,12,4,,1,8,,25198,12,4,,1,9,,25211,12,4,,1,8,,25100,12,4,,1,9,,25117,12,4,,1,8,,25134,12,4,,1,49,,25151,12,4,,1,8,,25168,12,4,,1,9,,25182,12,4,,1,8,,25199,12,4,,1,9,,25212,12,4,,1,8,,25101,12,4,,1,9,,25118,12,4,,1,48,,25135,12,4,,1,9,,25152,12,4,,1,8,,25169,12,4,,1,9,,25183,12,4,,1,8,,25200,12,4,,1,9,,25213,12,4,,1,8,,25102,12,4,,1,49,,25119,12,4,,1,8,,25136,12,4,,1,9,,25153,12,4,,1,8,,25170,12,4,,1,9,,25184,12,4,,1,8,,25201,12,4,,1,9,,25214,12,4,,1,48,,25103,12,4,,1,9,,25120,12,4,,1,8,,25137,12,4,,1,9,,25154,12,4,,1,8,,25171,12,4,,1,9,,25185,12,4,,1,8,,25202,12,4,,1,49,,25215,12,4,,1,8,,25104,12,4,,1,9,,25121,12,4,,1,8,,25138,12,4,,1,9,,25155,12,4,,1,8,,25172,12,4,,1,9,,25186,12,4,,1,8,,25203,12,4,,1,49,,25216,12,4,,1,8,,25105,12,4,,1,9,,25122,12,4,,1,8,,25139,12,4,,1,9,,25156,12,4,,1,8,,25173,12,4,,1,9,,25187,12,4,,1,48,,25204,12,4,,1,9,,25217,12,4,,1,8,,25106,12,4,,1,9,,25123,12,4,,1,8,,25140,12,4,,1,9,,25157,12,4,,1,8,,25174,12,4,,1,48,,25188,12,4,,1,9,,25205,12,4,,1,8,,25218,12,4,,1,9,,25107,12,4,,1,8,,25124,12,4,,1,9,,25141,12,4,,1,8,,25158,12,4,,1,49,,25175,12,4,,1,8,,25189,12,4,,1,9,,25206,12,4,,1,8,,25219,12,4,,1,9,,25108,12,4,,1,10,,25125,12,4,,1,50,,25142,12,4,,1,10,,25159,12,4,,1,10,,25176,12,4,,1,10,,25190,12,4,,1,10,,25220,12,4,,1,10,,25109,12,4,,1,50,,25126,12,4,,1,10,,25143,12,4,,1,10,,25160,12,4,,1,10,,25177,12,4,,1,10,,25191,12,4,,1,10,,25221,12,4,,1,50,,25110,12,4,,1,10,,25127,12,4,,1,10,,25144,12,4,,1,10,,25161,12,4,,1,10,,25178,12,4,,1,10,,25192,12,4,,1,50,,25222,12,4,,1,10,,25111,12,4,,1,10,,25128,12,4,,1,10,,25145,12,4,,1,10,,25162,12,4,,1,10,,25179,12,4,,1,50,,25193,12,4,,1
500,'GLOBAUX-01-S',545,,25223,12,4,,1,8,,25235,12,4,,1,48,,25239,12,4,,1,8,,25263,12,4,,1,8,,25301,12,4,,1,6,,25328,12,4,,1,6,,25345,12,4,,1,6,,25348,12,4,,1,5,,25375,12,4,,1,4,,25386,12,4,,1,5,,25389,12,4,,1,4,,25401,12,4,,1,5,,25224,12,4,,1,44,,25236,12,4,,1,5,,25240,12,4,,1,4,,25264,12,4,,1,5,,25281,12,4,,1,4,,25284,12,4,,1,5,,25302,12,4,,1,4,,25309,12,4,,1,5,,25329,12,4,,1,4,,25346,12,4,,1,5,,25349,12,4,,1,4,,25376,12,4,,1,5,,25387,12,4,,1,4,,25390,12,4,,1,45,,25402,12,4,,1,5,,25225,12,4,,1,4,,25237,12,4,,1,4,,25241,12,4,,1,4,,25265,12,4,,1,3,,25282,12,4,,1,4,,25285,12,4,,1,3,,25303,12,4,,1,4,,25304,12,4,,1,3,,25310,12,4,,1,4,,25330,12,4,,1,4,,25347,12,4,,1,3,,25350,12,4,,1,4,,25360,12,4,,1,5,,25377,12,4,,1,4,,25388,12,4,,1,45,,25391,12,4,,1,4,,25403,12,4,,1,5,,25226,12,4,,1,4,,25238,12,4,,1,5,,25242,12,4,,1,4,,25266,12,4,,1,5,,25283,12,4,,1,4,,25286,12,4,,1,5,,25305,12,4,,1,4,,25311,12,4,,1,7,,25331,12,4,,1,7,,25361,12,4,,1,47,,25378,12,4,,1,8,,25404,12,4,,1,7,,25227,12,4,,1,7,,25243,12,4,,1,7,,25267,12,4,,1,8,,25287,12,4,,1,7,,25312,12,4,,1,7,,25332,12,4,,1,47,,25362,12,4,,1,8,,25379,12,4,,1,7,,25405,12,4,,1,7,,25228,12,4,,1,8,,25244,12,4,,1,7,,25268,12,4,,1,7,,25288,12,4,,1,7,,25313,12,4,,1,48,,25333,12,4,,1,7,,25363,12,4,,1,7,,25380,12,4,,1,7,,25406,12,4,,1,8,,25229,12,4,,1,7,,25245,12,4,,1,7,,25269,12,4,,1,7,,25289,12,4,,1,48,,25314,12,4,,1,7,,25334,12,4,,1,7,,25364,12,4,,1,7,,25381,12,4,,1,8,,25407,12,4,,1,7,,25230,12,4,,1,7,,25246,12,4,,1,7,,25270,12,4,,1,8,,25290,12,4,,1,47,,25315,12,4,,1,7,,25335,12,4,,1,7,,25365,12,4,,1,8,,25382,12,4,,1,7,,25408,12,4,,1,7,,25231,12,4,,1,8,,25247,12,4,,1,7,,25271,12,4,,1,47,,25291,12,4,,1,7,,25316,12,4,,1,6,,25336,12,4,,1,6,,25351,12,4,,1,5,,25366,12,4,,1,6,,25383,12,4,,1,5,,25392,12,4,,1,5,,25409,12,4,,1,5,,25232,12,4,,1,4,,25248,12,4,,1,5,,25257,12,4,,1,45,,25272,12,4,,1,5,,25292,12,4,,1,5,,25306,12,4,,1,5,,25317,12,4,,1,5,,25325,12,4,,1,4,,25337,12,4,,1,5,,25352,12,4,,1,5,,25367,12,4,,1,5,,25384,12,4,,1,5,,25393,12,4,,1,5,,25410,12,4,,1,4,,25233,12,4,,1,45,,25249,12,4,,1,5,,25258,12,4,,1,5,,25273,12,4,,1,5,,25293,12,4,,1,4,,25307,12,4,,1,5,,25318,12,4,,1,5,,25326,12,4,,1,5,,25338,12,4,,1,5,,25353,12,4,,1,5,,25368,12,4,,1,4,,25385,12,4,,1,5,,25394,12,4,,1,5,,25411,12,4,,1,45,,25234,12,4,,1,5,,25250,12,4,,1,5,,25259,12,4,,1,5,,25274,12,4,,1,5,,25294,12,4,,1,6,,25308,12,4,,1,5,,25319,12,4,,1,6,,25327,12,4,,1,7,,25339,12,4,,1,6,,25354,12,4,,1,47,,25369,12,4,,1,6,,25395,12,4,,1,7,,25412,12,4,,1,6,,25251,12,4,,1,7,,25260,12,4,,1,6,,25275,12,4,,1,7,,25295,12,4,,1,6,,25320,12,4,,1,7,,25340,12,4,,1,6,,25355,12,4,,1,47,,25370,12,4,,1,6,,25396,12,4,,1,7,,25413,12,4,,1,6,,25252,12,4,,1,7,,25261,12,4,,1,6,,25276,12,4,,1,7,,25296,12,4,,1,6,,25321,12,4,,1,7,,25341,12,4,,1,46,,25356,12,4,,1,7,,25371,12,4,,1,6,,25397,12,4,,1,7,,25414,12,4,,1,6,,25253,12,4,,1,7,,25262,12,4,,1,6,,25277,12,4,,1,7,,25297,12,4,,1,6,,25322,12,4,,1,47,,25342,12,4,,1,6,,25357,12,4,,1,7,,25372,12,4,,1,6,,25398,12,4,,1,7,,25415,12,4,,1,6,,25254,12,4,,1,8,,25278,12,4,,1,8,,25298,12,4,,1,8,,25323,12,4,,1,48,,25343,12,4,,1,8,,25358,12,4,,1,8,,25373,12,4,,1,8,,25399,12,4,,1,8,,25255,12,4,,1,8,,25279,12,4,,1,8,,25299,12,4,,1,48,,25324,12,4,,1,8,,25344,12,4,,1,7,,25359,12,4,,1,8,,25374,12,4,,1,8,,25400,12,4,,1,8,,25256,12,4,,1,10,,25280,12,4,,1,49,,25300,12,4,,1
501,'GLOBAUX-01-A',530,,25484,1,,,1,10,,25513,1,,,1,10,,25531,1,,,1,50,,25416,1,,,1,10,,25433,1,,,1,10,,25450,1,,,1,10,,25467,1,,,1,10,,25485,1,,,1,10,,25514,1,,,1,50,,25532,1,,,1,10,,25417,1,,,1,10,,25434,1,,,1,10,,25451,1,,,1,10,,25468,1,,,1,10,,25486,1,,,1,50,,25515,1,,,1,10,,25533,1,,,1,10,,25418,1,,,1,10,,25435,1,,,1,10,,25452,1,,,1,10,,25469,1,,,1,8,,25487,1,,,1,49,,25502,1,,,1,8,,25516,1,,,1,9,,25534,1,,,1,8,,25419,1,,,1,9,,25436,1,,,1,8,,25453,1,,,1,9,,25470,1,,,1,48,,25488,1,,,1,9,,25503,1,,,1,8,,25517,1,,,1,9,,25535,1,,,1,8,,25420,1,,,1,9,,25437,1,,,1,8,,25454,1,,,1,49,,25471,1,,,1,8,,25489,1,,,1,9,,25504,1,,,1,8,,25518,1,,,1,9,,25536,1,,,1,8,,25421,1,,,1,9,,25438,1,,,1,48,,25455,1,,,1,9,,25472,1,,,1,8,,25490,1,,,1,9,,25505,1,,,1,8,,25519,1,,,1,9,,25537,1,,,1,8,,25422,1,,,1,49,,25439,1,,,1,8,,25456,1,,,1,9,,25473,1,,,1,8,,25491,1,,,1,9,,25506,1,,,1,8,,25520,1,,,1,9,,25538,1,,,1,48,,25423,1,,,1,9,,25440,1,,,1,8,,25457,1,,,1,9,,25474,1,,,1,8,,25492,1,,,1,9,,25507,1,,,1,8,,25521,1,,,1,49,,25539,1,,,1,8,,25424,1,,,1,9,,25441,1,,,1,8,,25458,1,,,1,9,,25475,1,,,1,8,,25493,1,,,1,9,,25508,1,,,1,48,,25522,1,,,1,9,,25540,1,,,1,8,,25425,1,,,1,9,,25442,1,,,1,8,,25459,1,,,1,9,,25476,1,,,1,8,,25494,1,,,1,49,,25509,1,,,1,8,,25523,1,,,1,9,,25541,1,,,1,8,,25426,1,,,1,9,,25443,1,,,1,8,,25460,1,,,1,9,,25477,1,,,1,48,,25495,1,,,1,9,,25510,1,,,1,8,,25524,1,,,1,9,,25542,1,,,1,8,,25427,1,,,1,9,,25444,1,,,1,8,,25461,1,,,1,49,,25478,1,,,1,8,,25496,1,,,1,9,,25511,1,,,1,8,,25525,1,,,1,9,,25543,1,,,1,8,,25428,1,,,1,9,,25445,1,,,1,48,,25462,1,,,1,9,,25479,1,,,1,8,,25497,1,,,1,9,,25512,1,,,1,8,,25526,1,,,1,10,,25544,1,,,1,10,,25429,1,,,1,50,,25446,1,,,1,10,,25463,1,,,1,10,,25480,1,,,1,10,,25498,1,,,1,10,,25527,1,,,1,10,,25545,1,,,1,50,,25430,1,,,1,10,,25447,1,,,1,10,,25464,1,,,1,10,,25481,1,,,1,10,,25499,1,,,1,10,,25528,1,,,1,50,,25546,1,,,1,10,,25431,1,,,1,10,,25448,1,,,1,10,,25465,1,,,1,10,,25482,1,,,1,10,,25500,1,,,1,50,,25529,1,,,1,10,,25547,1,,,1,10,,25432,1,,,1,10,,25449,1,,,1,10,,25466,1,,,1,10,,25483,1,,,1,50,,25501,1,,,1,10,,25530,1,,,1
501,'GLOBAUX-01-F1',530,,25615,1,,,1,10,,25646,1,,,1,10,,25659,1,,,1,50,,25548,1,,,1,10,,25565,1,,,1,10,,25582,1,,,1,10,,25599,1,,,1,10,,25616,1,,,1,10,,25647,1,,,1,50,,25660,1,,,1,10,,25549,1,,,1,10,,25566,1,,,1,10,,25583,1,,,1,10,,25600,1,,,1,10,,25617,1,,,1,50,,25648,1,,,1,10,,25661,1,,,1,10,,25550,1,,,1,10,,25567,1,,,1,10,,25584,1,,,1,10,,25601,1,,,1,8,,25618,1,,,1,49,,25632,1,,,1,8,,25649,1,,,1,9,,25662,1,,,1,8,,25551,1,,,1,9,,25568,1,,,1,8,,25585,1,,,1,9,,25602,1,,,1,48,,25619,1,,,1,9,,25633,1,,,1,8,,25650,1,,,1,9,,25663,1,,,1,8,,25552,1,,,1,9,,25569,1,,,1,8,,25586,1,,,1,49,,25603,1,,,1,8,,25620,1,,,1,9,,25634,1,,,1,8,,25651,1,,,1,9,,25664,1,,,1,8,,25553,1,,,1,9,,25570,1,,,1,48,,25587,1,,,1,9,,25604,1,,,1,8,,25621,1,,,1,9,,25635,1,,,1,8,,25652,1,,,1,9,,25665,1,,,1,8,,25554,1,,,1,49,,25571,1,,,1,8,,25588,1,,,1,9,,25605,1,,,1,8,,25622,1,,,1,9,,25636,1,,,1,8,,25653,1,,,1,9,,25666,1,,,1,48,,25555,1,,,1,9,,25572,1,,,1,8,,25589,1,,,1,9,,25606,1,,,1,8,,25623,1,,,1,9,,25637,1,,,1,8,,25654,1,,,1,49,,25667,1,,,1,8,,25556,1,,,1,9,,25573,1,,,1,8,,25590,1,,,1,9,,25607,1,,,1,8,,25624,1,,,1,9,,25638,1,,,1,48,,25655,1,,,1,9,,25668,1,,,1,8,,25557,1,,,1,9,,25574,1,,,1,8,,25591,1,,,1,9,,25608,1,,,1,8,,25625,1,,,1,49,,25639,1,,,1,8,,25656,1,,,1,9,,25669,1,,,1,8,,25558,1,,,1,9,,25575,1,,,1,8,,25592,1,,,1,9,,25609,1,,,1,48,,25626,1,,,1,9,,25640,1,,,1,8,,25657,1,,,1,9,,25670,1,,,1,8,,25559,1,,,1,9,,25576,1,,,1,8,,25593,1,,,1,49,,25610,1,,,1,8,,25627,1,,,1,9,,25641,1,,,1,8,,25658,1,,,1,9,,25671,1,,,1,9,,25560,1,,,1,10,,25577,1,,,1,50,,25594,1,,,1,10,,25611,1,,,1,10,,25628,1,,,1,10,,25642,1,,,1,10,,25672,1,,,1,10,,25561,1,,,1,50,,25578,1,,,1,10,,25595,1,,,1,10,,25612,1,,,1,10,,25629,1,,,1,10,,25643,1,,,1,10,,25673,1,,,1,50,,25562,1,,,1,10,,25579,1,,,1,10,,25596,1,,,1,10,,25613,1,,,1,10,,25630,1,,,1,10,,25644,1,,,1,50,,25674,1,,,1,10,,25563,1,,,1,10,,25580,1,,,1,10,,25597,1,,,1,10,,25614,1,,,1,10,,25631,1,,,1,50,,25645,1,,,1,10,,25675,1,,,1,10,,25564,1,,,1,10,,25581,1,,,1,10,,25598,1,,,1
501,'GLOBAUX-01-F2',530,,25743,1,,,1,10,,25774,1,,,1,10,,25787,1,,,1,50,,25676,1,,,1,10,,25693,1,,,1,10,,25710,1,,,1,10,,25727,1,,,1,10,,25744,1,,,1,10,,25775,1,,,1,50,,25788,1,,,1,10,,25677,1,,,1,10,,25694,1,,,1,10,,25711,1,,,1,10,,25728,1,,,1,10,,25745,1,,,1,50,,25776,1,,,1,10,,25789,1,,,1,10,,25678,1,,,1,10,,25695,1,,,1,10,,25712,1,,,1,10,,25729,1,,,1,8,,25746,1,,,1,49,,25760,1,,,1,8,,25777,1,,,1,9,,25790,1,,,1,8,,25679,1,,,1,9,,25696,1,,,1,8,,25713,1,,,1,9,,25730,1,,,1,48,,25747,1,,,1,9,,25761,1,,,1,8,,25778,1,,,1,9,,25791,1,,,1,8,,25680,1,,,1,9,,25697,1,,,1,8,,25714,1,,,1,49,,25731,1,,,1,8,,25748,1,,,1,9,,25762,1,,,1,8,,25779,1,,,1,9,,25792,1,,,1,8,,25681,1,,,1,9,,25698,1,,,1,48,,25715,1,,,1,9,,25732,1,,,1,8,,25749,1,,,1,9,,25763,1,,,1,8,,25780,1,,,1,9,,25793,1,,,1,8,,25682,1,,,1,49,,25699,1,,,1,8,,25716,1,,,1,9,,25733,1,,,1,8,,25750,1,,,1,9,,25764,1,,,1,8,,25781,1,,,1,9,,25794,1,,,1,48,,25683,1,,,1,9,,25700,1,,,1,8,,25717,1,,,1,9,,25734,1,,,1,8,,25751,1,,,1,9,,25765,1,,,1,8,,25782,1,,,1,49,,25795,1,,,1,8,,25684,1,,,1,9,,25701,1,,,1,8,,25718,1,,,1,9,,25735,1,,,1,8,,25752,1,,,1,9,,25766,1,,,1,48,,25783,1,,,1,9,,25796,1,,,1,8,,25685,1,,,1,9,,25702,1,,,1,8,,25719,1,,,1,9,,25736,1,,,1,8,,25753,1,,,1,49,,25767,1,,,1,8,,25784,1,,,1,9,,25797,1,,,1,8,,25686,1,,,1,9,,25703,1,,,1,8,,25720,1,,,1,9,,25737,1,,,1,48,,25754,1,,,1,9,,25768,1,,,1,8,,25785,1,,,1,9,,25798,1,,,1,8,,25687,1,,,1,9,,25704,1,,,1,8,,25721,1,,,1,49,,25738,1,,,1,8,,25755,1,,,1,9,,25769,1,,,1,8,,25786,1,,,1,9,,25799,1,,,1,9,,25688,1,,,1,10,,25705,1,,,1,50,,25722,1,,,1,10,,25739,1,,,1,10,,25756,1,,,1,10,,25770,1,,,1,10,,25800,1,,,1,10,,25689,1,,,1,50,,25706,1,,,1,10,,25723,1,,,1,10,,25740,1,,,1,10,,25757,1,,,1,10,,25771,1,,,1,10,,25801,1,,,1,50,,25690,1,,,1,10,,25707,1,,,1,10,,25724,1,,,1,10,,25741,1,,,1,10,,25758,1,,,1,10,,25772,1,,,1,50,,25802,1,,,1,10,,25691,1,,,1,10,,25708,1,,,1,10,,25725,1,,,1,10,,25742,1,,,1,10,,25759,1,,,1,50,,25773,1,,,1,10,,25803,1,,,1,10,,25692,1,,,1,10,,25709,1,,,1,10,,25726,1,,,1
501,'GLOBAUX-01-I',530,,25871,1,,,1,10,,25902,1,,,1,10,,25915,1,,,1,50,,25804,1,,,1,10,,25821,1,,,1,10,,25838,1,,,1,10,,25855,1,,,1,10,,25872,1,,,1,10,,25903,1,,,1,50,,25916,1,,,1,10,,25805,1,,,1,10,,25822,1,,,1,10,,25839,1,,,1,10,,25856,1,,,1,10,,25873,1,,,1,50,,25904,1,,,1,10,,25917,1,,,1,10,,25806,1,,,1,10,,25823,1,,,1,10,,25840,1,,,1,10,,25857,1,,,1,8,,25874,1,,,1,49,,25888,1,,,1,8,,25905,1,,,1,9,,25918,1,,,1,8,,25807,1,,,1,9,,25824,1,,,1,8,,25841,1,,,1,9,,25858,1,,,1,48,,25875,1,,,1,9,,25889,1,,,1,8,,25906,1,,,1,9,,25919,1,,,1,8,,25808,1,,,1,9,,25825,1,,,1,8,,25842,1,,,1,49,,25859,1,,,1,8,,25876,1,,,1,9,,25890,1,,,1,8,,25907,1,,,1,9,,25920,1,,,1,8,,25809,1,,,1,9,,25826,1,,,1,48,,25843,1,,,1,9,,25860,1,,,1,8,,25877,1,,,1,9,,25891,1,,,1,8,,25908,1,,,1,9,,25921,1,,,1,8,,25810,1,,,1,49,,25827,1,,,1,8,,25844,1,,,1,9,,25861,1,,,1,8,,25878,1,,,1,9,,25892,1,,,1,8,,25909,1,,,1,9,,25922,1,,,1,48,,25811,1,,,1,9,,25828,1,,,1,8,,25845,1,,,1,9,,25862,1,,,1,8,,25879,1,,,1,9,,25893,1,,,1,8,,25910,1,,,1,49,,25923,1,,,1,8,,25812,1,,,1,9,,25829,1,,,1,8,,25846,1,,,1,9,,25863,1,,,1,8,,25880,1,,,1,9,,25894,1,,,1,48,,25911,1,,,1,9,,25924,1,,,1,8,,25813,1,,,1,9,,25830,1,,,1,8,,25847,1,,,1,9,,25864,1,,,1,8,,25881,1,,,1,49,,25895,1,,,1,8,,25912,1,,,1,9,,25925,1,,,1,8,,25814,1,,,1,9,,25831,1,,,1,8,,25848,1,,,1,9,,25865,1,,,1,48,,25882,1,,,1,9,,25896,1,,,1,8,,25913,1,,,1,9,,25926,1,,,1,8,,25815,1,,,1,9,,25832,1,,,1,8,,25849,1,,,1,49,,25866,1,,,1,8,,25883,1,,,1,9,,25897,1,,,1,8,,25914,1,,,1,9,,25927,1,,,1,9,,25816,1,,,1,10,,25833,1,,,1,50,,25850,1,,,1,10,,25867,1,,,1,10,,25884,1,,,1,10,,25898,1,,,1,10,,25928,1,,,1,10,,25817,1,,,1,50,,25834,1,,,1,10,,25851,1,,,1,10,,25868,1,,,1,10,,25885,1,,,1,10,,25899,1,,,1,10,,25929,1,,,1,50,,25818,1,,,1,10,,25835,1,,,1,10,,25852,1,,,1,10,,25869,1,,,1,10,,25886,1,,,1,10,,25900,1,,,1,50,,25930,1,,,1,10,,25819,1,,,1,10,,25836,1,,,1,10,,25853,1,,,1,10,,25870,1,,,1,10,,25887,1,,,1,50,,25901,1,,,1,10,,25931,1,,,1,10,,25820,1,,,1,10,,25837,1,,,1,10,,25854,1,,,1
501,'GLOBAUX-01-S',530,,26034,1,,,1,8,,26052,1,,,1,8,,26083,1,,,1,8,,26095,1,,,1,47,,25932,1,,,1,7,,25943,1,,,1,6,,25947,1,,,1,6,,25971,1,,,1,6,,25990,1,,,1,4,,26007,1,,,1,5,,26014,1,,,1,4,,26035,1,,,1,5,,26053,1,,,1,4,,26056,1,,,1,5,,26084,1,,,1,4,,26096,1,,,1,45,,26099,1,,,1,4,,26111,1,,,1,5,,25933,1,,,1,4,,25944,1,,,1,5,,25948,1,,,1,4,,25972,1,,,1,5,,25988,1,,,1,4,,25991,1,,,1,4,,26008,1,,,1,4,,26009,1,,,1,3,,26015,1,,,1,4,,26036,1,,,1,3,,26054,1,,,1,4,,26057,1,,,1,3,,26067,1,,,1,44,,26085,1,,,1,3,,26097,1,,,1,4,,26100,1,,,1,4,,26112,1,,,1,4,,25934,1,,,1,5,,25945,1,,,1,4,,25949,1,,,1,5,,25973,1,,,1,4,,25989,1,,,1,5,,25992,1,,,1,4,,26010,1,,,1,5,,26016,1,,,1,4,,26037,1,,,1,5,,26055,1,,,1,44,,26068,1,,,1,5,,26086,1,,,1,4,,26098,1,,,1,5,,26101,1,,,1,4,,26113,1,,,1,5,,25935,1,,,1,4,,25946,1,,,1,6,,25950,1,,,1,7,,25974,1,,,1,7,,25993,1,,,1,7,,26017,1,,,1,48,,26038,1,,,1,7,,26069,1,,,1,7,,26087,1,,,1,7,,26114,1,,,1,8,,25936,1,,,1,7,,25951,1,,,1,7,,25975,1,,,1,7,,25994,1,,,1,48,,26018,1,,,1,7,,26039,1,,,1,7,,26070,1,,,1,7,,26088,1,,,1,8,,26115,1,,,1,7,,25937,1,,,1,7,,25952,1,,,1,7,,25976,1,,,1,48,,25995,1,,,1,7,,26019,1,,,1,7,,26040,1,,,1,7,,26071,1,,,1,8,,26089,1,,,1,7,,26116,1,,,1,7,,25938,1,,,1,7,,25953,1,,,1,8,,25977,1,,,1,47,,25996,1,,,1,7,,26020,1,,,1,7,,26041,1,,,1,8,,26072,1,,,1,7,,26090,1,,,1,7,,26117,1,,,1,7,,25939,1,,,1,8,,25954,1,,,1,47,,25978,1,,,1,7,,25997,1,,,1,7,,26021,1,,,1,8,,26042,1,,,1,7,,26073,1,,,1,7,,26091,1,,,1,7,,26118,1,,,1,8,,25940,1,,,1,5,,25955,1,,,1,45,,25964,1,,,1,5,,25979,1,,,1,5,,25998,1,,,1,4,,26011,1,,,1,5,,26022,1,,,1,5,,26031,1,,,1,5,,26043,1,,,1,5,,26058,1,,,1,5,,26074,1,,,1,4,,26092,1,,,1,5,,26102,1,,,1,5,,26119,1,,,1,45,,25941,1,,,1,5,,25956,1,,,1,5,,25965,1,,,1,4,,25980,1,,,1,5,,25999,1,,,1,5,,26012,1,,,1,5,,26023,1,,,1,5,,26032,1,,,1,5,,26044,1,,,1,4,,26059,1,,,1,5,,26075,1,,,1,5,,26093,1,,,1,45,,26103,1,,,1,5,,26120,1,,,1,5,,25942,1,,,1,5,,25957,1,,,1,5,,25966,1,,,1,5,,25981,1,,,1,5,,26000,1,,,1,5,,26013,1,,,1,5,,26024,1,,,1,5,,26033,1,,,1,5,,26045,1,,,1,5,,26060,1,,,1,45,,26076,1,,,1,5,,26094,1,,,1,6,,26104,1,,,1,6,,26121,1,,,1,7,,25958,1,,,1,6,,25967,1,,,1,7,,25982,1,,,1,6,,26001,1,,,1,7,,26025,1,,,1,6,,26046,1,,,1,47,,26061,1,,,1,6,,26077,1,,,1,7,,26105,1,,,1,6,,26122,1,,,1,7,,25959,1,,,1,6,,25968,1,,,1,7,,25983,1,,,1,6,,26002,1,,,1,7,,26026,1,,,1,46,,26047,1,,,1,7,,26062,1,,,1,6,,26078,1,,,1,7,,26106,1,,,1,6,,26123,1,,,1,7,,25960,1,,,1,6,,25969,1,,,1,7,,25984,1,,,1,6,,26003,1,,,1,47,,26027,1,,,1,6,,26048,1,,,1,7,,26063,1,,,1,6,,26079,1,,,1,7,,26107,1,,,1,6,,26124,1,,,1,7,,25961,1,,,1,6,,25970,1,,,1,7,,25985,1,,,1,6,,26004,1,,,1,48,,26028,1,,,1,8,,26049,1,,,1,7,,26064,1,,,1,8,,26080,1,,,1,8,,26108,1,,,1,8,,25962,1,,,1,8,,25986,1,,,1,48,,26005,1,,,1,8,,26029,1,,,1,8,,26050,1,,,1,8,,26065,1,,,1,8,,26081,1,,,1,8,,26109,1,,,1,8,,25963,1,,,1,8,,25987,1,,,1,48,,26006,1,,,1,8,,26030,1,,,1,8,,26051,1,,,1,8,,26066,1,,,1,8,,26082,1,,,1,8,,26110,1,,,1
