200,'GLOBAUX-01-A',534,,21847,4,,,1,10,,21851,4,,,1,10,,21872,4,,,1,50,,21881,4,,,1,9,,21890,4,,,1,10,,21905,4,,,1,10,,21919,4,,,1,10,,21927,4,,,1,9,,21933,4,,,1,50,,21941,4,,,1,10,,21952,4,,,1,9,,21960,4,,,1,9,,21811,4,,,1,10,,21825,4,,,1,9,,21839,4,,,1,9,,21848,4,,,1,49,,21852,4,,,1,8,,21860,4,,,1,9,,21873,4,,,1,9,,21882,4,,,1,9,,21891,4,,,1,8,,21898,4,,,1,9,,21906,4,,,1,48,,21913,4,,,1,9,,21920,4,,,1,8,,21934,4,,,1,9,,21942,4,,,1,8,,21953,4,,,1,9,,21961,4,,,1,8,,21812,4,,,1,49,,21826,4,,,1,8,,21840,4,,,1,9,,21849,4,,,1,8,,21853,4,,,1,9,,21861,4,,,1,8,,21874,4,,,1,9,,21883,4,,,1,48,,21892,4,,,1,8,,21899,4,,,1,8,,21907,4,,,1,7,,21914,4,,,1,8,,21921,4,,,1,8,,21935,4,,,1,7,,21943,4,,,1,48,,21954,4,,,1,8,,21962,4,,,1,7,,21813,4,,,1,8,,21819,4,,,1,7,,21827,4,,,1,8,,21841,4,,,1,7,,21850,4,,,1,7,,21854,4,,,1,48,,21862,4,,,1,7,,21866,4,,,1,7,,21875,4,,,1,6,,21884,4,,,1,7,,21893,4,,,1,6,,21900,4,,,1,7,,21908,4,,,1,6,,21915,4,,,1,7,,21922,4,,,1,6,,21928,4,,,1,46,,21936,4,,,1,7,,21944,4,,,1,6,,21947,4,,,1,7,,21955,4,,,1,6,,21963,4,,,1,7,,21814,4,,,1,6,,21820,4,,,1,6,,21828,4,,,1,7,,21833,4,,,1,46,,21842,4,,,1,7,,21855,4,,,1,6,,21863,4,,,1,6,,21867,4,,,1,7,,21876,4,,,1,6,,21885,4,,,1,7,,21894,4,,,1,6,,21901,4,,,1,7,,21909,4,,,1,46,,21916,4,,,1,6,,21923,4,,,1,7,,21929,4,,,1,6,,21937,4,,,1,7,,21945,4,,,1,6,,21948,4,,,1,7,,21956,4,,,1,6,,21964,4,,,1,6,,21815,4,,,1,7,,21821,4,,,1,46,,21829,4,,,1,7,,21834,4,,,1,6,,21843,4,,,1,6,,21856,4,,,1,7,,21864,4,,,1,6,,21868,4,,,1,7,,21877,4,,,1,6,,21886,4,,,1,6,,21895,4,,,1,47,,21902,4,,,1,6,,21910,4,,,1,7,,21917,4,,,1,6,,21924,4,,,1,6,,21930,4,,,1,7,,21938,4,,,1,6,,21946,4,,,1,7,,21949,4,,,1,6,,21957,4,,,1,47,,21965,4,,,1,6,,21816,4,,,1,6,,21822,4,,,1,7,,21830,4,,,1,6,,21835,4,,,1,7,,21844,4,,,1,7,,21857,4,,,1,7,,21865,4,,,1,8,,21869,4,,,1,47,,21878,4,,,1,8,,21887,4,,,1,7,,21896,4,,,1,8,,21903,4,,,1,7,,21911,4,,,1,7,,21918,4,,,1,8,,21925,4,,,1,7,,21931,4,,,1,48,,21939,4,,,1,7,,21950,4,,,1,7,,21958,4,,,1,8,,21817,4,,,1,8,,21823,4,,,1,8,,21831,4,,,1,7,,21836,4,,,1,8,,21845,4,,,1,49,,21858,4,,,1,9,,21870,4,,,1,8,,21879,4,,,1,9,,21888,4,,,1,9,,21897,4,,,1,9,,21904,4,,,1,9,,21912,4,,,1,50,,21926,4,,,1,9,,21932,4,,,1,10,,21940,4,,,1,10,,21951,4,,,1,9,,21959,4,,,1,10,,21818,4,,,1,49,,21832,4,,,1,10,,21837,4,,,1,10,,21846,4,,,1,10,,21859,4,,,1,10,,21871,4,,,1,10,,21880,4,,,1,50,,21889,4,,,1
200,'GLOBAUX-01-F1',534,,22001,4,,,1,10,,22009,4,,,1,9,,22017,4,,,1,49,,22025,4,,,1,9,,22031,4,,,1,10,,22043,4,,,1,9,,22047,4,,,1,9,,22062,4,,,1,9,,22074,4,,,1,10,,22082,4,,,1,49,,22090,4,,,1,9,,22095,4,,,1,9,,21966,4,,,1,10,,21975,4,,,1,9,,21993,4,,,1,9,,22002,4,,,1,49,,22010,4,,,1,10,,22018,4,,,1,9,,22026,4,,,1,9,,22032,4,,,1,9,,22044,4,,,1,9,,22048,4,,,1,9,,22055,4,,,1,49,,22063,4,,,1,8,,22075,4,,,1,9,,22083,4,,,1,8,,22091,4,,,1,9,,22096,4,,,1,8,,21967,4,,,1,9,,21976,4,,,1,49,,21986,4,,,1,8,,21994,4,,,1,9,,22003,4,,,1,8,,22011,4,,,1,9,,22019,4,,,1,9,,22027,4,,,1,8,,22033,4,,,1,49,,22045,4,,,1,8,,22049,4,,,1,9,,22056,4,,,1,8,,22064,4,,,1,9,,22076,4,,,1,9,,22084,4,,,1,8,,22092,4,,,1,49,,22097,4,,,1,8,,21968,4,,,1,9,,21977,4,,,1,8,,21987,4,,,1,7,,21995,4,,,1,8,,22004,4,,,1,8,,22012,4,,,1,48,,22020,4,,,1,8,,22028,4,,,1,8,,22034,4,,,1,8,,22046,4,,,1,8,,22050,4,,,1,8,,22057,4,,,1,8,,22065,4,,,1,8,,22070,4,,,1,47,,22077,4,,,1,7,,22085,4,,,1,6,,22093,4,,,1,7,,22098,4,,,1,7,,22103,4,,,1,7,,21969,4,,,1,7,,21978,4,,,1,7,,21981,4,,,1,6,,21988,4,,,1,47,,21996,4,,,1,7,,22005,4,,,1,7,,22013,4,,,1,7,,22021,4,,,1,7,,22029,4,,,1,6,,22035,4,,,1,7,,22039,4,,,1,7,,22051,4,,,1,47,,22058,4,,,1,7,,22066,4,,,1,7,,22071,4,,,1,7,,22078,4,,,1,6,,22086,4,,,1,7,,22094,4,,,1,7,,22099,4,,,1,7,,22104,4,,,1,7,,21970,4,,,1,47,,21979,4,,,1,6,,21982,4,,,1,7,,21989,4,,,1,7,,21997,4,,,1,7,,22006,4,,,1,8,,22014,4,,,1,7,,22022,4,,,1,7,,22030,4,,,1,48,,22036,4,,,1,7,,22040,4,,,1,7,,22052,4,,,1,8,,22059,4,,,1,7,,22067,4,,,1,7,,22072,4,,,1,8,,22079,4,,,1,7,,22087,4,,,1,8,,22100,4,,,1,48,,22105,4,,,1,8,,21971,4,,,1,8,,21980,4,,,1,8,,21983,4,,,1,7,,21990,4,,,1,8,,21998,4,,,1,8,,22007,4,,,1,48,,22015,4,,,1,8,,22023,4,,,1,8,,22037,4,,,1,8,,22041,4,,,1,8,,22053,4,,,1,8,,22060,4,,,1,8,,22068,4,,,1,8,,22073,4,,,1,48,,22080,4,,,1,8,,22088,4,,,1,9,,22101,4,,,1,8,,22106,4,,,1,9,,21972,4,,,1,8,,21984,4,,,1,9,,21991,4,,,1,49,,21999,4,,,1,9,,22008,4,,,1,9,,22016,4,,,1,10,,22024,4,,,1,10,,22038,4,,,1,10,,22042,4,,,1,50,,22054,4,,,1,10,,22061,4,,,1,10,,22069,4,,,1,10,,22081,4,,,1,10,,22089,4,,,1,10,,22102,4,,,1,50,,22107,4,,,1,10,,21973,4,,,1,10,,21985,4,,,1,10,,22000,4,,,1
200,'GLOBAUX-01-F2',534,,22143,4,,,1,10,,22151,4,,,1,9,,22159,4,,,1,49,,22167,4,,,1,9,,22173,4,,,1,10,,22185,4,,,1,9,,22189,4,,,1,9,,22204,4,,,1,9,,22216,4,,,1,10,,22224,4,,,1,49,,22232,4,,,1,9,,22237,4,,,1,9,,22108,4,,,1,10,,22117,4,,,1,9,,22135,4,,,1,9,,22144,4,,,1,49,,22152,4,,,1,10,,22160,4,,,1,9,,22168,4,,,1,9,,22174,4,,,1,9,,22186,4,,,1,9,,22190,4,,,1,9,,22197,4,,,1,49,,22205,4,,,1,8,,22217,4,,,1,9,,22225,4,,,1,8,,22233,4,,,1,9,,22238,4,,,1,8,,22109,4,,,1,9,,22118,4,,,1,49,,22128,4,,,1,8,,22136,4,,,1,9,,22145,4,,,1,8,,22153,4,,,1,9,,22161,4,,,1,9,,22169,4,,,1,8,,22175,4,,,1,49,,22187,4,,,1,8,,22191,4,,,1,9,,22198,4,,,1,8,,22206,4,,,1,9,,22218,4,,,1,9,,22226,4,,,1,8,,22234,4,,,1,49,,22239,4,,,1,8,,22110,4,,,1,9,,22119,4,,,1,8,,22129,4,,,1,7,,22137,4,,,1,8,,22146,4,,,1,8,,22154,4,,,1,48,,22162,4,,,1,8,,22170,4,,,1,8,,22176,4,,,1,8,,22188,4,,,1,8,,22192,4,,,1,8,,22199,4,,,1,8,,22207,4,,,1,8,,22212,4,,,1,47,,22219,4,,,1,7,,22227,4,,,1,6,,22235,4,,,1,7,,22240,4,,,1,7,,22245,4,,,1,7,,22111,4,,,1,7,,22120,4,,,1,7,,22123,4,,,1,6,,22130,4,,,1,47,,22138,4,,,1,7,,22147,4,,,1,7,,22155,4,,,1,7,,22163,4,,,1,7,,22171,4,,,1,6,,22177,4,,,1,7,,22181,4,,,1,7,,22193,4,,,1,47,,22200,4,,,1,7,,22208,4,,,1,7,,22213,4,,,1,7,,22220,4,,,1,6,,22228,4,,,1,7,,22236,4,,,1,7,,22241,4,,,1,7,,22246,4,,,1,7,,22112,4,,,1,47,,22121,4,,,1,6,,22124,4,,,1,7,,22131,4,,,1,7,,22139,4,,,1,7,,22148,4,,,1,8,,22156,4,,,1,7,,22164,4,,,1,7,,22172,4,,,1,48,,22178,4,,,1,7,,22182,4,,,1,7,,22194,4,,,1,8,,22201,4,,,1,7,,22209,4,,,1,7,,22214,4,,,1,8,,22221,4,,,1,7,,22229,4,,,1,8,,22242,4,,,1,48,,22247,4,,,1,8,,22113,4,,,1,8,,22122,4,,,1,8,,22125,4,,,1,7,,22132,4,,,1,8,,22140,4,,,1,8,,22149,4,,,1,48,,22157,4,,,1,8,,22165,4,,,1,8,,22179,4,,,1,8,,22183,4,,,1,8,,22195,4,,,1,8,,22202,4,,,1,8,,22210,4,,,1,8,,22215,4,,,1,48,,22222,4,,,1,8,,22230,4,,,1,9,,22243,4,,,1,8,,22248,4,,,1,9,,22114,4,,,1,8,,22126,4,,,1,9,,22133,4,,,1,49,,22141,4,,,1,9,,22150,4,,,1,9,,22158,4,,,1,10,,22166,4,,,1,10,,22180,4,,,1,10,,22184,4,,,1,50,,22196,4,,,1,10,,22203,4,,,1,10,,22211,4,,,1,10,,22223,4,,,1,10,,22231,4,,,1,10,,22244,4,,,1,50,,22249,4,,,1,10,,22115,4,,,1,10,,22127,4,,,1,10,,22142,4,,,1
200,'GLOBAUX-01-I',534,,22285,4,,,1,10,,22293,4,,,1,9,,22301,4,,,1,49,,22309,4,,,1,9,,22315,4,,,1,10,,22327,4,,,1,9,,22331,4,,,1,9,,22346,4,,,1,9,,22358,4,,,1,10,,22366,4,,,1,49,,22374,4,,,1,9,,22379,4,,,1,9,,22250,4,,,1,10,,22259,4,,,1,9,,22277,4,,,1,9,,22286,4,,,1,49,,22294,4,,,1,10,,22302,4,,,1,9,,22310,4,,,1,9,,22316,4,,,1,9,,22328,4,,,1,9,,22332,4,,,1,9,,22339,4,,,1,49,,22347,4,,,1,8,,22359,4,,,1,9,,22367,4,,,1,8,,22375,4,,,1,9,,22380,4,,,1,8,,22251,4,,,1,9,,22260,4,,,1,49,,22270,4,,,1,8,,22278,4,,,1,9,,22287,4,,,1,8,,22295,4,,,1,9,,22303,4,,,1,9,,22311,4,,,1,8,,22317,4,,,1,49,,22329,4,,,1,8,,22333,4,,,1,9,,22340,4,,,1,8,,22348,4,,,1,9,,22360,4,,,1,9,,22368,4,,,1,8,,22376,4,,,1,49,,22381,4,,,1,8,,22252,4,,,1,9,,22261,4,,,1,8,,22271,4,,,1,7,,22279,4,,,1,8,,22288,4,,,1,8,,22296,4,,,1,48,,22304,4,,,1,8,,22312,4,,,1,8,,22318,4,,,1,8,,22330,4,,,1,8,,22334,4,,,1,8,,22341,4,,,1,8,,22349,4,,,1,8,,22354,4,,,1,47,,22361,4,,,1,7,,22369,4,,,1,6,,22377,4,,,1,7,,22382,4,,,1,7,,22387,4,,,1,7,,22253,4,,,1,7,,22262,4,,,1,7,,22265,4,,,1,6,,22272,4,,,1,47,,22280,4,,,1,7,,22289,4,,,1,7,,22297,4,,,1,7,,22305,4,,,1,7,,22313,4,,,1,6,,22319,4,,,1,7,,22323,4,,,1,7,,22335,4,,,1,47,,22342,4,,,1,7,,22350,4,,,1,7,,22355,4,,,1,7,,22362,4,,,1,6,,22370,4,,,1,7,,22378,4,,,1,7,,22383,4,,,1,7,,22388,4,,,1,7,,22254,4,,,1,47,,22263,4,,,1,6,,22266,4,,,1,7,,22273,4,,,1,7,,22281,4,,,1,7,,22290,4,,,1,8,,22298,4,,,1,7,,22306,4,,,1,7,,22314,4,,,1,48,,22320,4,,,1,7,,22324,4,,,1,7,,22336,4,,,1,8,,22343,4,,,1,7,,22351,4,,,1,7,,22356,4,,,1,8,,22363,4,,,1,7,,22371,4,,,1,8,,22384,4,,,1,48,,22389,4,,,1,8,,22255,4,,,1,8,,22264,4,,,1,8,,22267,4,,,1,7,,22274,4,,,1,8,,22282,4,,,1,8,,22291,4,,,1,48,,22299,4,,,1,8,,22307,4,,,1,8,,22321,4,,,1,8,,22325,4,,,1,8,,22337,4,,,1,8,,22344,4,,,1,8,,22352,4,,,1,8,,22357,4,,,1,48,,22364,4,,,1,8,,22372,4,,,1,9,,22385,4,,,1,8,,22390,4,,,1,9,,22256,4,,,1,8,,22268,4,,,1,9,,22275,4,,,1,49,,22283,4,,,1,9,,22292,4,,,1,9,,22300,4,,,1,10,,22308,4,,,1,10,,22322,4,,,1,10,,22326,4,,,1,50,,22338,4,,,1,10,,22345,4,,,1,10,,22353,4,,,1,10,,22365,4,,,1,10,,22373,4,,,1,10,,22386,4,,,1,50,,22391,4,,,1,10,,22257,4,,,1,10,,22269,4,,,1,10,,22284,4,,,1
200,'GLOBAUX-01-S',534,,22463,4,,,1,6,,22473,4,,,1,6,,22483,4,,,1,6,,22498,4,,,1,6,,22509,4,,,1,46,,22518,4,,,1,6,,22532,4,,,1,6,,22534,4,,,1,5,,22554,4,,,1,5,,22571,4,,,1,5,,22573,4,,,1,5,,22580,4,,,1,5,,22582,4,,,1,4,,22594,4,,,1,4,,22600,4,,,1,4,,22606,4,,,1,4,,22607,4,,,1,44,,22613,4,,,1,3,,22622,4,,,1,4,,22392,4,,,1,3,,22393,4,,,1,3,,22403,4,,,1,4,,22411,4,,,1,3,,22412,4,,,1,4,,22421,4,,,1,3,,22423,4,,,1,4,,22428,4,,,1,3,,22436,4,,,1,3,,22444,4,,,1,3,,22456,4,,,1,4,,22461,4,,,1,3,,22462,4,,,1,3,,22464,4,,,1,3,,22474,4,,,1,4,,22484,4,,,1,43,,22492,4,,,1,3,,22494,4,,,1,3,,22499,4,,,1,4,,22504,4,,,1,3,,22510,4,,,1,3,,22515,4,,,1,3,,22519,4,,,1,4,,22527,4,,,1,3,,22533,4,,,1,3,,22535,4,,,1,3,,22540,4,,,1,4,,22555,4,,,1,3,,22564,4,,,1,3,,22572,4,,,1,4,,22574,4,,,1,4,,22575,4,,,1,3,,22583,4,,,1,4,,22590,4,,,1,44,,22595,4,,,1,4,,22601,4,,,1,3,,22608,4,,,1,4,,22614,4,,,1,4,,22623,4,,,1,4,,22630,4,,,1,4,,22394,4,,,1,4,,22404,4,,,1,4,,22413,4,,,1,4,,22420,4,,,1,4,,22424,4,,,1,5,,22437,4,,,1,5,,22445,4,,,1,5,,22457,4,,,1,46,,22465,4,,,1,6,,22475,4,,,1,6,,22485,4,,,1,6,,22495,4,,,1,6,,22505,4,,,1,6,,22511,4,,,1,6,,22520,4,,,1,6,,22528,4,,,1,6,,22541,4,,,1,6,,22556,4,,,1,46,,22565,4,,,1,6,,22576,4,,,1,6,,22584,4,,,1,6,,22596,4,,,1,6,,22602,4,,,1,6,,22615,4,,,1,6,,22624,4,,,1,6,,22395,4,,,1,6,,22405,4,,,1,6,,22414,4,,,1,46,,22425,4,,,1,6,,22438,4,,,1,6,,22446,4,,,1,6,,22458,4,,,1,6,,22466,4,,,1,6,,22476,4,,,1,6,,22486,4,,,1,6,,22496,4,,,1,6,,22506,4,,,1,6,,22512,4,,,1,46,,22521,4,,,1,6,,22529,4,,,1,6,,22542,4,,,1,6,,22557,4,,,1,6,,22566,4,,,1,6,,22577,4,,,1,6,,22585,4,,,1,6,,22597,4,,,1,6,,22603,4,,,1,6,,22616,4,,,1,46,,22625,4,,,1,6,,22396,4,,,1,6,,22406,4,,,1,6,,22415,4,,,1,6,,22426,4,,,1,6,,22439,4,,,1,6,,22447,4,,,1,6,,22459,4,,,1,6,,22467,4,,,1,5,,22477,4,,,1,45,,22487,4,,,1,5,,22497,4,,,1,4,,22500,4,,,1,5,,22507,4,,,1,4,,22513,4,,,1,5,,22516,4,,,1,4,,22522,4,,,1,3,,22530,4,,,1,4,,22536,4,,,1,3,,22543,4,,,1,4,,22547,4,,,1,3,,22558,4,,,1,3,,22562,4,,,1,3,,22567,4,,,1,3,,22578,4,,,1,3,,22581,4,,,1,3,,22586,4,,,1,43,,22591,4,,,1,3,,22598,4,,,1,2,,22604,4,,,1,3,,22609,4,,,1,3,,22617,4,,,1,3,,22618,4,,,1,3,,22626,4,,,1,3,,22397,4,,,1,3,,22398,4,,,1,3,,22399,4,,,1,3,,22400,4,,,1,3,,22407,4,,,1,3,,22416,4,,,1,3,,22422,4,,,1,2,,22427,4,0,5,1,3,,22429,4,,,1,3,,22433,4,,,1,3,,22440,4,,,1,3,,22448,4,0,5,1,3,,22449,4,,,1,43,,22453,4,,,1,3,,22460,4,,,1,3,,22468,4,0,5,1,3,,22469,4,,,1,3,,22478,4,,,1,3,,22482,4,0,5,1,2,,22488,4,,,1,3,,22493,4,0,5,1,3,,22501,4,,,1,4,,22508,4,,,1,3,,22514,4,,,1,3,,22517,4,,,1,4,,22523,4,,,1,3,,22531,4,,,1,3,,22537,4,,,1,4,,22544,4,,,1,3,,22548,4,,,1,4,,22551,4,,,1,4,,22559,4,,,1,44,,22563,4,,,1,4,,22568,4,,,1,4,,22579,4,,,1,4,,22587,4,,,1,4,,22592,4,,,1,4,,22599,4,,,1,4,,22605,4,,,1,3,,22610,4,,,1,5,,22619,4,,,1,5,,22627,4,,,1,5,,22401,4,,,1,5,,22408,4,,,1,5,,22417,4,,,1,5,,22430,4,,,1,46,,22434,4,,,1,6,,22441,4,,,1,6,,22450,4,,,1,6,,22454,4,,,1,6,,22470,4,,,1,6,,22479,4,,,1,6,,22489,4,,,1,6,,22502,4,,,1,6,,22524,4,,,1,6,,22538,4,,,1,46,,22545,4,,,1,6,,22549,4,,,1,6,,22552,4,,,1,6,,22560,4,,,1,6,,22569,4,,,1,6,,22588,4,,,1,6,,22593,4,,,1,6,,22611,4,,,1,6,,22620,4,,,1,6,,22628,4,,,1,46,,22402,4,,,1,6,,22409,4,,,1,6,,22418,4,,,1,6,,22431,4,,,1,6,,22435,4,,,1,6,,22442,4,,,1,6,,22451,4,,,1,6,,22455,4,,,1,6,,22471,4,,,1,6,,22480,4,,,1,45,,22490,4,,,1,6,,22503,4,,,1,6,,22525,4,,,1,7,,22539,4,,,1,6,,22546,4,,,1,5,,22550,4,,,1,7,,22553,4,,,1,7,,22561,4,,,1,7,,22570,4,,,1,47,,22589,4,,,1,7,,22612,4,,,1,7,,22621,4,,,1,7,,22629,4,,,1,7,,22410,4,,,1,8,,22419,4,,,1,8,,22432,4,,,1,8,,22443,4,,,1,48,,22452,4,,,1,8,,22472,4,,,1,8,,22481,4,,,1,8,,22491,4,,,1,8,,22526,4,,,1
201,'GLOBAUX-01-A',605,,22741,28,,,1,10,,22748,28,,,1,10,,22757,28,,,1,9,,22769,28,,,1,10,,22778,28,,,1,10,,22631,28,,,1,50,,22645,28,,,1,10,,22658,28,,,1,9,,22666,28,,,1,10,,22669,28,,,1,10,,22688,28,,,1,10,,22696,28,,,1,49,,22704,28,,,1,9,,22712,28,,,1,10,,22719,28,,,1,9,,22727,28,,,1,9,,22733,28,,,1,9,,22749,28,,,1,8,,22758,28,,,1,49,,22770,28,,,1,9,,22779,28,,,1,9,,22632,28,,,1,8,,22646,28,,,1,9,,22659,28,,,1,8,,22667,28,,,1,9,,22670,28,,,1,48,,22677,28,,,1,9,,22689,28,,,1,9,,22697,28,,,1,9,,22705,28,,,1,8,,22713,28,,,1,9,,22720,28,,,1,9,,22728,28,,,1,49,,22734,28,,,1,7,,22750,28,,,1,8,,22759,28,,,1,8,,22771,28,,,1,7,,22780,28,,,1,8,,22633,28,,,1,7,,22640,28,,,1,48,,22647,28,,,1,7,,22660,28,,,1,7,,22668,28,,,1,7,,22671,28,,,1,7,,22678,28,,,1,7,,22682,28,,,1,7,,22690,28,,,1,7,,22698,28,,,1,7,,22706,28,,,1,47,,22714,28,,,1,6,,22721,28,,,1,7,,22729,28,,,1,6,,22735,28,,,1,7,,22742,28,,,1,6,,22751,28,,,1,7,,22760,28,,,1,6,,22763,28,,,1,6,,22772,28,,,1,47,,22781,28,,,1,6,,22634,28,,,1,7,,22641,28,,,1,6,,22648,28,,,1,7,,22653,28,,,1,6,,22661,28,,,1,7,,22672,28,,,1,6,,22679,28,,,1,7,,22683,28,,,1,6,,22691,28,,,1,46,,22699,28,,,1,7,,22707,28,,,1,6,,22715,28,,,1,7,,22722,28,,,1,6,,22730,28,,,1,6,,22736,28,,,1,7,,22743,28,,,1,6,,22752,28,,,1,7,,22761,28,,,1,46,,22764,28,,,1,7,,22773,28,,,1,6,,22782,28,,,1,6,,22635,28,,,1,7,,22642,28,,,1,6,,22649,28,,,1,7,,22654,28,,,1,6,,22662,28,,,1,7,,22673,28,,,1,46,,22680,28,,,1,6,,22684,28,,,1,7,,22692,28,,,1,6,,22700,28,,,1,7,,22708,28,,,1,6,,22716,28,,,1,6,,22723,28,,,1,7,,22731,28,,,1,6,,22737,28,,,1,7,,22744,28,,,1,46,,22753,28,,,1,6,,22762,28,,,1,7,,22765,28,,,1,6,,22774,28,,,1,6,,22783,28,,,1,7,,22636,28,,,1,6,,22643,28,,,1,7,,22650,28,,,1,6,,22655,28,,,1,46,,22663,28,,,1,7,,22674,28,,,1,6,,22681,28,,,1,7,,22685,28,,,1,8,,22693,28,,,1,7,,22701,28,,,1,7,,22709,28,,,1,7,,22717,28,,,1,8,,22724,28,,,1,47,,22732,28,,,1,7,,22738,28,,,1,8,,22745,28,,,1,7,,22754,28,,,1,8,,22766,28,,,1,7,,22775,28,,,1,8,,22637,28,,,1,8,,22644,28,,,1,48,,22651,28,,,1,7,,22656,28,,,1,8,,22664,28,,,1,8,,22675,28,,,1,8,,22686,28,,,1,8,,22694,28,,,1,9,,22702,28,,,1,48,,22710,28,,,1,8,,22718,28,,,1,10,,22725,28,,,1,9,,22739,28,,,1,10,,22746,28,,,1,9,,22755,28,,,1,9,,22767,28,,,1,50,,22776,28,,,1,9,,22638,28,,,1,10,,22652,28,,,1,9,,22657,28,,,1,10,,22665,28,,,1,9,,22676,28,,,1,50,,22687,28,,,1,10,,22695,28,,,1,10,,22703,28,,,1,9,,22711,28,,,1,10,,22726,28,,,1,10,,22740,28,,,1,50,,22747,28,,,1,10,,22756,28,,,1,10,,22768,28,,,1,10,,22777,28,,,1,14,,22639,28,,,1
201,'GLOBAUX-01-F1',605,,22877,28,,,1,9,,22890,28,,,1,10,,22898,28,,,1,9,,22906,28,,,1,9,,22911,28,,,1,10,,22784,28,,,1,49,,22792,28,,,1,9,,22809,28,,,1,10,,22817,28,,,1,9,,22825,28,,,1,9,,22833,28,,,1,10,,22841,28,,,1,9,,22846,28,,,1,50,,22859,28,,,1,9,,22862,28,,,1,9,,22878,28,,,1,10,,22891,28,,,1,9,,22899,28,,,1,10,,22907,28,,,1,49,,22912,28,,,1,9,,22785,28,,,1,9,,22793,28,,,1,9,,22803,28,,,1,9,,22810,28,,,1,8,,22818,28,,,1,9,,22826,28,,,1,49,,22834,28,,,1,9,,22842,28,,,1,8,,22847,28,,,1,9,,22860,28,,,1,8,,22863,28,,,1,9,,22870,28,,,1,9,,22879,28,,,1,48,,22892,28,,,1,9,,22900,28,,,1,8,,22908,28,,,1,9,,22913,28,,,1,9,,22786,28,,,1,8,,22794,28,,,1,9,,22804,28,,,1,49,,22811,28,,,1,8,,22819,28,,,1,9,,22827,28,,,1,9,,22835,28,,,1,8,,22843,28,,,1,7,,22848,28,,,1,8,,22861,28,,,1,48,,22864,28,,,1,8,,22871,28,,,1,8,,22880,28,,,1,7,,22886,28,,,1,7,,22893,28,,,1,7,,22901,28,,,1,7,,22909,28,,,1,6,,22914,28,,,1,47,,22919,28,,,1,7,,22787,28,,,1,7,,22795,28,,,1,7,,22798,28,,,1,7,,22805,28,,,1,6,,22812,28,,,1,7,,22820,28,,,1,7,,22828,28,,,1,7,,22836,28,,,1,47,,22844,28,,,1,7,,22849,28,,,1,7,,22854,28,,,1,6,,22865,28,,,1,7,,22872,28,,,1,7,,22881,28,,,1,7,,22887,28,,,1,7,,22894,28,,,1,7,,22902,28,,,1,47,,22910,28,,,1,7,,22915,28,,,1,6,,22920,28,,,1,7,,22788,28,,,1,7,,22796,28,,,1,7,,22799,28,,,1,7,,22806,28,,,1,7,,22813,28,,,1,48,,22821,28,,,1,7,,22829,28,,,1,7,,22837,28,,,1,8,,22845,28,,,1,7,,22850,28,,,1,7,,22855,28,,,1,8,,22866,28,,,1,7,,22873,28,,,1,7,,22882,28,,,1,48,,22888,28,,,1,7,,22895,28,,,1,8,,22903,28,,,1,7,,22916,28,,,1,8,,22921,28,,,1,7,,22789,28,,,1,8,,22797,28,,,1,8,,22800,28,,,1,48,,22807,28,,,1,7,,22814,28,,,1,8,,22822,28,,,1,8,,22830,28,,,1,8,,22838,28,,,1,7,,22851,28,,,1,8,,22856,28,,,1,48,,22867,28,,,1,8,,22874,28,,,1,8,,22883,28,,,1,8,,22889,28,,,1,8,,22896,28,,,1,8,,22904,28,,,1,9,,22917,28,,,1,8,,22922,28,,,1,49,,22790,28,,,1,8,,22801,28,,,1,9,,22808,28,,,1,8,,22815,28,,,1,9,,22823,28,,,1,9,,22831,28,,,1,8,,22839,28,,,1,49,,22852,28,,,1,9,,22857,28,,,1,9,,22868,28,,,1,10,,22875,28,,,1,10,,22884,28,,,1,10,,22897,28,,,1,50,,22905,28,,,1,10,,22918,28,,,1,10,,22923,28,,,1,10,,22791,28,,,1,10,,22802,28,,,1,10,,22816,28,,,1,50,,22824,28,,,1,10,,22832,28,,,1,10,,22840,28,,,1,10,,22853,28,,,1,10,,22858,28,,,1,10,,22869,28,,,1,50,,22876,28,,,1,13,,22885,28,,,1
201,'GLOBAUX-01-F2',605,,23017,28,,,1,9,,23030,28,,,1,10,,23038,28,,,1,9,,23046,28,,,1,9,,23051,28,,,1,10,,22924,28,,,1,49,,22932,28,,,1,9,,22949,28,,,1,10,,22957,28,,,1,9,,22965,28,,,1,9,,22973,28,,,1,10,,22981,28,,,1,9,,22986,28,,,1,50,,22999,28,,,1,9,,23002,28,,,1,9,,23018,28,,,1,10,,23031,28,,,1,9,,23039,28,,,1,10,,23047,28,,,1,49,,23052,28,,,1,9,,22925,28,,,1,9,,22933,28,,,1,9,,22943,28,,,1,9,,22950,28,,,1,8,,22958,28,,,1,9,,22966,28,,,1,49,,22974,28,,,1,9,,22982,28,,,1,8,,22987,28,,,1,9,,23000,28,,,1,8,,23003,28,,,1,9,,23010,28,,,1,9,,23019,28,,,1,48,,23032,28,,,1,9,,23040,28,,,1,8,,23048,28,,,1,9,,23053,28,,,1,9,,22926,28,,,1,8,,22934,28,,,1,9,,22944,28,,,1,49,,22951,28,,,1,8,,22959,28,,,1,9,,22967,28,,,1,9,,22975,28,,,1,8,,22983,28,,,1,7,,22988,28,,,1,8,,23001,28,,,1,48,,23004,28,,,1,8,,23011,28,,,1,8,,23020,28,,,1,7,,23026,28,,,1,7,,23033,28,,,1,7,,23041,28,,,1,7,,23049,28,,,1,6,,23054,28,,,1,47,,23059,28,,,1,7,,22927,28,,,1,7,,22935,28,,,1,7,,22938,28,,,1,7,,22945,28,,,1,6,,22952,28,,,1,7,,22960,28,,,1,7,,22968,28,,,1,7,,22976,28,,,1,47,,22984,28,,,1,7,,22989,28,,,1,7,,22994,28,,,1,6,,23005,28,,,1,7,,23012,28,,,1,7,,23021,28,,,1,7,,23027,28,,,1,7,,23034,28,,,1,7,,23042,28,,,1,47,,23050,28,,,1,7,,23055,28,,,1,6,,23060,28,,,1,7,,22928,28,,,1,7,,22936,28,,,1,7,,22939,28,,,1,7,,22946,28,,,1,7,,22953,28,,,1,48,,22961,28,,,1,7,,22969,28,,,1,7,,22977,28,,,1,8,,22985,28,,,1,7,,22990,28,,,1,7,,22995,28,,,1,8,,23006,28,,,1,7,,23013,28,,,1,7,,23022,28,,,1,48,,23028,28,,,1,7,,23035,28,,,1,8,,23043,28,,,1,7,,23056,28,,,1,8,,23061,28,,,1,7,,22929,28,,,1,8,,22937,28,,,1,8,,22940,28,,,1,48,,22947,28,,,1,7,,22954,28,,,1,8,,22962,28,,,1,8,,22970,28,,,1,8,,22978,28,,,1,7,,22991,28,,,1,8,,22996,28,,,1,48,,23007,28,,,1,8,,23014,28,,,1,8,,23023,28,,,1,8,,23029,28,,,1,8,,23036,28,,,1,8,,23044,28,,,1,9,,23057,28,,,1,8,,23062,28,,,1,49,,22930,28,,,1,8,,22941,28,,,1,9,,22948,28,,,1,8,,22955,28,,,1,9,,22963,28,,,1,9,,22971,28,,,1,8,,22979,28,,,1,49,,22992,28,,,1,9,,22997,28,,,1,9,,23008,28,,,1,10,,23015,28,,,1,10,,23024,28,,,1,10,,23037,28,,,1,50,,23045,28,,,1,10,,23058,28,,,1,10,,23063,28,,,1,10,,22931,28,,,1,10,,22942,28,,,1,10,,22956,28,,,1,50,,22964,28,,,1,10,,22972,28,,,1,10,,22980,28,,,1,10,,22993,28,,,1,10,,22998,28,,,1,10,,23009,28,,,1,50,,23016,28,,,1,13,,23025,28,,,1
201,'GLOBAUX-01-I',605,,23157,28,,,1,9,,23170,28,,,1,10,,23178,28,,,1,9,,23186,28,,,1,9,,23191,28,,,1,10,,23064,28,,,1,49,,23072,28,,,1,9,,23089,28,,,1,10,,23097,28,,,1,9,,23105,28,,,1,9,,23113,28,,,1,10,,23121,28,,,1,9,,23126,28,,,1,50,,23139,28,,,1,9,,23142,28,,,1,9,,23158,28,,,1,10,,23171,28,,,1,9,,23179,28,,,1,10,,23187,28,,,1,49,,23192,28,,,1,9,,23065,28,,,1,9,,23073,28,,,1,9,,23083,28,,,1,9,,23090,28,,,1,8,,23098,28,,,1,9,,23106,28,,,1,49,,23114,28,,,1,9,,23122,28,,,1,8,,23127,28,,,1,9,,23140,28,,,1,8,,23143,28,,,1,9,,23150,28,,,1,9,,23159,28,,,1,48,,23172,28,,,1,9,,23180,28,,,1,8,,23188,28,,,1,9,,23193,28,,,1,9,,23066,28,,,1,8,,23074,28,,,1,9,,23084,28,,,1,49,,23091,28,,,1,8,,23099,28,,,1,9,,23107,28,,,1,9,,23115,28,,,1,8,,23123,28,,,1,7,,23128,28,,,1,8,,23141,28,,,1,48,,23144,28,,,1,8,,23151,28,,,1,8,,23160,28,,,1,7,,23166,28,,,1,7,,23173,28,,,1,7,,23181,28,,,1,7,,23189,28,,,1,6,,23194,28,,,1,47,,23199,28,,,1,7,,23067,28,,,1,7,,23075,28,,,1,7,,23078,28,,,1,7,,23085,28,,,1,6,,23092,28,,,1,7,,23100,28,,,1,7,,23108,28,,,1,7,,23116,28,,,1,47,,23124,28,,,1,7,,23129,28,,,1,7,,23134,28,,,1,6,,23145,28,,,1,7,,23152,28,,,1,7,,23161,28,,,1,7,,23167,28,,,1,7,,23174,28,,,1,7,,23182,28,,,1,47,,23190,28,,,1,7,,23195,28,,,1,6,,23200,28,,,1,7,,23068,28,,,1,7,,23076,28,,,1,7,,23079,28,,,1,7,,23086,28,,,1,7,,23093,28,,,1,48,,23101,28,,,1,7,,23109,28,,,1,7,,23117,28,,,1,8,,23125,28,,,1,7,,23130,28,,,1,7,,23135,28,,,1,8,,23146,28,,,1,7,,23153,28,,,1,7,,23162,28,,,1,48,,23168,28,,,1,7,,23175,28,,,1,8,,23183,28,,,1,7,,23196,28,,,1,8,,23201,28,,,1,7,,23069,28,,,1,8,,23077,28,,,1,8,,23080,28,,,1,48,,23087,28,,,1,7,,23094,28,,,1,8,,23102,28,,,1,8,,23110,28,,,1,8,,23118,28,,,1,7,,23131,28,,,1,8,,23136,28,,,1,48,,23147,28,,,1,8,,23154,28,,,1,8,,23163,28,,,1,8,,23169,28,,,1,8,,23176,28,,,1,8,,23184,28,,,1,9,,23197,28,,,1,8,,23202,28,,,1,49,,23070,28,,,1,8,,23081,28,,,1,9,,23088,28,,,1,8,,23095,28,,,1,9,,23103,28,,,1,9,,23111,28,,,1,8,,23119,28,,,1,49,,23132,28,,,1,9,,23137,28,,,1,9,,23148,28,,,1,10,,23155,28,,,1,10,,23164,28,,,1,10,,23177,28,,,1,50,,23185,28,,,1,10,,23198,28,,,1,10,,23203,28,,,1,10,,23071,28,,,1,10,,23082,28,,,1,10,,23096,28,,,1,50,,23104,28,,,1,10,,23112,28,,,1,10,,23120,28,,,1,10,,23133,28,,,1,10,,23138,28,,,1,10,,23149,28,,,1,50,,23156,28,,,1,13,,23165,28,,,1
201,'GLOBAUX-01-S',604,,23391,28,,,1,6,,23405,28,,,1,6,,23411,28,,,1,6,,23418,28,,,1,6,,23424,28,,,1,6,,23204,28,,,1,6,,23206,28,,,1,6,,23224,28,,,1,6,,23226,28,,,1,5,,23238,28,,,1,45,,23243,28,,,1,5,,23251,28,,,1,6,,23276,28,,,1,4,,23277,28,,,1,4,,23279,28,,,1,4,,23288,28,,,1,4,,23297,28,,,1,4,,23305,28,,,1,3,,23308,28,,,1,4,,23313,28,,,1,4,,23322,28,,,1,3,,23327,28,,,1,3,,23331,28,,,1,3,,23339,28,,,1,3,,23344,28,,,1,3,,23346,28,,,1,43,,23351,28,,,1,3,,23366,28,,,1,4,,23375,25,,,1,2,,23383,28,,,1,3,,23384,28,,,1,3,,23385,25,,,1,3,,23390,28,,,1,3,,23392,28,,,1,3,,23394,28,,,1,3,,23401,25,,,1,3,,23406,28,,,1,3,,23412,28,,,1,3,,23417,28,,,1,3,,23419,28,,,1,3,,23425,28,,,1,3,,23434,28,,,1,2,,23442,25,,,1,3,,23205,28,,,1,3,,23207,28,,,1,3,,23216,28,,,1,43,,23225,28,,,1,2,,23227,28,,,1,3,,23234,25,,,1,3,,23235,28,,,1,3,,23239,28,,,1,3,,23244,28,,,1,3,,23252,28,,,1,2,,23259,28,,,1,4,,23260,28,,,1,2,,23271,28,,,1,3,,23278,28,,,1,4,,23280,28,,,1,3,,23289,28,,,1,3,,23298,28,,,1,4,,23306,28,,,1,3,,23309,28,,,1,4,,23314,28,,,1,4,,23318,28,,,1,4,,23323,28,,,1,43,,23328,28,,,1,4,,23332,28,,,1,4,,23340,28,,,1,5,,23345,28,,,1,5,,23352,28,,,1,5,,23367,28,,,1,5,,23376,28,,,1,5,,23386,28,,,1,5,,23395,28,,,1,6,,23407,28,,,1,6,,23413,28,,,1,6,,23426,28,,,1,46,,23435,28,,,1,6,,23208,28,,,1,6,,23217,28,,,1,6,,23228,28,,,1,5,,23240,28,,,1,6,,23253,28,,,1,6,,23261,28,,,1,7,,23272,28,,,1,6,,23281,28,,,1,6,,23290,28,,,1,46,,23299,28,,,1,6,,23310,28,,,1,6,,23319,28,,,1,6,,23324,28,,,1,6,,23333,28,,,1,6,,23341,28,,,1,6,,23353,28,,,1,6,,23368,28,,,1,6,,23377,28,,,1,6,,23387,28,,,1,46,,23396,28,,,1,6,,23408,28,,,1,6,,23414,28,,,1,6,,23427,28,,,1,6,,23436,28,,,1,6,,23209,28,,,1,6,,23218,28,,,1,6,,23229,28,,,1,6,,23241,28,,,1,6,,23254,28,,,1,46,,23262,28,,,1,6,,23273,28,,,1,6,,23282,28,,,1,6,,23291,28,,,1,6,,23300,28,,,1,6,,23311,28,,,1,6,,23320,28,,,1,6,,23325,28,,,1,6,,23334,28,,,1,6,,23342,28,,,1,46,,23354,28,,,1,6,,23369,28,,,1,7,,23378,28,,,1,6,,23388,28,,,1,6,,23397,28,,,1,6,,23409,28,,,1,5,,23415,28,,,1,5,,23428,28,,,1,5,,23437,28,,,1,5,,23210,28,,,1,4,,23212,28,,,1,45,,23219,28,,,1,4,,23230,28,,,1,4,,23236,28,,,1,3,,23242,28,,,1,4,,23248,28,,,1,3,,23255,28,,,1,3,,23263,28,,,1,4,,23267,28,,,1,3,,23274,28,,,1,3,,23283,28,,,1,3,,23284,28,,,1,4,,23292,28,,,1,3,,23296,28,,,1,3,,23301,28,,,1,3,,23307,28,,,1,4,,23312,28,,,1,3,,23315,28,,,1,43,,23321,28,,,1,3,,23326,28,,,1,3,,23329,28,,,1,4,,23335,28,,,1,3,,23343,28,,,1,3,,23347,28,,,1,3,,23355,28,,,1,3,,23358,28,,,1,4,,23362,28,,,1,3,,23370,28,,,1,3,,23374,28,,,1,3,,23379,28,,,1,3,,23389,28,,,1,4,,23393,28,,,1,3,,23398,28,,,1,3,,23402,28,,,1,3,,23410,28,,,1,3,,23416,28,,,1,3,,23420,28,,,1,44,,23429,28,,,1,3,,23430,28,,,1,3,,23438,28,,,1,4,,23211,28,,,1,4,,23213,28,,,1,4,,23220,28,,,1,3,,23231,28,,,1,4,,23237,28,,,1,4,,23245,28,,,1,4,,23249,28,,,1,4,,23256,28,,,1,5,,23264,28,,,1,4,,23268,28,,,1,5,,23275,28,,,1,5,,23285,28,,,1,45,,23293,28,,,1,4,,23302,28,,,1,5,,23316,28,,,1,5,,23330,28,,,1,5,,23336,28,,,1,5,,23348,28,,,1,5,,23356,28,,,1,5,,23359,28,,,1,5,,23363,28,,,1,6,,23371,28,,,1,6,,23380,28,,,1,6,,23399,28,,,1,46,,23403,28,,,1,6,,23421,28,,,1,6,,23431,28,,,1,6,,23439,28,,,1,6,,23214,28,,,1,6,,23221,28,,,1,6,,23232,28,,,1,6,,23246,28,,,1,6,,23250,28,,,1,6,,23257,28,,,1,46,,23265,28,,,1,6,,23269,28,,,1,6,,23286,28,,,1,6,,23294,28,,,1,6,,23303,28,,,1,6,,23317,28,,,1,6,,23337,28,,,1,6,,23349,28,,,1,6,,23357,28,,,1,6,,23360,28,,,1,46,,23364,28,,,1,6,,23372,28,,,1,6,,23381,28,,,1,6,,23400,28,,,1,6,,23404,28,,,1,6,,23422,28,,,1,6,,23432,28,,,1,6,,23440,28,,,1,6,,23215,28,,,1,6,,23222,28,,,1,46,,23233,28,,,1,7,,23247,28,,,1,7,,23258,28,,,1,7,,23266,28,,,1,7,,23270,28,,,1,7,,23287,28,,,1,7,,23295,28,,,1,7,,23304,28,,,1,47,,23338,28,,,1,8,,23350,28,,,1,8,,23361,28,,,1,7,,23365,28,,,1,8,,23373,28,,,1,8,,23382,28,,,1,8,,23423,28,,,1,9,,23433,28,,,1,48,,23441,28,,,1,12,,23223,28,,,1
