200,'GLOBAUX-01-A',531,,21847,2,,,1,10,,21851,2,,,1,10,,21872,2,,,1,49,,21881,2,,,1,10,,21890,2,,,1,10,,21905,2,,,1,10,,21919,2,,,1,9,,21927,2,,,1,10,,21933,2,,,1,10,,21941,2,,,1,50,,21952,2,,,1,9,,21960,2,,,1,9,,21811,2,,,1,9,,21825,2,,,1,10,,21839,2,,,1,8,,21848,2,,,1,49,,21852,2,,,1,9,,21860,2,,,1,9,,21873,2,,,1,9,,21882,2,,,1,9,,21891,2,,,1,8,,21898,2,,,1,9,,21906,2,,,1,48,,21913,2,,,1,9,,21920,2,,,1,8,,21934,2,,,1,9,,21942,2,,,1,8,,21953,2,,,1,9,,21961,2,,,1,8,,21812,2,,,1,49,,21826,2,,,1,8,,21840,2,,,1,9,,21849,2,,,1,8,,21853,2,,,1,9,,21861,2,,,1,8,,21874,2,,,1,9,,21883,2,,,1,48,,21892,2,,,1,8,,21899,2,,,1,7,,21907,2,,,1,8,,21914,2,,,1,8,,21921,2,,,1,7,,21935,2,,,1,8,,21943,2,,,1,8,,21954,2,,,1,47,,21962,2,,,1,8,,21813,2,,,1,8,,21819,2,,,1,7,,21827,2,,,1,7,,21841,2,,,1,8,,21850,2,,,1,7,,21854,2,,,1,7,,21862,2,,,1,47,,21866,2,,,1,8,,21875,2,,,1,6,,21884,2,,,1,7,,21893,2,,,1,6,,21900,2,,,1,6,,21908,2,,,1,7,,21915,2,,,1,6,,21922,2,,,1,7,,21928,2,,,1,46,,21936,2,,,1,6,,21944,2,,,1,7,,21947,2,,,1,6,,21955,2,,,1,7,,21963,2,,,1,6,,21814,2,,,1,7,,21820,2,,,1,6,,21828,2,,,1,6,,21833,2,,,1,47,,21842,2,,,1,6,,21855,2,,,1,7,,21863,2,,,1,6,,21867,2,,,1,6,,21876,2,,,1,7,,21885,2,,,1,6,,21894,2,,,1,7,,21901,2,,,1,6,,21909,2,,,1,7,,21916,2,,,1,46,,21923,2,,,1,6,,21929,2,,,1,7,,21937,2,,,1,6,,21945,2,,,1,7,,21948,2,,,1,6,,21956,2,,,1,6,,21964,2,,,1,7,,21815,2,,,1,6,,21821,2,,,1,47,,21829,2,,,1,6,,21834,2,,,1,7,,21843,2,,,1,6,,21856,2,,,1,6,,21864,2,,,1,7,,21868,2,,,1,6,,21877,2,,,1,7,,21886,2,,,1,6,,21895,2,,,1,6,,21902,2,,,1,47,,21910,2,,,1,6,,21917,2,,,1,7,,21924,2,,,1,6,,21930,2,,,1,7,,21938,2,,,1,6,,21946,2,,,1,6,,21949,2,,,1,7,,21957,2,,,1,6,,21965,2,,,1,47,,21816,2,,,1,6,,21822,2,,,1,6,,21830,2,,,1,7,,21835,2,,,1,6,,21844,2,,,1,8,,21857,2,,,1,7,,21865,2,,,1,8,,21869,2,,,1,7,,21878,2,,,1,47,,21887,2,,,1,8,,21896,2,,,1,7,,21903,2,,,1,8,,21911,2,,,1,7,,21918,2,,,1,7,,21925,2,,,1,8,,21931,2,,,1,7,,21939,2,,,1,48,,21950,2,,,1,7,,21958,2,,,1,8,,21817,2,,,1,8,,21823,2,,,1,7,,21831,2,,,1,8,,21836,2,,,1,8,,21845,2,,,1,49,,21858,2,,,1,8,,21870,2,,,1,9,,21879,2,,,1,9,,21888,2,,,1,9,,21897,2,,,1,9,,21904,2,,,1,9,,21912,2,,,1,49,,21926,2,,,1,10,,21932,2,,,1,10,,21940,2,,,1,9,,21951,2,,,1,10,,21959,2,,,1,9,,21818,2,,,1,50,,21832,2,,,1,10,,21837,2,,,1,10,,21846,2,,,1,10,,21859,2,,,1,10,,21871,2,,,1,10,,21880,2,,,1,50,,21889,2,,,1
200,'GLOBAUX-01-F1',531,,22001,2,,,1,9,,22009,2,,,1,9,,22017,2,,,1,10,,22025,2,,,1,49,,22031,2,,,1,9,,22043,2,,,1,9,,22047,2,,,1,10,,22062,2,,,1,9,,22074,2,,,1,9,,22082,2,,,1,49,,22090,2,,,1,10,,22095,2,,,1,9,,21966,2,,,1,9,,21975,2,,,1,9,,21993,2,,,1,10,,22002,2,,,1,9,,22010,2,,,1,49,,22018,2,,,1,9,,22026,2,,,1,10,,22032,2,,,1,9,,22044,2,,,1,9,,22048,2,,,1,9,,22055,2,,,1,48,,22063,2,,,1,9,,22075,2,,,1,8,,22083,2,,,1,9,,22091,2,,,1,8,,22096,2,,,1,9,,21967,2,,,1,9,,21976,2,,,1,48,,21986,2,,,1,9,,21994,2,,,1,8,,22003,2,,,1,9,,22011,2,,,1,9,,22019,2,,,1,8,,22027,2,,,1,9,,22033,2,,,1,48,,22045,2,,,1,9,,22049,2,,,1,8,,22056,2,,,1,9,,22064,2,,,1,9,,22076,2,,,1,8,,22084,2,,,1,9,,22092,2,,,1,48,,22097,2,,,1,9,,21968,2,,,1,8,,21977,2,,,1,8,,21987,2,,,1,8,,21995,2,,,1,8,,22004,2,,,1,8,,22012,2,,,1,8,,22020,2,,,1,48,,22028,2,,,1,8,,22034,2,,,1,8,,22046,2,,,1,8,,22050,2,,,1,7,,22057,2,,,1,8,,22065,2,,,1,8,,22070,2,,,1,47,,22077,2,,,1,7,,22085,2,,,1,7,,22093,2,,,1,7,,22098,2,,,1,7,,22103,2,,,1,7,,21969,2,,,1,6,,21978,2,,,1,7,,21981,2,,,1,7,,21988,2,,,1,47,,21996,2,,,1,7,,22005,2,,,1,7,,22013,2,,,1,6,,22021,2,,,1,7,,22029,2,,,1,7,,22035,2,,,1,7,,22039,2,,,1,7,,22051,2,,,1,7,,22058,2,,,1,46,,22066,2,,,1,7,,22071,2,,,1,7,,22078,2,,,1,7,,22086,2,,,1,7,,22094,2,,,1,7,,22099,2,,,1,6,,22104,2,,,1,7,,21970,2,,,1,7,,21979,2,,,1,47,,21982,2,,,1,7,,21989,2,,,1,7,,21997,2,,,1,7,,22006,2,,,1,7,,22014,2,,,1,8,,22022,2,,,1,7,,22030,2,,,1,7,,22036,2,,,1,48,,22040,2,,,1,7,,22052,2,,,1,7,,22059,2,,,1,8,,22067,2,,,1,7,,22072,2,,,1,7,,22079,2,,,1,8,,22087,2,,,1,8,,22100,2,,,1,48,,22105,2,,,1,8,,21971,2,,,1,7,,21980,2,,,1,8,,21983,2,,,1,8,,21990,2,,,1,8,,21998,2,,,1,8,,22007,2,,,1,8,,22015,2,,,1,47,,22023,2,,,1,8,,22037,2,,,1,8,,22041,2,,,1,8,,22053,2,,,1,8,,22060,2,,,1,8,,22068,2,,,1,8,,22073,2,,,1,48,,22080,2,,,1,9,,22088,2,,,1,8,,22101,2,,,1,9,,22106,2,,,1,8,,21972,2,,,1,9,,21984,2,,,1,9,,21991,2,,,1,48,,21999,2,,,1,9,,22008,2,,,1,10,,22016,2,,,1,10,,22024,2,,,1,10,,22038,2,,,1,10,,22042,2,,,1,50,,22054,2,,,1,10,,22061,2,,,1,10,,22069,2,,,1,10,,22081,2,,,1,10,,22089,2,,,1,10,,22102,2,,,1,50,,22107,2,,,1,10,,21973,2,,,1,10,,21985,2,,,1,10,,22000,2,,,1
200,'GLOBAUX-01-F2',531,,22143,2,,,1,9,,22151,2,,,1,9,,22159,2,,,1,10,,22167,2,,,1,49,,22173,2,,,1,9,,22185,2,,,1,9,,22189,2,,,1,10,,22204,2,,,1,9,,22216,2,,,1,9,,22224,2,,,1,49,,22232,2,,,1,10,,22237,2,,,1,9,,22108,2,,,1,9,,22117,2,,,1,9,,22135,2,,,1,10,,22144,2,,,1,9,,22152,2,,,1,49,,22160,2,,,1,9,,22168,2,,,1,10,,22174,2,,,1,9,,22186,2,,,1,9,,22190,2,,,1,9,,22197,2,,,1,48,,22205,2,,,1,9,,22217,2,,,1,8,,22225,2,,,1,9,,22233,2,,,1,8,,22238,2,,,1,9,,22109,2,,,1,9,,22118,2,,,1,48,,22128,2,,,1,9,,22136,2,,,1,8,,22145,2,,,1,9,,22153,2,,,1,9,,22161,2,,,1,8,,22169,2,,,1,9,,22175,2,,,1,48,,22187,2,,,1,9,,22191,2,,,1,8,,22198,2,,,1,9,,22206,2,,,1,9,,22218,2,,,1,8,,22226,2,,,1,9,,22234,2,,,1,48,,22239,2,,,1,9,,22110,2,,,1,8,,22119,2,,,1,8,,22129,2,,,1,8,,22137,2,,,1,8,,22146,2,,,1,8,,22154,2,,,1,8,,22162,2,,,1,48,,22170,2,,,1,8,,22176,2,,,1,8,,22188,2,,,1,8,,22192,2,,,1,7,,22199,2,,,1,8,,22207,2,,,1,8,,22212,2,,,1,47,,22219,2,,,1,7,,22227,2,,,1,7,,22235,2,,,1,7,,22240,2,,,1,7,,22245,2,,,1,7,,22111,2,,,1,6,,22120,2,,,1,7,,22123,2,,,1,7,,22130,2,,,1,47,,22138,2,,,1,7,,22147,2,,,1,7,,22155,2,,,1,6,,22163,2,,,1,7,,22171,2,,,1,7,,22177,2,,,1,7,,22181,2,,,1,7,,22193,2,,,1,7,,22200,2,,,1,46,,22208,2,,,1,7,,22213,2,,,1,7,,22220,2,,,1,7,,22228,2,,,1,7,,22236,2,,,1,7,,22241,2,,,1,6,,22246,2,,,1,7,,22112,2,,,1,7,,22121,2,,,1,47,,22124,2,,,1,7,,22131,2,,,1,7,,22139,2,,,1,7,,22148,2,,,1,7,,22156,2,,,1,8,,22164,2,,,1,7,,22172,2,,,1,7,,22178,2,,,1,48,,22182,2,,,1,7,,22194,2,,,1,7,,22201,2,,,1,8,,22209,2,,,1,7,,22214,2,,,1,7,,22221,2,,,1,8,,22229,2,,,1,8,,22242,2,,,1,48,,22247,2,,,1,8,,22113,2,,,1,7,,22122,2,,,1,8,,22125,2,,,1,8,,22132,2,,,1,8,,22140,2,,,1,8,,22149,2,,,1,8,,22157,2,,,1,47,,22165,2,,,1,8,,22179,2,,,1,8,,22183,2,,,1,8,,22195,2,,,1,8,,22202,2,,,1,8,,22210,2,,,1,8,,22215,2,,,1,48,,22222,2,,,1,9,,22230,2,,,1,8,,22243,2,,,1,9,,22248,2,,,1,8,,22114,2,,,1,9,,22126,2,,,1,9,,22133,2,,,1,48,,22141,2,,,1,9,,22150,2,,,1,10,,22158,2,,,1,10,,22166,2,,,1,10,,22180,2,,,1,10,,22184,2,,,1,50,,22196,2,,,1,10,,22203,2,,,1,10,,22211,2,,,1,10,,22223,2,,,1,10,,22231,2,,,1,10,,22244,2,,,1,50,,22249,2,,,1,10,,22115,2,,,1,10,,22127,2,,,1,10,,22142,2,,,1
200,'GLOBAUX-01-I',531,,22285,2,,,1,9,,22293,2,,,1,9,,22301,2,,,1,10,,22309,2,,,1,49,,22315,2,,,1,9,,22327,2,,,1,9,,22331,2,,,1,10,,22346,2,,,1,9,,22358,2,,,1,9,,22366,2,,,1,49,,22374,2,,,1,10,,22379,2,,,1,9,,22250,2,,,1,9,,22259,2,,,1,9,,22277,2,,,1,10,,22286,2,,,1,9,,22294,2,,,1,49,,22302,2,,,1,9,,22310,2,,,1,10,,22316,2,,,1,9,,22328,2,,,1,9,,22332,2,,,1,9,,22339,2,,,1,48,,22347,2,,,1,9,,22359,2,,,1,8,,22367,2,,,1,9,,22375,2,,,1,8,,22380,2,,,1,9,,22251,2,,,1,9,,22260,2,,,1,48,,22270,2,,,1,9,,22278,2,,,1,8,,22287,2,,,1,9,,22295,2,,,1,9,,22303,2,,,1,8,,22311,2,,,1,9,,22317,2,,,1,48,,22329,2,,,1,9,,22333,2,,,1,8,,22340,2,,,1,9,,22348,2,,,1,9,,22360,2,,,1,8,,22368,2,,,1,9,,22376,2,,,1,48,,22381,2,,,1,9,,22252,2,,,1,8,,22261,2,,,1,8,,22271,2,,,1,8,,22279,2,,,1,8,,22288,2,,,1,8,,22296,2,,,1,8,,22304,2,,,1,48,,22312,2,,,1,8,,22318,2,,,1,8,,22330,2,,,1,8,,22334,2,,,1,7,,22341,2,,,1,8,,22349,2,,,1,8,,22354,2,,,1,47,,22361,2,,,1,7,,22369,2,,,1,7,,22377,2,,,1,7,,22382,2,,,1,7,,22387,2,,,1,7,,22253,2,,,1,6,,22262,2,,,1,7,,22265,2,,,1,7,,22272,2,,,1,47,,22280,2,,,1,7,,22289,2,,,1,7,,22297,2,,,1,6,,22305,2,,,1,7,,22313,2,,,1,7,,22319,2,,,1,7,,22323,2,,,1,7,,22335,2,,,1,7,,22342,2,,,1,46,,22350,2,,,1,7,,22355,2,,,1,7,,22362,2,,,1,7,,22370,2,,,1,7,,22378,2,,,1,7,,22383,2,,,1,6,,22388,2,,,1,7,,22254,2,,,1,7,,22263,2,,,1,47,,22266,2,,,1,7,,22273,2,,,1,7,,22281,2,,,1,7,,22290,2,,,1,7,,22298,2,,,1,8,,22306,2,,,1,7,,22314,2,,,1,7,,22320,2,,,1,48,,22324,2,,,1,7,,22336,2,,,1,7,,22343,2,,,1,8,,22351,2,,,1,7,,22356,2,,,1,7,,22363,2,,,1,8,,22371,2,,,1,8,,22384,2,,,1,48,,22389,2,,,1,8,,22255,2,,,1,7,,22264,2,,,1,8,,22267,2,,,1,8,,22274,2,,,1,8,,22282,2,,,1,8,,22291,2,,,1,8,,22299,2,,,1,47,,22307,2,,,1,8,,22321,2,,,1,8,,22325,2,,,1,8,,22337,2,,,1,8,,22344,2,,,1,8,,22352,2,,,1,8,,22357,2,,,1,48,,22364,2,,,1,9,,22372,2,,,1,8,,22385,2,,,1,9,,22390,2,,,1,8,,22256,2,,,1,9,,22268,2,,,1,9,,22275,2,,,1,48,,22283,2,,,1,9,,22292,2,,,1,10,,22300,2,,,1,10,,22308,2,,,1,10,,22322,2,,,1,10,,22326,2,,,1,50,,22338,2,,,1,10,,22345,2,,,1,10,,22353,2,,,1,10,,22365,2,,,1,10,,22373,2,,,1,10,,22386,2,,,1,50,,22391,2,,,1,10,,22257,2,,,1,10,,22269,2,,,1,10,,22284,2,,,1
200,'GLOBAUX-01-S',531,,22463,2,,,1,6,,22473,2,,,1,6,,22483,2,,,1,6,,22498,2,,,1,6,,22509,2,,,1,46,,22518,2,,,1,6,,22532,2,,,1,6,,22534,2,,,1,5,,22554,2,,,1,5,,22571,2,,,1,5,,22573,2,,,1,5,,22580,2,,,1,5,,22582,2,,,1,4,,22594,2,,,1,4,,22600,2,,,1,4,,22606,2,,,1,4,,22607,2,,,1,3,,22613,2,,,1,44,,22622,2,,,1,3,,22392,2,,,1,4,,22393,2,,,1,3,,22403,2,,,1,4,,22411,2,,,1,3,,22412,2,,,1,3,,22421,2,,,1,4,,22423,2,,,1,3,,22428,2,,,1,3,,22436,2,,,1,4,,22444,2,,,1,3,,22456,2,,,1,3,,22461,2,,,1,3,,22462,2,,,1,4,,22464,2,,,1,3,,22474,2,,,1,3,,22484,2,,,1,3,,22492,2,,,1,44,,22494,2,,,1,3,,22499,2,,,1,3,,22504,2,,,1,3,,22510,2,,,1,4,,22515,2,,,1,3,,22519,2,,,1,3,,22527,2,,,1,3,,22533,2,,,1,4,,22535,2,,,1,3,,22540,2,,,1,3,,22555,2,,,1,3,,22564,2,,,1,4,,22572,2,,,1,3,,22574,2,,,1,4,,22575,2,,,1,4,,22583,2,,,1,4,,22590,2,,,1,3,,22595,2,,,1,44,,22601,2,,,1,4,,22608,2,,,1,4,,22614,2,,,1,4,,22623,2,,,1,4,,22630,2,,,1,4,,22394,2,,,1,4,,22404,2,,,1,4,,22413,2,,,1,4,,22420,2,,,1,4,,22424,2,,,1,5,,22437,2,,,1,5,,22445,2,,,1,5,,22457,2,,,1,6,,22465,2,,,1,46,,22475,2,,,1,6,,22485,2,,,1,6,,22495,2,,,1,6,,22505,2,,,1,6,,22511,2,,,1,6,,22520,2,,,1,6,,22528,2,,,1,6,,22541,2,,,1,6,,22556,2,,,1,6,,22565,2,,,1,46,,22576,2,,,1,6,,22584,2,,,1,6,,22596,2,,,1,6,,22602,2,,,1,6,,22615,2,,,1,6,,22624,2,,,1,6,,22395,2,,,1,6,,22405,2,,,1,6,,22414,2,,,1,6,,22425,2,,,1,46,,22438,2,,,1,6,,22446,2,,,1,6,,22458,2,,,1,6,,22466,2,,,1,6,,22476,2,,,1,6,,22486,2,,,1,6,,22496,2,,,1,6,,22506,2,,,1,6,,22512,2,,,1,6,,22521,2,,,1,46,,22529,2,,,1,6,,22542,2,,,1,6,,22557,2,,,1,6,,22566,2,,,1,6,,22577,2,,,1,6,,22585,2,,,1,6,,22597,2,,,1,6,,22603,2,,,1,6,,22616,2,,,1,6,,22625,2,,,1,46,,22396,2,,,1,6,,22406,2,,,1,6,,22415,2,,,1,6,,22426,2,,,1,6,,22439,2,,,1,6,,22447,2,,,1,6,,22459,2,,,1,6,,22467,2,,,1,5,,22477,2,,,1,5,,22487,2,,,1,44,,22497,2,,,1,5,,22500,2,,,1,4,,22507,2,,,1,5,,22513,2,,,1,4,,22516,2,,,1,4,,22522,2,,,1,4,,22530,2,,,1,4,,22536,2,,,1,3,,22543,2,,,1,3,,22547,2,,,1,4,,22558,2,,,1,3,,22562,2,,,1,3,,22567,2,,,1,2,,22578,2,,,1,3,,22581,2,,,1,3,,22586,2,,,1,3,,22591,2,,,1,43,,22598,2,,,1,3,,22604,2,,,1,3,,22609,2,,,1,3,,22617,2,,,1,3,,22618,2,,,1,3,,22626,2,,,1,3,,22397,2,,,1,3,,22398,2,,,1,3,,22399,2,,,1,2,,22400,2,,,1,3,,22407,2,,,1,3,,22416,2,,,1,3,,22422,2,,,1,3,,22427,2,0,5,1,3,,22429,2,,,1,3,,22433,2,,,1,3,,22440,2,,,1,3,,22448,2,0,5,1,3,,22449,2,,,1,3,,22453,2,,,1,43,,22460,2,,,1,2,,22468,2,0,5,1,3,,22469,2,,,1,3,,22478,2,,,1,3,,22482,2,0,5,1,3,,22488,2,,,1,3,,22493,2,0,5,1,3,,22501,2,,,1,3,,22508,2,,,1,3,,22514,2,,,1,4,,22517,2,,,1,3,,22523,2,,,1,4,,22531,2,,,1,3,,22537,2,,,1,3,,22544,2,,,1,4,,22548,2,,,1,4,,22551,2,,,1,4,,22559,2,,,1,4,,22563,2,,,1,44,,22568,2,,,1,3,,22579,2,,,1,4,,22587,2,,,1,4,,22592,2,,,1,4,,22599,2,,,1,4,,22605,2,,,1,4,,22610,2,,,1,4,,22619,2,,,1,5,,22627,2,,,1,5,,22401,2,,,1,5,,22408,2,,,1,5,,22417,2,,,1,5,,22430,2,,,1,46,,22434,2,,,1,6,,22441,2,,,1,6,,22450,2,,,1,6,,22454,2,,,1,6,,22470,2,,,1,6,,22479,2,,,1,6,,22489,2,,,1,6,,22502,2,,,1,6,,22524,2,,,1,6,,22538,2,,,1,46,,22545,2,,,1,6,,22549,2,,,1,6,,22552,2,,,1,6,,22560,2,,,1,6,,22569,2,,,1,6,,22588,2,,,1,6,,22593,2,,,1,6,,22611,2,,,1,6,,22620,2,,,1,6,,22628,2,,,1,46,,22402,2,,,1,6,,22409,2,,,1,6,,22418,2,,,1,6,,22431,2,,,1,6,,22435,2,,,1,6,,22442,2,,,1,6,,22451,2,,,1,6,,22455,2,,,1,6,,22471,2,,,1,6,,22480,2,,,1,46,,22490,2,,,1,6,,22503,2,,,1,6,,22525,2,,,1,6,,22539,2,,,1,6,,22546,2,,,1,6,,22550,2,,,1,7,,22553,2,,,1,7,,22561,2,,,1,7,,22570,2,,,1,7,,22589,2,,,1,47,,22612,2,,,1,7,,22621,2,,,1,7,,22629,2,,,1,7,,22410,2,,,1,8,,22419,2,,,1,8,,22432,2,,,1,8,,22443,2,,,1,8,,22452,2,,,1,48,,22472,2,,,1,8,,22481,2,,,1,8,,22491,2,,,1,8,,22526,2,,,1
201,'GLOBAUX-01-A',609,,22741,30,,,1,9,,22748,30,,,1,10,,22757,30,,,1,10,,22769,30,,,1,9,,22778,30,,,1,10,,22631,30,,,1,50,,22645,30,,,1,10,,22658,30,,,1,10,,22666,30,,,1,9,,22669,30,,,1,10,,22688,30,,,1,10,,22696,30,,,1,49,,22704,30,,,1,10,,22712,30,,,1,10,,22719,30,,,1,9,,22727,30,,,1,9,,22733,30,,,1,8,,22749,30,,,1,49,,22758,30,,,1,9,,22770,30,,,1,8,,22779,30,,,1,9,,22632,30,,,1,9,,22646,30,,,1,8,,22659,30,,,1,9,,22667,30,,,1,48,,22670,30,,,1,9,,22677,30,,,1,8,,22689,30,,,1,9,,22697,30,,,1,9,,22705,30,,,1,9,,22713,30,,,1,8,,22720,30,,,1,49,,22728,30,,,1,9,,22734,30,,,1,8,,22750,30,,,1,7,,22759,30,,,1,8,,22771,30,,,1,8,,22780,30,,,1,7,,22633,30,,,1,8,,22640,30,,,1,47,,22647,30,,,1,7,,22660,30,,,1,7,,22668,30,,,1,7,,22671,30,,,1,7,,22678,30,,,1,7,,22682,30,,,1,7,,22690,30,,,1,7,,22698,30,,,1,7,,22706,30,,,1,47,,22714,30,,,1,7,,22721,30,,,1,6,,22729,30,,,1,7,,22735,30,,,1,6,,22742,30,,,1,7,,22751,30,,,1,6,,22760,30,,,1,6,,22763,30,,,1,7,,22772,30,,,1,46,,22781,30,,,1,7,,22634,30,,,1,6,,22641,30,,,1,7,,22648,30,,,1,6,,22653,30,,,1,7,,22661,30,,,1,6,,22672,30,,,1,7,,22679,30,,,1,6,,22683,30,,,1,47,,22691,30,,,1,6,,22699,30,,,1,6,,22707,30,,,1,7,,22715,30,,,1,6,,22722,30,,,1,6,,22730,30,,,1,7,,22736,30,,,1,6,,22743,30,,,1,7,,22752,30,,,1,46,,22761,30,,,1,7,,22764,30,,,1,6,,22773,30,,,1,7,,22782,30,,,1,6,,22635,30,,,1,6,,22642,30,,,1,7,,22649,30,,,1,6,,22654,30,,,1,7,,22662,30,,,1,6,,22673,30,,,1,46,,22680,30,,,1,7,,22684,30,,,1,6,,22692,30,,,1,7,,22700,30,,,1,6,,22708,30,,,1,7,,22716,30,,,1,6,,22723,30,,,1,6,,22731,30,,,1,7,,22737,30,,,1,46,,22744,30,,,1,6,,22753,30,,,1,7,,22762,30,,,1,6,,22765,30,,,1,7,,22774,30,,,1,6,,22783,30,,,1,6,,22636,30,,,1,7,,22643,30,,,1,6,,22650,30,,,1,6,,22655,30,,,1,46,,22663,30,,,1,7,,22674,30,,,1,7,,22681,30,,,1,7,,22685,30,,,1,7,,22693,30,,,1,7,,22701,30,,,1,7,,22709,30,,,1,8,,22717,30,,,1,47,,22724,30,,,1,7,,22732,30,,,1,8,,22738,30,,,1,7,,22745,30,,,1,8,,22754,30,,,1,7,,22766,30,,,1,8,,22775,30,,,1,8,,22637,30,,,1,47,,22644,30,,,1,8,,22651,30,,,1,8,,22656,30,,,1,8,,22664,30,,,1,7,,22675,30,,,1,8,,22686,30,,,1,8,,22694,30,,,1,9,,22702,30,,,1,48,,22710,30,,,1,9,,22718,30,,,1,9,,22725,30,,,1,9,,22739,30,,,1,10,,22746,30,,,1,9,,22755,30,,,1,50,,22767,30,,,1,9,,22776,30,,,1,10,,22638,30,,,1,9,,22652,30,,,1,10,,22657,30,,,1,9,,22665,30,,,1,10,,22676,30,,,1,50,,22687,30,,,1,9,,22695,30,,,1,10,,22703,30,,,1,10,,22711,30,,,1,10,,22726,30,,,1,9,,22740,30,,,1,50,,22747,30,,,1,10,,22756,30,,,1,10,,22768,30,,,1,10,,22777,30,,,1,14,,22639,30,,,1
201,'GLOBAUX-01-F1',608,,22877,30,,,1,9,,22890,30,,,1,10,,22898,30,,,1,9,,22906,30,,,1,10,,22911,30,,,1,9,,22784,30,,,1,49,,22792,30,,,1,10,,22809,30,,,1,9,,22817,30,,,1,9,,22825,30,,,1,10,,22833,30,,,1,9,,22841,30,,,1,50,,22846,30,,,1,9,,22859,30,,,1,9,,22862,30,,,1,10,,22878,30,,,1,9,,22891,30,,,1,10,,22899,30,,,1,9,,22907,30,,,1,49,,22912,30,,,1,9,,22785,30,,,1,9,,22793,30,,,1,9,,22803,30,,,1,9,,22810,30,,,1,9,,22818,30,,,1,8,,22826,30,,,1,49,,22834,30,,,1,9,,22842,30,,,1,8,,22847,30,,,1,9,,22860,30,,,1,9,,22863,30,,,1,8,,22870,30,,,1,49,,22879,30,,,1,9,,22892,30,,,1,8,,22900,30,,,1,9,,22908,30,,,1,8,,22913,30,,,1,9,,22786,30,,,1,9,,22794,30,,,1,48,,22804,30,,,1,9,,22811,30,,,1,9,,22819,30,,,1,8,,22827,30,,,1,9,,22835,30,,,1,8,,22843,30,,,1,8,,22848,30,,,1,8,,22861,30,,,1,48,,22864,30,,,1,8,,22871,30,,,1,8,,22880,30,,,1,6,,22886,30,,,1,7,,22893,30,,,1,7,,22901,30,,,1,7,,22909,30,,,1,7,,22914,30,,,1,47,,22919,30,,,1,7,,22787,30,,,1,6,,22795,30,,,1,7,,22798,30,,,1,7,,22805,30,,,1,7,,22812,30,,,1,7,,22820,30,,,1,7,,22828,30,,,1,6,,22836,30,,,1,47,,22844,30,,,1,7,,22849,30,,,1,7,,22854,30,,,1,7,,22865,30,,,1,7,,22872,30,,,1,7,,22881,30,,,1,7,,22887,30,,,1,6,,22894,30,,,1,47,,22902,30,,,1,7,,22910,30,,,1,7,,22915,30,,,1,7,,22920,30,,,1,7,,22788,30,,,1,6,,22796,30,,,1,7,,22799,30,,,1,8,,22806,30,,,1,7,,22813,30,,,1,47,,22821,30,,,1,8,,22829,30,,,1,7,,22837,30,,,1,7,,22845,30,,,1,8,,22850,30,,,1,7,,22855,30,,,1,7,,22866,30,,,1,8,,22873,30,,,1,47,,22882,30,,,1,7,,22888,30,,,1,7,,22895,30,,,1,8,,22903,30,,,1,7,,22916,30,,,1,8,,22921,30,,,1,8,,22789,30,,,1,8,,22797,30,,,1,47,,22800,30,,,1,8,,22807,30,,,1,8,,22814,30,,,1,8,,22822,30,,,1,7,,22830,30,,,1,8,,22838,30,,,1,8,,22851,30,,,1,8,,22856,30,,,1,47,,22867,30,,,1,8,,22874,30,,,1,8,,22883,30,,,1,8,,22889,30,,,1,8,,22896,30,,,1,9,,22904,30,,,1,8,,22917,30,,,1,49,,22922,30,,,1,8,,22790,30,,,1,9,,22801,30,,,1,8,,22808,30,,,1,9,,22815,30,,,1,8,,22823,30,,,1,9,,22831,30,,,1,49,,22839,30,,,1,9,,22852,30,,,1,8,,22857,30,,,1,9,,22868,30,,,1,10,,22875,30,,,1,10,,22884,30,,,1,10,,22897,30,,,1,50,,22905,30,,,1,10,,22918,30,,,1,10,,22923,30,,,1,10,,22791,30,,,1,10,,22802,30,,,1,10,,22816,30,,,1,50,,22824,30,,,1,10,,22832,30,,,1,10,,22840,30,,,1,10,,22853,30,,,1,10,,22858,30,,,1,10,,22869,30,,,1,50,,22876,30,,,1,13,,22885,30,,,1
201,'GLOBAUX-01-F2',608,,23017,30,,,1,9,,23030,30,,,1,10,,23038,30,,,1,9,,23046,30,,,1,10,,23051,30,,,1,9,,22924,30,,,1,49,,22932,30,,,1,10,,22949,30,,,1,9,,22957,30,,,1,9,,22965,30,,,1,10,,22973,30,,,1,9,,22981,30,,,1,50,,22986,30,,,1,9,,22999,30,,,1,9,,23002,30,,,1,10,,23018,30,,,1,9,,23031,30,,,1,10,,23039,30,,,1,9,,23047,30,,,1,49,,23052,30,,,1,9,,22925,30,,,1,9,,22933,30,,,1,9,,22943,30,,,1,9,,22950,30,,,1,9,,22958,30,,,1,8,,22966,30,,,1,49,,22974,30,,,1,9,,22982,30,,,1,8,,22987,30,,,1,9,,23000,30,,,1,9,,23003,30,,,1,8,,23010,30,,,1,49,,23019,30,,,1,9,,23032,30,,,1,8,,23040,30,,,1,9,,23048,30,,,1,8,,23053,30,,,1,9,,22926,30,,,1,9,,22934,30,,,1,48,,22944,30,,,1,9,,22951,30,,,1,9,,22959,30,,,1,8,,22967,30,,,1,9,,22975,30,,,1,8,,22983,30,,,1,8,,22988,30,,,1,8,,23001,30,,,1,48,,23004,30,,,1,8,,23011,30,,,1,8,,23020,30,,,1,6,,23026,30,,,1,7,,23033,30,,,1,7,,23041,30,,,1,7,,23049,30,,,1,7,,23054,30,,,1,47,,23059,30,,,1,7,,22927,30,,,1,6,,22935,30,,,1,7,,22938,30,,,1,7,,22945,30,,,1,7,,22952,30,,,1,7,,22960,30,,,1,7,,22968,30,,,1,6,,22976,30,,,1,47,,22984,30,,,1,7,,22989,30,,,1,7,,22994,30,,,1,7,,23005,30,,,1,7,,23012,30,,,1,7,,23021,30,,,1,7,,23027,30,,,1,6,,23034,30,,,1,47,,23042,30,,,1,7,,23050,30,,,1,7,,23055,30,,,1,7,,23060,30,,,1,7,,22928,30,,,1,6,,22936,30,,,1,7,,22939,30,,,1,8,,22946,30,,,1,7,,22953,30,,,1,47,,22961,30,,,1,8,,22969,30,,,1,7,,22977,30,,,1,7,,22985,30,,,1,8,,22990,30,,,1,7,,22995,30,,,1,7,,23006,30,,,1,8,,23013,30,,,1,47,,23022,30,,,1,7,,23028,30,,,1,7,,23035,30,,,1,8,,23043,30,,,1,7,,23056,30,,,1,8,,23061,30,,,1,8,,22929,30,,,1,8,,22937,30,,,1,47,,22940,30,,,1,8,,22947,30,,,1,8,,22954,30,,,1,8,,22962,30,,,1,7,,22970,30,,,1,8,,22978,30,,,1,8,,22991,30,,,1,8,,22996,30,,,1,47,,23007,30,,,1,8,,23014,30,,,1,8,,23023,30,,,1,8,,23029,30,,,1,8,,23036,30,,,1,9,,23044,30,,,1,8,,23057,30,,,1,49,,23062,30,,,1,8,,22930,30,,,1,9,,22941,30,,,1,8,,22948,30,,,1,9,,22955,30,,,1,8,,22963,30,,,1,9,,22971,30,,,1,49,,22979,30,,,1,9,,22992,30,,,1,8,,22997,30,,,1,9,,23008,30,,,1,10,,23015,30,,,1,10,,23024,30,,,1,10,,23037,30,,,1,50,,23045,30,,,1,10,,23058,30,,,1,10,,23063,30,,,1,10,,22931,30,,,1,10,,22942,30,,,1,10,,22956,30,,,1,50,,22964,30,,,1,10,,22972,30,,,1,10,,22980,30,,,1,10,,22993,30,,,1,10,,22998,30,,,1,10,,23009,30,,,1,50,,23016,30,,,1,13,,23025,30,,,1
201,'GLOBAUX-01-I',608,,23157,30,,,1,9,,23170,30,,,1,10,,23178,30,,,1,9,,23186,30,,,1,10,,23191,30,,,1,9,,23064,30,,,1,49,,23072,30,,,1,10,,23089,30,,,1,9,,23097,30,,,1,9,,23105,30,,,1,10,,23113,30,,,1,9,,23121,30,,,1,50,,23126,30,,,1,9,,23139,30,,,1,9,,23142,30,,,1,10,,23158,30,,,1,9,,23171,30,,,1,10,,23179,30,,,1,9,,23187,30,,,1,49,,23192,30,,,1,9,,23065,30,,,1,9,,23073,30,,,1,9,,23083,30,,,1,9,,23090,30,,,1,9,,23098,30,,,1,8,,23106,30,,,1,49,,23114,30,,,1,9,,23122,30,,,1,8,,23127,30,,,1,9,,23140,30,,,1,9,,23143,30,,,1,8,,23150,30,,,1,49,,23159,30,,,1,9,,23172,30,,,1,8,,23180,30,,,1,9,,23188,30,,,1,8,,23193,30,,,1,9,,23066,30,,,1,9,,23074,30,,,1,48,,23084,30,,,1,9,,23091,30,,,1,9,,23099,30,,,1,8,,23107,30,,,1,9,,23115,30,,,1,8,,23123,30,,,1,8,,23128,30,,,1,8,,23141,30,,,1,48,,23144,30,,,1,8,,23151,30,,,1,8,,23160,30,,,1,6,,23166,30,,,1,7,,23173,30,,,1,7,,23181,30,,,1,7,,23189,30,,,1,7,,23194,30,,,1,47,,23199,30,,,1,7,,23067,30,,,1,6,,23075,30,,,1,7,,23078,30,,,1,7,,23085,30,,,1,7,,23092,30,,,1,7,,23100,30,,,1,7,,23108,30,,,1,6,,23116,30,,,1,47,,23124,30,,,1,7,,23129,30,,,1,7,,23134,30,,,1,7,,23145,30,,,1,7,,23152,30,,,1,7,,23161,30,,,1,7,,23167,30,,,1,6,,23174,30,,,1,47,,23182,30,,,1,7,,23190,30,,,1,7,,23195,30,,,1,7,,23200,30,,,1,7,,23068,30,,,1,6,,23076,30,,,1,7,,23079,30,,,1,8,,23086,30,,,1,7,,23093,30,,,1,47,,23101,30,,,1,8,,23109,30,,,1,7,,23117,30,,,1,7,,23125,30,,,1,8,,23130,30,,,1,7,,23135,30,,,1,7,,23146,30,,,1,8,,23153,30,,,1,47,,23162,30,,,1,7,,23168,30,,,1,7,,23175,30,,,1,8,,23183,30,,,1,7,,23196,30,,,1,8,,23201,30,,,1,8,,23069,30,,,1,8,,23077,30,,,1,47,,23080,30,,,1,8,,23087,30,,,1,8,,23094,30,,,1,8,,23102,30,,,1,7,,23110,30,,,1,8,,23118,30,,,1,8,,23131,30,,,1,8,,23136,30,,,1,47,,23147,30,,,1,8,,23154,30,,,1,8,,23163,30,,,1,8,,23169,30,,,1,8,,23176,30,,,1,9,,23184,30,,,1,8,,23197,30,,,1,49,,23202,30,,,1,8,,23070,30,,,1,9,,23081,30,,,1,8,,23088,30,,,1,9,,23095,30,,,1,8,,23103,30,,,1,9,,23111,30,,,1,49,,23119,30,,,1,9,,23132,30,,,1,8,,23137,30,,,1,9,,23148,30,,,1,10,,23155,30,,,1,10,,23164,30,,,1,10,,23177,30,,,1,50,,23185,30,,,1,10,,23198,30,,,1,10,,23203,30,,,1,10,,23071,30,,,1,10,,23082,30,,,1,10,,23096,30,,,1,50,,23104,30,,,1,10,,23112,30,,,1,10,,23120,30,,,1,10,,23133,30,,,1,10,,23138,30,,,1,10,,23149,30,,,1,50,,23156,30,,,1,13,,23165,30,,,1
201,'GLOBAUX-01-S',608,,23391,30,,,1,6,,23405,30,,,1,6,,23411,30,,,1,6,,23418,30,,,1,6,,23424,30,,,1,6,,23204,30,,,1,6,,23206,30,,,1,6,,23224,30,,,1,6,,23226,30,,,1,45,,23238,30,,,1,5,,23243,30,,,1,5,,23251,30,,,1,5,,23276,30,,,1,4,,23277,30,,,1,4,,23279,30,,,1,4,,23288,30,,,1,5,,23297,30,,,1,3,,23305,30,,,1,4,,23308,30,,,1,3,,23313,30,,,1,4,,23322,30,,,1,4,,23327,30,,,1,3,,23331,30,,,1,3,,23339,30,,,1,43,,23344,30,,,1,3,,23346,30,,,1,3,,23351,30,,,1,3,,23366,30,,,1,3,,23375,27,,,1,3,,23383,30,,,1,3,,23384,30,,,1,3,,23385,27,,,1,3,,23390,30,,,1,3,,23392,30,,,1,2,,23394,30,,,1,4,,23401,27,,,1,2,,23406,30,,,1,3,,23412,30,,,1,3,,23417,30,,,1,3,,23419,30,,,1,3,,23425,30,,,1,3,,23434,30,,,1,3,,23442,27,,,1,3,,23205,30,,,1,3,,23207,30,,,1,42,,23216,30,,,1,3,,23225,30,,,1,3,,23227,30,,,1,2,,23234,27,,,1,4,,23235,30,,,1,2,,23239,30,,,1,3,,23244,30,,,1,3,,23252,30,,,1,3,,23259,30,,,1,3,,23260,30,,,1,3,,23271,30,,,1,3,,23278,30,,,1,3,,23280,30,,,1,3,,23289,30,,,1,4,,23298,30,,,1,3,,23306,30,,,1,4,,23309,30,,,1,3,,23314,30,,,1,4,,23318,30,,,1,44,,23323,30,,,1,4,,23328,30,,,1,3,,23332,30,,,1,4,,23340,30,,,1,5,,23345,30,,,1,5,,23352,30,,,1,5,,23367,30,,,1,5,,23376,30,,,1,5,,23386,30,,,1,5,,23395,30,,,1,6,,23407,30,,,1,6,,23413,30,,,1,46,,23426,30,,,1,6,,23435,30,,,1,6,,23208,30,,,1,6,,23217,30,,,1,6,,23228,30,,,1,6,,23240,30,,,1,6,,23253,30,,,1,6,,23261,30,,,1,6,,23272,30,,,1,6,,23281,30,,,1,46,,23290,30,,,1,6,,23299,30,,,1,6,,23310,30,,,1,6,,23319,30,,,1,6,,23324,30,,,1,6,,23333,30,,,1,6,,23341,30,,,1,6,,23353,30,,,1,6,,23368,30,,,1,6,,23377,30,,,1,47,,23387,30,,,1,6,,23396,30,,,1,6,,23408,30,,,1,5,,23414,30,,,1,6,,23427,30,,,1,6,,23436,30,,,1,6,,23209,30,,,1,6,,23218,30,,,1,6,,23229,30,,,1,6,,23241,30,,,1,46,,23254,30,,,1,6,,23262,30,,,1,6,,23273,30,,,1,6,,23282,30,,,1,6,,23291,30,,,1,6,,23300,30,,,1,6,,23311,30,,,1,6,,23320,30,,,1,7,,23325,30,,,1,6,,23334,30,,,1,46,,23342,30,,,1,6,,23354,30,,,1,6,,23369,30,,,1,6,,23378,30,,,1,6,,23388,30,,,1,6,,23397,30,,,1,6,,23409,30,,,1,5,,23415,30,,,1,5,,23428,30,,,1,5,,23437,30,,,1,5,,23210,30,,,1,45,,23212,30,,,1,4,,23219,30,,,1,5,,23230,30,,,1,3,,23236,30,,,1,4,,23242,30,,,1,3,,23248,30,,,1,4,,23255,30,,,1,3,,23263,30,,,1,3,,23267,30,,,1,3,,23274,30,,,1,3,,23283,30,,,1,4,,23284,30,,,1,3,,23292,30,,,1,3,,23296,30,,,1,4,,23301,30,,,1,3,,23307,30,,,1,3,,23312,30,,,1,43,,23315,30,,,1,4,,23321,30,,,1,3,,23326,30,,,1,3,,23329,30,,,1,3,,23335,30,,,1,3,,23343,30,,,1,4,,23347,30,,,1,3,,23355,30,,,1,3,,23358,30,,,1,3,,23362,30,,,1,3,,23370,30,,,1,3,,23374,30,,,1,4,,23379,30,,,1,3,,23389,30,,,1,3,,23393,30,,,1,3,,23398,30,,,1,3,,23402,30,,,1,3,,23410,30,,,1,4,,23416,30,,,1,43,,23420,30,,,1,3,,23429,30,,,1,3,,23430,30,,,1,4,,23438,30,,,1,3,,23211,30,,,1,4,,23213,30,,,1,4,,23220,30,,,1,4,,23231,30,,,1,4,,23237,30,,,1,3,,23245,30,,,1,4,,23249,30,,,1,5,,23256,30,,,1,4,,23264,30,,,1,5,,23268,30,,,1,5,,23275,30,,,1,44,,23285,30,,,1,5,,23293,30,,,1,5,,23302,30,,,1,4,,23316,30,,,1,5,,23330,30,,,1,5,,23336,30,,,1,5,,23348,30,,,1,5,,23356,30,,,1,5,,23359,30,,,1,6,,23363,30,,,1,6,,23371,30,,,1,6,,23380,30,,,1,46,,23399,30,,,1,6,,23403,30,,,1,5,,23421,30,,,1,6,,23431,30,,,1,6,,23439,30,,,1,6,,23214,30,,,1,6,,23221,30,,,1,7,,23232,30,,,1,6,,23246,30,,,1,6,,23250,30,,,1,46,,23257,30,,,1,6,,23265,30,,,1,6,,23269,30,,,1,6,,23286,30,,,1,6,,23294,30,,,1,5,,23303,30,,,1,6,,23317,30,,,1,6,,23337,30,,,1,6,,23349,30,,,1,6,,23357,30,,,1,46,,23360,30,,,1,6,,23364,30,,,1,6,,23372,30,,,1,6,,23381,30,,,1,6,,23400,30,,,1,6,,23404,30,,,1,6,,23422,30,,,1,6,,23432,30,,,1,6,,23440,30,,,1,6,,23215,30,,,1,46,,23222,30,,,1,6,,23233,30,,,1,7,,23247,30,,,1,7,,23258,30,,,1,7,,23266,30,,,1,7,,23270,30,,,1,7,,23287,30,,,1,7,,23295,30,,,1,7,,23304,30,,,1,47,,23338,30,,,1,8,,23350,30,,,1,8,,23361,30,,,1,8,,23365,30,,,1,8,,23373,30,,,1,8,,23382,30,,,1,8,,23423,30,,,1,48,,23433,30,,,1,8,,23441,30,,,1,12,,23223,30,,,1
