100,'GLOBAUX-01-A',558,,20201,22,,,1,50,,20211,22,,,1,10,,20229,22,,,1,10,,20236,22,,,1,10,,20246,22,,,1,10,,20269,22,,,1,10,,20287,22,,,1,50,,20297,22,,,1,11,,20304,22,,,1,10,,20314,22,,,1,10,,20331,22,,,1,10,,20341,22,,,1,10,,20202,22,,,1,50,,20212,22,,,1,10,,20230,22,,,1,10,,20237,22,,,1,10,,20247,22,,,1,9,,20270,22,,,1,10,,20278,22,,,1,49,,20288,22,,,1,9,,20298,22,,,1,9,,20305,22,,,1,8,,20315,22,,,1,9,,20332,22,,,1,8,,20342,22,,,1,9,,20203,22,,,1,48,,20213,22,,,1,8,,20221,22,,,1,9,,20231,22,,,1,8,,20238,22,,,1,9,,20248,22,,,1,8,,20263,22,,,1,7,,20271,22,,,1,48,,20279,22,,,1,8,,20289,22,,,1,7,,20299,22,,,1,8,,20306,22,,,1,8,,20316,22,,,1,7,,20333,22,,,1,8,,20343,22,,,1,8,,20204,22,,,1,47,,20214,22,,,1,8,,20222,22,,,1,8,,20232,22,,,1,7,,20239,22,,,1,6,,20249,22,,,1,7,,20256,22,,,1,6,,20264,22,,,1,7,,20272,22,,,1,46,,20280,22,,,1,7,,20290,22,,,1,6,,20300,22,,,1,7,,20307,22,,,1,6,,20317,22,,,1,7,,20324,22,,,1,7,,20334,22,,,1,6,,20344,22,,,1,6,,20205,22,,,1,7,,20215,22,,,1,47,,20223,22,,,1,6,,20233,22,,,1,7,,20240,22,,,1,6,,20250,22,,,1,7,,20257,22,,,1,6,,20265,22,,,1,7,,20273,22,,,1,6,,20281,22,,,1,7,,20291,22,,,1,46,,20301,22,,,1,7,,20308,22,,,1,6,,20318,22,,,1,7,,20325,22,,,1,6,,20335,22,,,1,7,,20345,22,,,1,6,,20206,22,,,1,7,,20216,22,,,1,6,,20224,22,,,1,47,,20234,22,,,1,6,,20241,22,,,1,7,,20251,22,,,1,6,,20258,22,,,1,7,,20266,22,,,1,6,,20274,22,,,1,7,,20282,22,,,1,6,,20292,22,,,1,7,,20302,22,,,1,46,,20309,22,,,1,7,,20319,22,,,1,6,,20326,22,,,1,7,,20336,22,,,1,6,,20346,22,,,1,7,,20207,22,,,1,6,,20217,22,,,1,7,,20225,22,,,1,6,,20235,22,,,1,47,,20242,22,,,1,6,,20252,22,,,1,7,,20259,22,,,1,6,,20267,22,,,1,7,,20275,22,,,1,6,,20283,22,,,1,6,,20293,22,,,1,7,,20303,22,,,1,6,,20310,22,,,1,7,,20320,22,,,1,47,,20327,22,,,1,8,,20337,22,,,1,8,,20347,22,,,1,7,,20208,22,,,1,8,,20218,22,,,1,8,,20226,22,,,1,7,,20243,22,,,1,8,,20253,22,,,1,47,,20260,22,,,1,8,,20268,22,,,1,8,,20276,22,,,1,7,,20284,22,,,1,8,,20294,22,,,1,9,,20311,22,,,1,8,,20321,22,,,1,49,,20328,22,,,1,8,,20338,22,,,1,8,,20348,22,,,1,9,,20209,22,,,1,8,,20219,22,,,1,9,,20227,22,,,1,8,,20244,22,,,1,48,,20254,22,,,1,9,,20261,22,,,1,8,,20277,22,,,1,9,,20285,22,,,1,8,,20295,22,,,1,10,,20312,22,,,1,9,,20322,22,,,1,50,,20329,22,,,1,10,,20339,22,,,1,10,,20349,22,,,1,10,,20210,22,,,1,10,,20220,22,,,1,10,,20228,22,,,1,50,,20245,22,,,1,10,,20255,22,,,1,10,,20262,22,,,1,10,,20286,22,,,1,10,,20296,22,,,1,10,,20313,22,,,1,50,,20323,22,,,1,10,,20330,22,,,1,10,,20340,22,,,1,13,,20350,22,,,1
100,'GLOBAUX-01-F1',558,,20351,22,,,1,50,,20361,22,,,1,10,,20368,22,,,1,10,,20393,22,,,1,10,,20403,22,,,1,10,,20413,22,,,1,10,,20435,22,,,1,50,,20445,22,,,1,10,,20454,22,,,1,10,,20463,22,,,1,10,,20472,22,,,1,10,,20481,22,,,1,10,,20352,22,,,1,50,,20362,22,,,1,11,,20369,22,,,1,10,,20394,22,,,1,9,,20404,22,,,1,9,,20414,22,,,1,10,,20429,22,,,1,49,,20436,22,,,1,9,,20446,22,,,1,10,,20455,22,,,1,9,,20464,22,,,1,9,,20473,22,,,1,9,,20482,22,,,1,48,,20353,22,,,1,9,,20363,22,,,1,8,,20370,22,,,1,9,,20385,22,,,1,8,,20395,22,,,1,9,,20405,22,,,1,8,,20415,22,,,1,49,,20430,22,,,1,8,,20437,22,,,1,9,,20447,22,,,1,8,,20456,22,,,1,8,,20465,22,,,1,9,,20474,22,,,1,8,,20483,22,,,1,9,,20354,22,,,1,48,,20364,22,,,1,7,,20371,22,,,1,8,,20378,22,,,1,8,,20386,22,,,1,7,,20396,22,,,1,8,,20406,22,,,1,8,,20416,22,,,1,47,,20431,22,,,1,8,,20438,22,,,1,8,,20448,22,,,1,7,,20457,22,,,1,8,,20466,22,,,1,8,,20475,22,,,1,7,,20484,22,,,1,8,,20355,22,,,1,48,,20365,22,,,1,8,,20372,22,,,1,7,,20379,22,,,1,8,,20387,22,,,1,8,,20397,22,,,1,7,,20407,22,,,1,7,,20417,22,,,1,7,,20423,22,,,1,47,,20432,22,,,1,7,,20439,22,,,1,7,,20449,22,,,1,7,,20458,22,,,1,7,,20467,22,,,1,7,,20476,22,,,1,7,,20485,22,,,1,7,,20356,22,,,1,7,,20366,22,,,1,47,,20373,22,,,1,7,,20380,22,,,1,7,,20388,22,,,1,7,,20398,22,,,1,7,,20408,22,,,1,7,,20418,22,,,1,7,,20424,22,,,1,7,,20433,22,,,1,47,,20440,22,,,1,7,,20450,22,,,1,7,,20459,22,,,1,7,,20468,22,,,1,7,,20477,22,,,1,7,,20486,22,,,1,7,,20357,22,,,1,7,,20367,22,,,1,7,,20374,22,,,1,47,,20381,22,,,1,7,,20389,22,,,1,7,,20399,22,,,1,7,,20409,22,,,1,7,,20419,22,,,1,7,,20425,22,,,1,7,,20434,22,,,1,7,,20441,22,,,1,7,,20451,22,,,1,48,,20460,22,,,1,8,,20469,22,,,1,9,,20478,22,,,1,8,,20487,22,,,1,9,,20358,22,,,1,8,,20375,22,,,1,8,,20382,22,,,1,49,,20390,22,,,1,8,,20400,22,,,1,9,,20410,22,,,1,8,,20420,22,,,1,8,,20426,22,,,1,9,,20442,22,,,1,8,,20452,22,,,1,48,,20461,22,,,1,9,,20470,22,,,1,8,,20479,22,,,1,9,,20488,22,,,1,8,,20359,22,,,1,8,,20376,22,,,1,9,,20383,22,,,1,48,,20391,22,,,1,9,,20401,22,,,1,9,,20411,22,,,1,9,,20421,22,,,1,9,,20427,22,,,1,9,,20443,22,,,1,9,,20453,22,,,1,49,,20462,22,,,1,9,,20471,22,,,1,9,,20480,22,,,1,10,,20489,22,,,1,10,,20360,22,,,1,10,,20377,22,,,1,50,,20384,22,,,1,10,,20392,22,,,1,10,,20402,22,,,1,10,,20412,22,,,1,10,,20422,22,,,1,10,,20428,22,,,1,53,,20444,22,,,1
100,'GLOBAUX-01-F2',558,,20490,22,,,1,50,,20500,22,,,1,10,,20507,22,,,1,10,,20532,22,,,1,10,,20542,22,,,1,10,,20552,22,,,1,10,,20574,22,,,1,50,,20584,22,,,1,10,,20593,22,,,1,10,,20602,22,,,1,10,,20611,22,,,1,10,,20620,22,,,1,10,,20491,22,,,1,50,,20501,22,,,1,11,,20508,22,,,1,10,,20533,22,,,1,9,,20543,22,,,1,9,,20553,22,,,1,10,,20568,22,,,1,49,,20575,22,,,1,9,,20585,22,,,1,10,,20594,22,,,1,9,,20603,22,,,1,9,,20612,22,,,1,9,,20621,22,,,1,48,,20492,22,,,1,9,,20502,22,,,1,8,,20509,22,,,1,9,,20524,22,,,1,8,,20534,22,,,1,9,,20544,22,,,1,8,,20554,22,,,1,49,,20569,22,,,1,8,,20576,22,,,1,9,,20586,22,,,1,8,,20595,22,,,1,8,,20604,22,,,1,9,,20613,22,,,1,8,,20622,22,,,1,9,,20493,22,,,1,48,,20503,22,,,1,7,,20510,22,,,1,8,,20517,22,,,1,8,,20525,22,,,1,7,,20535,22,,,1,8,,20545,22,,,1,8,,20555,22,,,1,47,,20570,22,,,1,8,,20577,22,,,1,8,,20587,22,,,1,7,,20596,22,,,1,8,,20605,22,,,1,8,,20614,22,,,1,7,,20623,22,,,1,8,,20494,22,,,1,48,,20504,22,,,1,8,,20511,22,,,1,7,,20518,22,,,1,8,,20526,22,,,1,8,,20536,22,,,1,7,,20546,22,,,1,7,,20556,22,,,1,7,,20562,22,,,1,47,,20571,22,,,1,7,,20578,22,,,1,7,,20588,22,,,1,7,,20597,22,,,1,7,,20606,22,,,1,7,,20615,22,,,1,7,,20624,22,,,1,7,,20495,22,,,1,7,,20505,22,,,1,47,,20512,22,,,1,7,,20519,22,,,1,7,,20527,22,,,1,7,,20537,22,,,1,7,,20547,22,,,1,7,,20557,22,,,1,7,,20563,22,,,1,7,,20572,22,,,1,47,,20579,22,,,1,7,,20589,22,,,1,7,,20598,22,,,1,7,,20607,22,,,1,7,,20616,22,,,1,7,,20625,22,,,1,7,,20496,22,,,1,7,,20506,22,,,1,7,,20513,22,,,1,47,,20520,22,,,1,7,,20528,22,,,1,7,,20538,22,,,1,7,,20548,22,,,1,7,,20558,22,,,1,7,,20564,22,,,1,7,,20573,22,,,1,7,,20580,22,,,1,7,,20590,22,,,1,48,,20599,22,,,1,8,,20608,22,,,1,9,,20617,22,,,1,8,,20626,22,,,1,9,,20497,22,,,1,8,,20514,22,,,1,8,,20521,22,,,1,49,,20529,22,,,1,8,,20539,22,,,1,9,,20549,22,,,1,8,,20559,22,,,1,8,,20565,22,,,1,9,,20581,22,,,1,8,,20591,22,,,1,48,,20600,22,,,1,9,,20609,22,,,1,8,,20618,22,,,1,9,,20627,22,,,1,8,,20498,22,,,1,8,,20515,22,,,1,9,,20522,22,,,1,48,,20530,22,,,1,9,,20540,22,,,1,9,,20550,22,,,1,9,,20560,22,,,1,9,,20566,22,,,1,9,,20582,22,,,1,9,,20592,22,,,1,49,,20601,22,,,1,9,,20610,22,,,1,9,,20619,22,,,1,10,,20628,22,,,1,10,,20499,22,,,1,10,,20516,22,,,1,50,,20523,22,,,1,10,,20531,22,,,1,10,,20541,22,,,1,10,,20551,22,,,1,10,,20561,22,,,1,10,,20567,22,,,1,53,,20583,22,,,1
100,'GLOBAUX-01-I',558,,20629,22,,,1,50,,20639,22,,,1,10,,20646,22,,,1,10,,20671,22,,,1,10,,20681,22,,,1,10,,20691,22,,,1,10,,20713,22,,,1,50,,20723,22,,,1,10,,20732,22,,,1,10,,20741,22,,,1,10,,20750,22,,,1,10,,20759,22,,,1,10,,20630,22,,,1,50,,20640,22,,,1,11,,20647,22,,,1,10,,20672,22,,,1,9,,20682,22,,,1,9,,20692,22,,,1,10,,20707,22,,,1,49,,20714,22,,,1,9,,20724,22,,,1,10,,20733,22,,,1,9,,20742,22,,,1,9,,20751,22,,,1,9,,20760,22,,,1,48,,20631,22,,,1,9,,20641,22,,,1,8,,20648,22,,,1,9,,20663,22,,,1,8,,20673,22,,,1,9,,20683,22,,,1,8,,20693,22,,,1,49,,20708,22,,,1,8,,20715,22,,,1,9,,20725,22,,,1,8,,20734,22,,,1,8,,20743,22,,,1,9,,20752,22,,,1,8,,20761,22,,,1,9,,20632,22,,,1,48,,20642,22,,,1,7,,20649,22,,,1,8,,20656,22,,,1,8,,20664,22,,,1,7,,20674,22,,,1,8,,20684,22,,,1,8,,20694,22,,,1,47,,20709,22,,,1,8,,20716,22,,,1,8,,20726,22,,,1,7,,20735,22,,,1,8,,20744,22,,,1,8,,20753,22,,,1,7,,20762,22,,,1,8,,20633,22,,,1,48,,20643,22,,,1,8,,20650,22,,,1,7,,20657,22,,,1,8,,20665,22,,,1,8,,20675,22,,,1,7,,20685,22,,,1,7,,20695,22,,,1,7,,20701,22,,,1,47,,20710,22,,,1,7,,20717,22,,,1,7,,20727,22,,,1,7,,20736,22,,,1,7,,20745,22,,,1,7,,20754,22,,,1,7,,20763,22,,,1,7,,20634,22,,,1,7,,20644,22,,,1,47,,20651,22,,,1,7,,20658,22,,,1,7,,20666,22,,,1,7,,20676,22,,,1,7,,20686,22,,,1,7,,20696,22,,,1,7,,20702,22,,,1,7,,20711,22,,,1,47,,20718,22,,,1,7,,20728,22,,,1,7,,20737,22,,,1,7,,20746,22,,,1,7,,20755,22,,,1,7,,20764,22,,,1,7,,20635,22,,,1,7,,20645,22,,,1,7,,20652,22,,,1,47,,20659,22,,,1,7,,20667,22,,,1,7,,20677,22,,,1,7,,20687,22,,,1,7,,20697,22,,,1,7,,20703,22,,,1,7,,20712,22,,,1,7,,20719,22,,,1,7,,20729,22,,,1,48,,20738,22,,,1,8,,20747,22,,,1,9,,20756,22,,,1,8,,20765,22,,,1,9,,20636,22,,,1,8,,20653,22,,,1,8,,20660,22,,,1,49,,20668,22,,,1,8,,20678,22,,,1,9,,20688,22,,,1,8,,20698,22,,,1,8,,20704,22,,,1,9,,20720,22,,,1,8,,20730,22,,,1,48,,20739,22,,,1,9,,20748,22,,,1,8,,20757,22,,,1,9,,20766,22,,,1,8,,20637,22,,,1,8,,20654,22,,,1,9,,20661,22,,,1,48,,20669,22,,,1,9,,20679,22,,,1,9,,20689,22,,,1,9,,20699,22,,,1,9,,20705,22,,,1,9,,20721,22,,,1,9,,20731,22,,,1,49,,20740,22,,,1,9,,20749,22,,,1,9,,20758,22,,,1,10,,20767,22,,,1,10,,20638,22,,,1,10,,20655,22,,,1,50,,20662,22,,,1,10,,20670,22,,,1,10,,20680,22,,,1,10,,20690,22,,,1,10,,20700,22,,,1,10,,20706,22,,,1,53,,20722,22,,,1
100,'GLOBAUX-01-S',558,,20768,22,,,1,47,,20796,22,,,1,7,,20806,22,,,1,7,,20826,22,,,1,7,,20848,22,,,1,7,,20852,22,,,1,6,,20859,22,,,1,7,,20870,22,,,1,5,,20876,22,,,1,4,,20893,22,,,1,4,,20902,22,,,1,44,,20905,22,,,1,4,,20913,22,,,1,3,,20930,22,,,1,4,,20936,22,,,1,3,,20946,22,,,1,3,,20948,22,,,1,3,,20950,22,,,1,4,,20952,22,,,1,3,,20968,22,,,1,3,,20977,22,,,1,3,,20979,22,,,1,4,,20997,22,,,1,3,,21003,22,,,1,3,,21004,22,,,1,4,,20769,22,,,1,3,,20787,22,,,1,3,,20789,22,,,1,3,,20797,22,,,1,44,,20807,22,,,1,3,,20808,22,,,1,3,,20809,22,,,1,3,,20811,22,,,1,3,,20812,22,,,1,3,,20827,22,,,1,3,,20833,22,,,1,3,,20839,22,,,1,3,,20849,22,,,1,3,,20853,22,,,1,3,,20860,22,,,1,3,,20865,22,,,1,3,,20871,22,,,1,3,,20877,22,,,1,3,,20894,22,,,1,4,,20903,22,,,1,3,,20906,22,,,1,3,,20912,22,,,1,3,,20914,22,,,1,43,,20931,22,,,1,3,,20937,22,,,1,4,,20947,22,,,1,3,,20949,22,,,1,3,,20951,22,,,1,4,,20955,22,,,1,3,,20960,22,,,1,4,,20969,22,,,1,3,,20978,22,,,1,4,,20984,22,,,1,3,,20998,22,,,1,4,,21005,22,,,1,4,,20770,22,,,1,4,,20780,22,,,1,5,,20790,22,,,1,5,,20798,22,,,1,45,,20810,22,,,1,5,,20813,22,,,1,5,,20828,22,,,1,6,,20840,22,,,1,6,,20854,22,,,1,6,,20866,22,,,1,6,,20878,22,,,1,6,,20895,22,,,1,6,,20907,22,,,1,6,,20915,22,,,1,46,,20932,22,,,1,6,,20938,22,,,1,6,,20956,22,,,1,6,,20961,22,,,1,6,,20970,22,,,1,6,,20985,22,,,1,6,,20999,22,,,1,6,,20771,22,,,1,6,,20781,22,,,1,6,,20791,22,,,1,46,,20799,22,,,1,6,,20814,22,,,1,6,,20829,22,,,1,6,,20841,22,,,1,6,,20855,22,,,1,6,,20867,22,,,1,6,,20879,22,,,1,6,,20896,22,,,1,6,,20908,22,,,1,6,,20916,22,,,1,46,,20933,22,,,1,6,,20939,22,,,1,6,,20957,22,,,1,6,,20962,22,,,1,6,,20971,22,,,1,6,,20986,22,,,1,6,,21000,22,,,1,6,,20772,22,,,1,6,,20782,22,,,1,6,,20792,22,,,1,46,,20800,22,,,1,6,,20815,22,,,1,6,,20830,22,,,1,6,,20842,22,,,1,6,,20856,22,,,1,6,,20868,22,,,1,6,,20880,22,,,1,6,,20897,22,,,1,6,,20909,22,,,1,6,,20917,22,,,1,47,,20934,22,,,1,6,,20940,22,,,1,6,,20958,22,,,1,6,,20963,22,,,1,6,,20972,22,,,1,5,,20987,22,,,1,4,,20989,22,,,1,4,,21001,22,,,1,4,,20773,22,,,1,4,,20775,22,,,1,4,,20783,22,,,1,4,,20793,22,,,1,4,,20795,22,,,1,44,,20801,22,,,1,4,,20816,22,,,1,3,,20821,22,,,1,4,,20831,22,,,1,3,,20834,22,,,1,3,,20843,22,,,1,3,,20850,22,,,1,4,,20857,22,,,1,3,,20869,22,,,1,3,,20872,22,,,1,3,,20881,22,,,1,3,,20886,22,,,1,3,,20891,22,,,1,3,,20898,22,,,1,3,,20904,22,,,1,3,,20910,22,,,1,3,,20918,22,,,1,2,,20923,22,,,1,3,,20925,22,,,1,43,,20935,22,,,1,3,,20941,22,,,1,2,,20953,22,,,1,3,,20954,22,,,1,3,,20959,22,,,1,3,,20964,22,,,1,2,,20973,22,,,1,3,,20980,22,,,1,3,,20983,22,,,1,2,,20988,22,,,1,3,,20990,22,,,1,3,,20993,22,,,1,3,,21002,22,,,1,2,,20774,22,,,1,3,,20776,22,,,1,3,,20784,22,,,1,3,,20788,22,,,1,4,,20794,22,,,1,3,,20802,22,,,1,3,,20817,22,,,1,4,,20822,22,,,1,43,,20832,22,,,1,4,,20835,22,,,1,4,,20844,22,,,1,3,,20851,22,,,1,4,,20858,22,,,1,3,,20861,22,,,1,4,,20873,22,,,1,4,,20882,22,,,1,4,,20887,22,,,1,4,,20892,22,,,1,4,,20899,22,,,1,4,,20911,22,,,1,4,,20919,22,,,1,5,,20924,22,,,1,4,,20926,22,,,1,44,,20942,22,,,1,5,,20965,22,,,1,6,,20974,22,,,1,6,,20981,22,,,1,5,,20991,22,,,1,6,,20994,22,,,1,6,,20777,22,,,1,6,,20785,22,,,1,6,,20803,22,,,1,6,,20818,22,,,1,6,,20823,22,,,1,46,,20836,22,,,1,6,,20845,22,,,1,6,,20862,22,,,1,6,,20874,22,,,1,6,,20883,22,,,1,6,,20888,22,,,1,6,,20900,22,,,1,7,,20920,22,,,1,6,,20927,22,,,1,46,,20943,22,,,1,6,,20966,22,,,1,6,,20975,22,,,1,6,,20982,22,,,1,6,,20992,22,,,1,6,,20995,22,,,1,6,,20778,22,,,1,6,,20786,22,,,1,6,,20804,22,,,1,6,,20819,22,,,1,46,,20824,22,,,1,6,,20837,22,,,1,6,,20846,22,,,1,6,,20863,22,,,1,6,,20875,22,,,1,6,,20884,22,,,1,7,,20889,22,,,1,6,,20901,22,,,1,7,,20921,22,,,1,6,,20928,22,,,1,48,,20944,22,,,1,8,,20967,22,,,1,8,,20976,22,,,1,8,,20996,22,,,1,8,,20779,22,,,1,8,,20805,22,,,1,8,,20820,22,,,1,48,,20825,22,,,1,8,,20838,22,,,1,8,,20847,22,,,1,8,,20864,22,,,1,7,,20885,22,,,1,8,,20890,22,,,1,8,,20922,22,,,1,8,,20929,22,,,1,52,,20945,22,,,1
101,'GLOBAUX-01-A',536,,21092,6,,,1,10,,21102,6,,,1,10,,21109,6,,,1,50,,21119,6,,,1,10,,21136,6,,,1,10,,21146,6,,,1,10,,21006,6,,,1,10,,21016,6,,,1,10,,21035,6,,,1,50,,21042,6,,,1,10,,21052,6,,,1,10,,21074,6,,,1,10,,21082,6,,,1,9,,21093,6,,,1,9,,21103,6,,,1,50,,21110,6,,,1,9,,21120,6,,,1,8,,21137,6,,,1,9,,21147,6,,,1,8,,21007,6,,,1,9,,21017,6,,,1,8,,21026,6,,,1,49,,21036,6,,,1,8,,21043,6,,,1,8,,21053,6,,,1,9,,21075,6,,,1,8,,21083,6,,,1,9,,21094,6,,,1,8,,21104,6,,,1,49,,21111,6,,,1,8,,21121,6,,,1,8,,21138,6,,,1,9,,21148,6,,,1,8,,21008,6,,,1,9,,21018,6,,,1,7,,21027,6,,,1,48,,21037,6,,,1,8,,21044,6,,,1,7,,21054,6,,,1,8,,21069,6,,,1,8,,21076,6,,,1,7,,21084,6,,,1,8,,21095,6,,,1,8,,21105,6,,,1,47,,21112,6,,,1,7,,21122,6,,,1,7,,21129,6,,,1,6,,21139,6,,,1,7,,21149,6,,,1,6,,21009,6,,,1,7,,21019,6,,,1,6,,21028,6,,,1,7,,21038,6,,,1,46,,21045,6,,,1,7,,21055,6,,,1,6,,21062,6,,,1,7,,21070,6,,,1,6,,21077,6,,,1,7,,21085,6,,,1,6,,21096,6,,,1,7,,21106,6,,,1,6,,21113,6,,,1,7,,21123,6,,,1,46,,21130,6,,,1,7,,21140,6,,,1,6,,21150,6,,,1,7,,21010,6,,,1,6,,21020,6,,,1,7,,21029,6,,,1,6,,21039,6,,,1,7,,21046,6,,,1,6,,21056,6,,,1,47,,21063,6,,,1,6,,21071,6,,,1,7,,21078,6,,,1,6,,21086,6,,,1,7,,21097,6,,,1,6,,21107,6,,,1,7,,21114,6,,,1,6,,21124,6,,,1,7,,21131,6,,,1,46,,21141,6,,,1,7,,21151,6,,,1,6,,21011,6,,,1,7,,21021,6,,,1,6,,21030,6,,,1,7,,21040,6,,,1,6,,21047,6,,,1,7,,21057,6,,,1,6,,21064,6,,,1,47,,21072,6,,,1,6,,21079,6,,,1,7,,21087,6,,,1,6,,21098,6,,,1,7,,21108,6,,,1,6,,21115,6,,,1,7,,21125,6,,,1,6,,21132,6,,,1,7,,21142,6,,,1,6,,21152,6,,,1,47,,21012,6,,,1,6,,21022,6,,,1,7,,21031,6,,,1,6,,21041,6,,,1,7,,21048,6,,,1,7,,21058,6,,,1,7,,21065,6,,,1,8,,21073,6,,,1,48,,21080,6,,,1,7,,21088,6,,,1,8,,21099,6,,,1,8,,21116,6,,,1,7,,21126,6,,,1,9,,21133,6,,,1,8,,21143,6,,,1,8,,21153,6,,,1,49,,21013,6,,,1,8,,21023,6,,,1,9,,21032,6,,,1,8,,21049,6,,,1,8,,21059,6,,,1,9,,21066,6,,,1,8,,21081,6,,,1,49,,21089,6,,,1,8,,21100,6,,,1,9,,21117,6,,,1,8,,21127,6,,,1,8,,21134,6,,,1,10,,21144,6,,,1,9,,21154,6,,,1,49,,21014,6,,,1,10,,21024,6,,,1,9,,21033,6,,,1,10,,21050,6,,,1,10,,21060,6,,,1,9,,21067,6,,,1,50,,21090,6,,,1,10,,21101,6,,,1,10,,21118,6,,,1,10,,21128,6,,,1,10,,21135,6,,,1,10,,21145,6,,,1,50,,21155,6,,,1,10,,21015,6,,,1,10,,21025,6,,,1,10,,21034,6,,,1,10,,21051,6,,,1,10,,21061,6,,,1,50,,21068,6,,,1,10,,21091,6,,,1
101,'GLOBAUX-01-F1',536,,21236,6,,,1,10,,21246,6,,,1,10,,21255,6,,,1,50,,21265,6,,,1,10,,21275,6,,,1,10,,21285,6,,,1,10,,21156,6,,,1,10,,21166,6,,,1,10,,21173,6,,,1,50,,21198,6,,,1,10,,21207,6,,,1,10,,21216,6,,,1,10,,21230,6,,,1,9,,21237,6,,,1,9,,21247,6,,,1,50,,21256,6,,,1,9,,21266,6,,,1,9,,21276,6,,,1,9,,21286,6,,,1,8,,21157,6,,,1,9,,21167,6,,,1,8,,21174,6,,,1,48,,21190,6,,,1,9,,21199,6,,,1,8,,21208,6,,,1,9,,21217,6,,,1,8,,21231,6,,,1,9,,21238,6,,,1,8,,21248,6,,,1,48,,21257,6,,,1,9,,21267,6,,,1,8,,21277,6,,,1,9,,21287,6,,,1,8,,21158,6,,,1,8,,21168,6,,,1,9,,21175,6,,,1,48,,21191,6,,,1,9,,21200,6,,,1,8,,21209,6,,,1,9,,21218,6,,,1,8,,21232,6,,,1,8,,21239,6,,,1,9,,21249,6,,,1,48,,21258,6,,,1,9,,21268,6,,,1,8,,21278,6,,,1,8,,21288,6,,,1,7,,21159,6,,,1,8,,21169,6,,,1,8,,21176,6,,,1,7,,21183,6,,,1,48,,21192,6,,,1,8,,21201,6,,,1,7,,21210,6,,,1,8,,21219,6,,,1,8,,21233,6,,,1,7,,21240,6,,,1,8,,21250,6,,,1,8,,21259,6,,,1,47,,21269,6,,,1,8,,21279,6,,,1,8,,21289,6,,,1,7,,21160,6,,,1,8,,21170,6,,,1,8,,21177,6,,,1,7,,21184,6,,,1,8,,21193,6,,,1,47,,21202,6,,,1,7,,21211,6,,,1,7,,21220,6,,,1,7,,21225,6,,,1,7,,21234,6,,,1,7,,21241,6,,,1,7,,21251,6,,,1,7,,21260,6,,,1,47,,21270,6,,,1,7,,21280,6,,,1,7,,21290,6,,,1,7,,21161,6,,,1,7,,21171,6,,,1,7,,21178,6,,,1,7,,21185,6,,,1,7,,21194,6,,,1,7,,21203,6,,,1,47,,21212,6,,,1,7,,21221,6,,,1,7,,21226,6,,,1,7,,21235,6,,,1,7,,21242,6,,,1,7,,21252,6,,,1,7,,21261,6,,,1,7,,21271,6,,,1,47,,21281,6,,,1,7,,21291,6,,,1,7,,21162,6,,,1,7,,21172,6,,,1,7,,21179,6,,,1,7,,21186,6,,,1,8,,21195,6,,,1,9,,21204,6,,,1,48,,21213,6,,,1,9,,21222,6,,,1,8,,21227,6,,,1,8,,21243,6,,,1,9,,21253,6,,,1,8,,21262,6,,,1,9,,21272,6,,,1,48,,21282,6,,,1,9,,21292,6,,,1,8,,21163,6,,,1,8,,21180,6,,,1,9,,21187,6,,,1,8,,21196,6,,,1,9,,21205,6,,,1,8,,21214,6,,,1,48,,21223,6,,,1,9,,21228,6,,,1,8,,21244,6,,,1,9,,21254,6,,,1,8,,21263,6,,,1,9,,21273,6,,,1,8,,21283,6,,,1,48,,21293,6,,,1,9,,21164,6,,,1,9,,21181,6,,,1,10,,21188,6,,,1,10,,21197,6,,,1,10,,21206,6,,,1,50,,21215,6,,,1,10,,21224,6,,,1,10,,21229,6,,,1,10,,21245,6,,,1,10,,21264,6,,,1,10,,21274,6,,,1,50,,21284,6,,,1,10,,21294,6,,,1,10,,21165,6,,,1,10,,21182,6,,,1,10,,21189,6,,,1
101,'GLOBAUX-01-F2',536,,21375,6,,,1,10,,21385,6,,,1,10,,21394,6,,,1,50,,21404,6,,,1,10,,21414,6,,,1,10,,21424,6,,,1,10,,21295,6,,,1,10,,21305,6,,,1,10,,21312,6,,,1,50,,21337,6,,,1,10,,21346,6,,,1,10,,21355,6,,,1,10,,21369,6,,,1,9,,21376,6,,,1,9,,21386,6,,,1,50,,21395,6,,,1,9,,21405,6,,,1,9,,21415,6,,,1,9,,21425,6,,,1,8,,21296,6,,,1,9,,21306,6,,,1,8,,21313,6,,,1,48,,21329,6,,,1,9,,21338,6,,,1,8,,21347,6,,,1,9,,21356,6,,,1,8,,21370,6,,,1,9,,21377,6,,,1,8,,21387,6,,,1,48,,21396,6,,,1,9,,21406,6,,,1,8,,21416,6,,,1,9,,21426,6,,,1,8,,21297,6,,,1,8,,21307,6,,,1,9,,21314,6,,,1,48,,21330,6,,,1,9,,21339,6,,,1,8,,21348,6,,,1,9,,21357,6,,,1,8,,21371,6,,,1,8,,21378,6,,,1,9,,21388,6,,,1,48,,21397,6,,,1,9,,21407,6,,,1,8,,21417,6,,,1,8,,21427,6,,,1,7,,21298,6,,,1,8,,21308,6,,,1,8,,21315,6,,,1,7,,21322,6,,,1,48,,21331,6,,,1,8,,21340,6,,,1,7,,21349,6,,,1,8,,21358,6,,,1,8,,21372,6,,,1,7,,21379,6,,,1,8,,21389,6,,,1,8,,21398,6,,,1,47,,21408,6,,,1,8,,21418,6,,,1,8,,21428,6,,,1,7,,21299,6,,,1,8,,21309,6,,,1,8,,21316,6,,,1,7,,21323,6,,,1,8,,21332,6,,,1,47,,21341,6,,,1,7,,21350,6,,,1,7,,21359,6,,,1,7,,21364,6,,,1,7,,21373,6,,,1,7,,21380,6,,,1,7,,21390,6,,,1,7,,21399,6,,,1,47,,21409,6,,,1,7,,21419,6,,,1,7,,21429,6,,,1,7,,21300,6,,,1,7,,21310,6,,,1,7,,21317,6,,,1,7,,21324,6,,,1,7,,21333,6,,,1,7,,21342,6,,,1,47,,21351,6,,,1,7,,21360,6,,,1,7,,21365,6,,,1,7,,21374,6,,,1,7,,21381,6,,,1,7,,21391,6,,,1,7,,21400,6,,,1,7,,21410,6,,,1,47,,21420,6,,,1,7,,21430,6,,,1,7,,21301,6,,,1,7,,21311,6,,,1,7,,21318,6,,,1,7,,21325,6,,,1,8,,21334,6,,,1,9,,21343,6,,,1,48,,21352,6,,,1,9,,21361,6,,,1,8,,21366,6,,,1,8,,21382,6,,,1,9,,21392,6,,,1,8,,21401,6,,,1,9,,21411,6,,,1,48,,21421,6,,,1,9,,21431,6,,,1,8,,21302,6,,,1,8,,21319,6,,,1,9,,21326,6,,,1,8,,21335,6,,,1,9,,21344,6,,,1,8,,21353,6,,,1,48,,21362,6,,,1,9,,21367,6,,,1,8,,21383,6,,,1,9,,21393,6,,,1,8,,21402,6,,,1,9,,21412,6,,,1,8,,21422,6,,,1,48,,21432,6,,,1,9,,21303,6,,,1,9,,21320,6,,,1,10,,21327,6,,,1,10,,21336,6,,,1,10,,21345,6,,,1,50,,21354,6,,,1,10,,21363,6,,,1,10,,21368,6,,,1,10,,21384,6,,,1,10,,21403,6,,,1,10,,21413,6,,,1,50,,21423,6,,,1,10,,21433,6,,,1,10,,21304,6,,,1,10,,21321,6,,,1,10,,21328,6,,,1
101,'GLOBAUX-01-I',536,,21514,6,,,1,10,,21524,6,,,1,10,,21533,6,,,1,50,,21543,6,,,1,10,,21553,6,,,1,10,,21563,6,,,1,10,,21434,6,,,1,10,,21444,6,,,1,10,,21451,6,,,1,50,,21476,6,,,1,10,,21485,6,,,1,10,,21494,6,,,1,10,,21508,6,,,1,9,,21515,6,,,1,9,,21525,6,,,1,50,,21534,6,,,1,9,,21544,6,,,1,9,,21554,6,,,1,9,,21564,6,,,1,8,,21435,6,,,1,9,,21445,6,,,1,8,,21452,6,,,1,48,,21468,6,,,1,9,,21477,6,,,1,8,,21486,6,,,1,9,,21495,6,,,1,8,,21509,6,,,1,9,,21516,6,,,1,8,,21526,6,,,1,48,,21535,6,,,1,9,,21545,6,,,1,8,,21555,6,,,1,9,,21565,6,,,1,8,,21436,6,,,1,8,,21446,6,,,1,9,,21453,6,,,1,48,,21469,6,,,1,9,,21478,6,,,1,8,,21487,6,,,1,9,,21496,6,,,1,8,,21510,6,,,1,8,,21517,6,,,1,9,,21527,6,,,1,48,,21536,6,,,1,9,,21546,6,,,1,8,,21556,6,,,1,8,,21566,6,,,1,7,,21437,6,,,1,8,,21447,6,,,1,8,,21454,6,,,1,7,,21461,6,,,1,48,,21470,6,,,1,8,,21479,6,,,1,7,,21488,6,,,1,8,,21497,6,,,1,8,,21511,6,,,1,7,,21518,6,,,1,8,,21528,6,,,1,8,,21537,6,,,1,47,,21547,6,,,1,8,,21557,6,,,1,8,,21567,6,,,1,7,,21438,6,,,1,8,,21448,6,,,1,8,,21455,6,,,1,7,,21462,6,,,1,8,,21471,6,,,1,47,,21480,6,,,1,7,,21489,6,,,1,7,,21498,6,,,1,7,,21503,6,,,1,7,,21512,6,,,1,7,,21519,6,,,1,7,,21529,6,,,1,7,,21538,6,,,1,47,,21548,6,,,1,7,,21558,6,,,1,7,,21568,6,,,1,7,,21439,6,,,1,7,,21449,6,,,1,7,,21456,6,,,1,7,,21463,6,,,1,7,,21472,6,,,1,7,,21481,6,,,1,47,,21490,6,,,1,7,,21499,6,,,1,7,,21504,6,,,1,7,,21513,6,,,1,7,,21520,6,,,1,7,,21530,6,,,1,7,,21539,6,,,1,7,,21549,6,,,1,47,,21559,6,,,1,7,,21569,6,,,1,7,,21440,6,,,1,7,,21450,6,,,1,7,,21457,6,,,1,7,,21464,6,,,1,8,,21473,6,,,1,9,,21482,6,,,1,48,,21491,6,,,1,9,,21500,6,,,1,8,,21505,6,,,1,8,,21521,6,,,1,9,,21531,6,,,1,8,,21540,6,,,1,9,,21550,6,,,1,48,,21560,6,,,1,9,,21570,6,,,1,8,,21441,6,,,1,8,,21458,6,,,1,9,,21465,6,,,1,8,,21474,6,,,1,9,,21483,6,,,1,8,,21492,6,,,1,48,,21501,6,,,1,9,,21506,6,,,1,8,,21522,6,,,1,9,,21532,6,,,1,8,,21541,6,,,1,9,,21551,6,,,1,8,,21561,6,,,1,48,,21571,6,,,1,9,,21442,6,,,1,9,,21459,6,,,1,10,,21466,6,,,1,10,,21475,6,,,1,10,,21484,6,,,1,50,,21493,6,,,1,10,,21502,6,,,1,10,,21507,6,,,1,10,,21523,6,,,1,10,,21542,6,,,1,10,,21552,6,,,1,50,,21562,6,,,1,10,,21572,6,,,1,10,,21443,6,,,1,10,,21460,6,,,1,10,,21467,6,,,1
101,'GLOBAUX-01-S',536,,21696,6,,,1,8,,21708,6,,,1,7,,21732,6,,,1,7,,21749,6,,,1,47,,21753,6,,,1,7,,21772,6,,,1,7,,21802,6,,,1,7,,21809,6,,,1,5,,21573,6,,,1,5,,21595,6,,,1,5,,21602,6,,,1,5,,21612,6,,,1,5,,21616,6,,,1,5,,21618,6,,,1,44,,21633,6,,,1,4,,21640,6,,,1,3,,21655,6,,,1,4,,21659,6,,,1,3,,21665,6,,,1,4,,21670,6,,,1,4,,21676,6,,,1,3,,21681,6,,,1,4,,21697,6,,,1,3,,21705,6,,,1,3,,21709,6,,,1,3,,21717,6,,,1,3,,21733,6,,,1,4,,21739,6,,,1,2,,21740,6,,,1,3,,21750,6,,,1,3,,21752,6,,,1,3,,21754,6,,,1,2,,21755,6,,,1,43,,21757,6,,,1,3,,21763,6,,,1,3,,21773,6,,,1,2,,21782,6,,,1,3,,21783,6,,,1,2,,21788,6,,,1,3,,21803,6,,,1,2,,21808,6,,,1,3,,21810,6,,,1,2,,21574,6,,,1,3,,21585,6,,,1,2,,21593,6,,,1,3,,21596,6,,,1,2,,21603,6,,,1,3,,21613,6,,,1,3,,21614,6,,,1,2,,21615,6,,,1,3,,21617,6,,,1,3,,21619,6,,,1,3,,21634,6,,,1,3,,21641,6,,,1,3,,21647,6,,,1,44,,21656,6,,,1,3,,21660,6,,,1,3,,21671,6,,,1,4,,21677,6,,,1,3,,21682,6,,,1,4,,21698,6,,,1,3,,21706,6,,,1,4,,21710,6,,,1,4,,21716,6,,,1,3,,21718,6,,,1,4,,21734,6,,,1,4,,21741,6,,,1,5,,21751,6,,,1,5,,21758,6,,,1,5,,21764,6,,,1,46,,21774,6,,,1,6,,21789,6,,,1,6,,21804,6,,,1,6,,21575,6,,,1,6,,21586,6,,,1,6,,21597,6,,,1,6,,21604,6,,,1,6,,21620,6,,,1,6,,21635,6,,,1,6,,21648,6,,,1,46,,21661,6,,,1,6,,21672,6,,,1,6,,21683,6,,,1,6,,21699,6,,,1,6,,21711,6,,,1,6,,21719,6,,,1,6,,21735,6,,,1,6,,21742,6,,,1,6,,21759,6,,,1,6,,21765,6,,,1,46,,21775,6,,,1,6,,21790,6,,,1,6,,21805,6,,,1,6,,21576,6,,,1,6,,21587,6,,,1,6,,21598,6,,,1,6,,21605,6,,,1,6,,21621,6,,,1,6,,21636,6,,,1,6,,21649,6,,,1,46,,21662,6,,,1,6,,21673,6,,,1,6,,21684,6,,,1,6,,21700,6,,,1,6,,21712,6,,,1,6,,21720,6,,,1,6,,21736,6,,,1,6,,21743,6,,,1,6,,21760,6,,,1,6,,21766,6,,,1,46,,21776,6,,,1,6,,21791,6,,,1,6,,21806,6,,,1,6,,21577,6,,,1,6,,21588,6,,,1,6,,21599,6,,,1,6,,21606,6,,,1,6,,21622,6,,,1,6,,21637,6,,,1,6,,21650,6,,,1,46,,21663,6,,,1,6,,21674,6,,,1,6,,21685,6,,,1,5,,21694,6,,,1,5,,21701,6,,,1,4,,21713,6,,,1,4,,21721,6,,,1,4,,21726,6,,,1,4,,21737,6,,,1,4,,21744,6,,,1,4,,21756,6,,,1,3,,21761,6,,,1,4,,21767,6,,,1,4,,21777,6,,,1,44,,21787,6,,,1,3,,21792,6,,,1,4,,21794,6,,,1,4,,21807,6,,,1,4,,21578,6,,,1,3,,21580,6,,,1,4,,21589,6,,,1,4,,21600,6,,,1,3,,21601,6,,,1,3,,21607,6,,,1,4,,21623,6,,,1,3,,21628,6,,,1,3,,21638,6,,,1,3,,21642,6,,,1,3,,21651,6,,,1,3,,21657,6,,,1,3,,21664,6,,,1,3,,21666,6,,,1,43,,21675,6,,,1,4,,21678,6,,,1,3,,21686,6,,,1,3,,21690,6,,,1,3,,21695,6,,,1,3,,21702,6,,,1,3,,21707,6,,,1,3,,21714,6,,,1,3,,21722,6,,,1,4,,21727,6,,,1,3,,21728,6,,,1,3,,21738,6,,,1,4,,21745,6,,,1,3,,21762,6,,,1,4,,21768,6,,,1,3,,21778,6,,,1,4,,21784,6,,,1,3,,21793,6,,,1,44,,21795,6,,,1,4,,21798,6,,,1,4,,21579,6,,,1,4,,21581,6,,,1,4,,21590,6,,,1,4,,21594,6,,,1,4,,21608,6,,,1,4,,21624,6,,,1,4,,21629,6,,,1,4,,21639,6,,,1,4,,21643,6,,,1,5,,21652,6,,,1,4,,21658,6,,,1,4,,21667,6,,,1,45,,21679,6,,,1,5,,21687,6,,,1,5,,21691,6,,,1,5,,21703,6,,,1,5,,21715,6,,,1,6,,21723,6,,,1,5,,21729,6,,,1,6,,21746,6,,,1,6,,21769,6,,,1,5,,21779,6,,,1,6,,21785,6,,,1,46,,21796,6,,,1,6,,21799,6,,,1,6,,21582,6,,,1,6,,21591,6,,,1,6,,21609,6,,,1,6,,21625,6,,,1,6,,21630,6,,,1,6,,21644,6,,,1,6,,21653,6,,,1,6,,21668,6,,,1,46,,21680,6,,,1,6,,21688,6,,,1,6,,21692,6,,,1,7,,21704,6,,,1,6,,21724,6,,,1,6,,21730,6,,,1,6,,21747,6,,,1,6,,21770,6,,,1,6,,21780,6,,,1,6,,21786,6,,,1,46,,21797,6,,,1,6,,21800,6,,,1,6,,21583,6,,,1,6,,21592,6,,,1,6,,21610,6,,,1,6,,21626,6,,,1,7,,21631,6,,,1,7,,21645,6,,,1,8,,21654,6,,,1,47,,21669,6,,,1,8,,21689,6,,,1,8,,21693,6,,,1,8,,21725,6,,,1,8,,21731,6,,,1,8,,21748,6,,,1,8,,21771,6,,,1,8,,21781,6,,,1,48,,21801,6,,,1,8,,21584,6,,,1,8,,21611,6,,,1,8,,21627,6,,,1,8,,21632,6,,,1,8,,21646,6,,,1
