100,'GLOBAUX-01-A',533,,20201,3,,,1,10,,20211,3,,,1,10,,20229,3,,,1,50,,20236,3,,,1,10,,20246,3,,,1,10,,20269,3,,,1,10,,20287,3,,,1,10,,20297,3,,,1,10,,20304,3,,,1,50,,20314,3,,,1,10,,20331,3,,,1,10,,20341,3,,,1,10,,20202,3,,,1,10,,20212,3,,,1,10,,20230,3,,,1,50,,20237,3,,,1,10,,20247,3,,,1,9,,20270,3,,,1,9,,20278,3,,,1,10,,20288,3,,,1,9,,20298,3,,,1,9,,20305,3,,,1,48,,20315,3,,,1,8,,20332,3,,,1,9,,20342,3,,,1,8,,20203,3,,,1,9,,20213,3,,,1,8,,20221,3,,,1,9,,20231,3,,,1,48,,20238,3,,,1,8,,20248,3,,,1,8,,20263,3,,,1,8,,20271,3,,,1,7,,20279,3,,,1,8,,20289,3,,,1,8,,20299,3,,,1,47,,20306,3,,,1,8,,20316,3,,,1,8,,20333,3,,,1,7,,20343,3,,,1,8,,20204,3,,,1,8,,20214,3,,,1,7,,20222,3,,,1,8,,20232,3,,,1,47,,20239,3,,,1,7,,20249,3,,,1,6,,20256,3,,,1,7,,20264,3,,,1,6,,20272,3,,,1,7,,20280,3,,,1,6,,20290,3,,,1,7,,20300,3,,,1,6,,20307,3,,,1,47,,20317,3,,,1,6,,20324,3,,,1,7,,20334,3,,,1,6,,20344,3,,,1,7,,20205,3,,,1,6,,20215,3,,,1,7,,20223,3,,,1,6,,20233,3,,,1,7,,20240,3,,,1,6,,20250,3,,,1,47,,20257,3,,,1,6,,20265,3,,,1,7,,20273,3,,,1,6,,20281,3,,,1,7,,20291,3,,,1,6,,20301,3,,,1,6,,20308,3,,,1,7,,20318,3,,,1,6,,20325,3,,,1,47,,20335,3,,,1,6,,20345,3,,,1,7,,20206,3,,,1,6,,20216,3,,,1,7,,20224,3,,,1,6,,20234,3,,,1,7,,20241,3,,,1,6,,20251,3,,,1,7,,20258,3,,,1,46,,20266,3,,,1,7,,20274,3,,,1,6,,20282,3,,,1,7,,20292,3,,,1,6,,20302,3,,,1,7,,20309,3,,,1,6,,20319,3,,,1,7,,20326,3,,,1,6,,20336,3,,,1,47,,20346,3,,,1,7,,20207,3,,,1,6,,20217,3,,,1,7,,20225,3,,,1,6,,20235,3,,,1,7,,20242,3,,,1,6,,20252,3,,,1,7,,20259,3,,,1,6,,20267,3,,,1,7,,20275,3,,,1,46,,20283,3,,,1,7,,20293,3,,,1,6,,20303,3,,,1,6,,20310,3,,,1,7,,20320,3,,,1,7,,20327,3,,,1,8,,20337,3,,,1,8,,20347,3,,,1,47,,20208,3,,,1,8,,20218,3,,,1,8,,20226,3,,,1,7,,20243,3,,,1,8,,20253,3,,,1,8,,20260,3,,,1,7,,20268,3,,,1,8,,20276,3,,,1,48,,20284,3,,,1,8,,20294,3,,,1,8,,20311,3,,,1,9,,20321,3,,,1,8,,20328,3,,,1,8,,20338,3,,,1,9,,20348,3,,,1,48,,20209,3,,,1,9,,20219,3,,,1,8,,20227,3,,,1,8,,20244,3,,,1,9,,20254,3,,,1,8,,20261,3,,,1,9,,20277,3,,,1,48,,20285,3,,,1,9,,20295,3,,,1,9,,20312,3,,,1,10,,20322,3,,,1,10,,20329,3,,,1,10,,20339,3,,,1,10,,20349,3,,,1,50,,20210,3,,,1,10,,20220,3,,,1,10,,20228,3,,,1,10,,20245,3,,,1,10,,20255,3,,,1,10,,20262,3,,,1,50,,20286,3,,,1,10,,20296,3,,,1,10,,20313,3,,,1,10,,20323,3,,,1,10,,20330,3,,,1,10,,20340,3,,,1,50,,20350,3,,,1
100,'GLOBAUX-01-F1',533,,20351,3,,,1,10,,20361,3,,,1,10,,20368,3,,,1,50,,20393,3,,,1,10,,20403,3,,,1,10,,20413,3,,,1,10,,20435,3,,,1,10,,20445,3,,,1,10,,20454,3,,,1,50,,20463,3,,,1,10,,20472,3,,,1,10,,20481,3,,,1,10,,20352,3,,,1,10,,20362,3,,,1,10,,20369,3,,,1,50,,20394,3,,,1,9,,20404,3,,,1,9,,20414,3,,,1,10,,20429,3,,,1,9,,20436,3,,,1,9,,20446,3,,,1,10,,20455,3,,,1,49,,20464,3,,,1,9,,20473,3,,,1,9,,20482,3,,,1,8,,20353,3,,,1,9,,20363,3,,,1,8,,20370,3,,,1,49,,20385,3,,,1,8,,20395,3,,,1,8,,20405,3,,,1,9,,20415,3,,,1,8,,20430,3,,,1,9,,20437,3,,,1,8,,20447,3,,,1,9,,20456,3,,,1,48,,20465,3,,,1,8,,20474,3,,,1,9,,20483,3,,,1,8,,20354,3,,,1,8,,20364,3,,,1,8,,20371,3,,,1,7,,20378,3,,,1,48,,20386,3,,,1,8,,20396,3,,,1,7,,20406,3,,,1,8,,20416,3,,,1,8,,20431,3,,,1,7,,20438,3,,,1,8,,20448,3,,,1,8,,20457,3,,,1,47,,20466,3,,,1,8,,20475,3,,,1,8,,20484,3,,,1,7,,20355,3,,,1,8,,20365,3,,,1,8,,20372,3,,,1,7,,20379,3,,,1,8,,20387,3,,,1,48,,20397,3,,,1,7,,20407,3,,,1,7,,20417,3,,,1,7,,20423,3,,,1,7,,20432,3,,,1,7,,20439,3,,,1,7,,20449,3,,,1,7,,20458,3,,,1,47,,20467,3,,,1,7,,20476,3,,,1,7,,20485,3,,,1,7,,20356,3,,,1,7,,20366,3,,,1,7,,20373,3,,,1,7,,20380,3,,,1,7,,20388,3,,,1,7,,20398,3,,,1,47,,20408,3,,,1,7,,20418,3,,,1,7,,20424,3,,,1,7,,20433,3,,,1,7,,20440,3,,,1,7,,20450,3,,,1,7,,20459,3,,,1,7,,20468,3,,,1,47,,20477,3,,,1,7,,20486,3,,,1,7,,20357,3,,,1,7,,20367,3,,,1,7,,20374,3,,,1,7,,20381,3,,,1,7,,20389,3,,,1,7,,20399,3,,,1,7,,20409,3,,,1,47,,20419,3,,,1,7,,20425,3,,,1,7,,20434,3,,,1,7,,20441,3,,,1,7,,20451,3,,,1,8,,20460,3,,,1,9,,20469,3,,,1,8,,20478,3,,,1,49,,20487,3,,,1,8,,20358,3,,,1,8,,20375,3,,,1,9,,20382,3,,,1,8,,20390,3,,,1,9,,20400,3,,,1,8,,20410,3,,,1,49,,20420,3,,,1,8,,20426,3,,,1,8,,20442,3,,,1,9,,20452,3,,,1,8,,20461,3,,,1,9,,20470,3,,,1,8,,20479,3,,,1,48,,20488,3,,,1,9,,20359,3,,,1,8,,20376,3,,,1,9,,20383,3,,,1,8,,20391,3,,,1,9,,20401,3,,,1,9,,20411,3,,,1,49,,20421,3,,,1,9,,20427,3,,,1,9,,20443,3,,,1,9,,20453,3,,,1,9,,20462,3,,,1,9,,20471,3,,,1,9,,20480,3,,,1,50,,20489,3,,,1,10,,20360,3,,,1,10,,20377,3,,,1,10,,20384,3,,,1,10,,20392,3,,,1,10,,20402,3,,,1,50,,20412,3,,,1,10,,20422,3,,,1,10,,20428,3,,,1,10,,20444,3,,,1
100,'GLOBAUX-01-F2',533,,20490,3,,,1,10,,20500,3,,,1,10,,20507,3,,,1,50,,20532,3,,,1,10,,20542,3,,,1,10,,20552,3,,,1,10,,20574,3,,,1,10,,20584,3,,,1,10,,20593,3,,,1,50,,20602,3,,,1,10,,20611,3,,,1,10,,20620,3,,,1,10,,20491,3,,,1,10,,20501,3,,,1,10,,20508,3,,,1,50,,20533,3,,,1,9,,20543,3,,,1,9,,20553,3,,,1,10,,20568,3,,,1,9,,20575,3,,,1,9,,20585,3,,,1,10,,20594,3,,,1,49,,20603,3,,,1,9,,20612,3,,,1,9,,20621,3,,,1,8,,20492,3,,,1,9,,20502,3,,,1,8,,20509,3,,,1,49,,20524,3,,,1,8,,20534,3,,,1,8,,20544,3,,,1,9,,20554,3,,,1,8,,20569,3,,,1,9,,20576,3,,,1,8,,20586,3,,,1,9,,20595,3,,,1,48,,20604,3,,,1,8,,20613,3,,,1,9,,20622,3,,,1,8,,20493,3,,,1,8,,20503,3,,,1,8,,20510,3,,,1,7,,20517,3,,,1,48,,20525,3,,,1,8,,20535,3,,,1,7,,20545,3,,,1,8,,20555,3,,,1,8,,20570,3,,,1,7,,20577,3,,,1,8,,20587,3,,,1,8,,20596,3,,,1,47,,20605,3,,,1,8,,20614,3,,,1,8,,20623,3,,,1,7,,20494,3,,,1,8,,20504,3,,,1,8,,20511,3,,,1,7,,20518,3,,,1,8,,20526,3,,,1,48,,20536,3,,,1,7,,20546,3,,,1,7,,20556,3,,,1,7,,20562,3,,,1,7,,20571,3,,,1,7,,20578,3,,,1,7,,20588,3,,,1,7,,20597,3,,,1,47,,20606,3,,,1,7,,20615,3,,,1,7,,20624,3,,,1,7,,20495,3,,,1,7,,20505,3,,,1,7,,20512,3,,,1,7,,20519,3,,,1,7,,20527,3,,,1,7,,20537,3,,,1,47,,20547,3,,,1,7,,20557,3,,,1,7,,20563,3,,,1,7,,20572,3,,,1,7,,20579,3,,,1,7,,20589,3,,,1,7,,20598,3,,,1,7,,20607,3,,,1,47,,20616,3,,,1,7,,20625,3,,,1,7,,20496,3,,,1,7,,20506,3,,,1,7,,20513,3,,,1,7,,20520,3,,,1,7,,20528,3,,,1,7,,20538,3,,,1,7,,20548,3,,,1,47,,20558,3,,,1,7,,20564,3,,,1,7,,20573,3,,,1,7,,20580,3,,,1,7,,20590,3,,,1,8,,20599,3,,,1,9,,20608,3,,,1,8,,20617,3,,,1,49,,20626,3,,,1,8,,20497,3,,,1,8,,20514,3,,,1,9,,20521,3,,,1,8,,20529,3,,,1,9,,20539,3,,,1,8,,20549,3,,,1,49,,20559,3,,,1,8,,20565,3,,,1,8,,20581,3,,,1,9,,20591,3,,,1,8,,20600,3,,,1,9,,20609,3,,,1,8,,20618,3,,,1,48,,20627,3,,,1,9,,20498,3,,,1,8,,20515,3,,,1,9,,20522,3,,,1,8,,20530,3,,,1,9,,20540,3,,,1,9,,20550,3,,,1,49,,20560,3,,,1,9,,20566,3,,,1,9,,20582,3,,,1,9,,20592,3,,,1,9,,20601,3,,,1,9,,20610,3,,,1,9,,20619,3,,,1,50,,20628,3,,,1,10,,20499,3,,,1,10,,20516,3,,,1,10,,20523,3,,,1,10,,20531,3,,,1,10,,20541,3,,,1,50,,20551,3,,,1,10,,20561,3,,,1,10,,20567,3,,,1,10,,20583,3,,,1
100,'GLOBAUX-01-I',533,,20629,3,,,1,10,,20639,3,,,1,10,,20646,3,,,1,50,,20671,3,,,1,10,,20681,3,,,1,10,,20691,3,,,1,10,,20713,3,,,1,10,,20723,3,,,1,10,,20732,3,,,1,50,,20741,3,,,1,10,,20750,3,,,1,10,,20759,3,,,1,10,,20630,3,,,1,10,,20640,3,,,1,10,,20647,3,,,1,50,,20672,3,,,1,9,,20682,3,,,1,9,,20692,3,,,1,10,,20707,3,,,1,9,,20714,3,,,1,9,,20724,3,,,1,10,,20733,3,,,1,49,,20742,3,,,1,9,,20751,3,,,1,9,,20760,3,,,1,8,,20631,3,,,1,9,,20641,3,,,1,8,,20648,3,,,1,49,,20663,3,,,1,8,,20673,3,,,1,8,,20683,3,,,1,9,,20693,3,,,1,8,,20708,3,,,1,9,,20715,3,,,1,8,,20725,3,,,1,9,,20734,3,,,1,48,,20743,3,,,1,8,,20752,3,,,1,9,,20761,3,,,1,8,,20632,3,,,1,8,,20642,3,,,1,8,,20649,3,,,1,7,,20656,3,,,1,48,,20664,3,,,1,8,,20674,3,,,1,7,,20684,3,,,1,8,,20694,3,,,1,8,,20709,3,,,1,7,,20716,3,,,1,8,,20726,3,,,1,8,,20735,3,,,1,47,,20744,3,,,1,8,,20753,3,,,1,8,,20762,3,,,1,7,,20633,3,,,1,8,,20643,3,,,1,8,,20650,3,,,1,7,,20657,3,,,1,8,,20665,3,,,1,48,,20675,3,,,1,7,,20685,3,,,1,7,,20695,3,,,1,7,,20701,3,,,1,7,,20710,3,,,1,7,,20717,3,,,1,7,,20727,3,,,1,7,,20736,3,,,1,47,,20745,3,,,1,7,,20754,3,,,1,7,,20763,3,,,1,7,,20634,3,,,1,7,,20644,3,,,1,7,,20651,3,,,1,7,,20658,3,,,1,7,,20666,3,,,1,7,,20676,3,,,1,47,,20686,3,,,1,7,,20696,3,,,1,7,,20702,3,,,1,7,,20711,3,,,1,7,,20718,3,,,1,7,,20728,3,,,1,7,,20737,3,,,1,7,,20746,3,,,1,47,,20755,3,,,1,7,,20764,3,,,1,7,,20635,3,,,1,7,,20645,3,,,1,7,,20652,3,,,1,7,,20659,3,,,1,7,,20667,3,,,1,7,,20677,3,,,1,7,,20687,3,,,1,47,,20697,3,,,1,7,,20703,3,,,1,7,,20712,3,,,1,7,,20719,3,,,1,7,,20729,3,,,1,8,,20738,3,,,1,9,,20747,3,,,1,8,,20756,3,,,1,49,,20765,3,,,1,8,,20636,3,,,1,8,,20653,3,,,1,9,,20660,3,,,1,8,,20668,3,,,1,9,,20678,3,,,1,8,,20688,3,,,1,49,,20698,3,,,1,8,,20704,3,,,1,8,,20720,3,,,1,9,,20730,3,,,1,8,,20739,3,,,1,9,,20748,3,,,1,8,,20757,3,,,1,48,,20766,3,,,1,9,,20637,3,,,1,8,,20654,3,,,1,9,,20661,3,,,1,8,,20669,3,,,1,9,,20679,3,,,1,9,,20689,3,,,1,49,,20699,3,,,1,9,,20705,3,,,1,9,,20721,3,,,1,9,,20731,3,,,1,9,,20740,3,,,1,9,,20749,3,,,1,9,,20758,3,,,1,50,,20767,3,,,1,10,,20638,3,,,1,10,,20655,3,,,1,10,,20662,3,,,1,10,,20670,3,,,1,10,,20680,3,,,1,50,,20690,3,,,1,10,,20700,3,,,1,10,,20706,3,,,1,10,,20722,3,,,1
100,'GLOBAUX-01-S',533,,20768,3,,,1,6,,20796,3,,,1,7,,20806,3,,,1,7,,20826,3,,,1,47,,20848,3,,,1,6,,20852,3,,,1,7,,20859,3,,,1,7,,20870,3,,,1,5,,20876,3,,,1,4,,20893,3,,,1,4,,20902,3,,,1,4,,20905,3,,,1,4,,20913,3,,,1,3,,20930,3,,,1,4,,20936,3,,,1,3,,20946,3,,,1,3,,20948,3,,,1,3,,20950,3,,,1,44,,20952,3,,,1,3,,20968,3,,,1,3,,20977,3,,,1,3,,20979,3,,,1,4,,20997,3,,,1,3,,21003,3,,,1,3,,21004,3,,,1,3,,20769,3,,,1,4,,20787,3,,,1,3,,20789,3,,,1,3,,20797,3,,,1,3,,20807,3,,,1,3,,20808,3,,,1,4,,20809,3,,,1,3,,20811,3,,,1,3,,20812,3,,,1,3,,20827,3,,,1,3,,20833,3,,,1,3,,20839,3,,,1,43,,20849,3,,,1,3,,20853,3,,,1,3,,20860,3,,,1,3,,20865,3,,,1,3,,20871,3,,,1,3,,20877,3,,,1,3,,20894,3,,,1,3,,20903,3,,,1,3,,20906,3,,,1,3,,20912,3,,,1,3,,20914,3,,,1,4,,20931,3,,,1,3,,20937,3,,,1,3,,20947,3,,,1,3,,20949,3,,,1,4,,20951,3,,,1,3,,20955,3,,,1,4,,20960,3,,,1,3,,20969,3,,,1,44,,20978,3,,,1,3,,20984,3,,,1,4,,20998,3,,,1,4,,21005,3,,,1,3,,20770,3,,,1,5,,20780,3,,,1,4,,20790,3,,,1,5,,20798,3,,,1,5,,20810,3,,,1,5,,20813,3,,,1,5,,20828,3,,,1,6,,20840,3,,,1,6,,20854,3,,,1,46,,20866,3,,,1,6,,20878,3,,,1,6,,20895,3,,,1,6,,20907,3,,,1,6,,20915,3,,,1,6,,20932,3,,,1,6,,20938,3,,,1,6,,20956,3,,,1,6,,20961,3,,,1,6,,20970,3,,,1,46,,20985,3,,,1,6,,20999,3,,,1,6,,20771,3,,,1,6,,20781,3,,,1,6,,20791,3,,,1,6,,20799,3,,,1,6,,20814,3,,,1,6,,20829,3,,,1,6,,20841,3,,,1,6,,20855,3,,,1,46,,20867,3,,,1,6,,20879,3,,,1,6,,20896,3,,,1,6,,20908,3,,,1,6,,20916,3,,,1,6,,20933,3,,,1,6,,20939,3,,,1,6,,20957,3,,,1,6,,20962,3,,,1,6,,20971,3,,,1,46,,20986,3,,,1,6,,21000,3,,,1,6,,20772,3,,,1,6,,20782,3,,,1,6,,20792,3,,,1,6,,20800,3,,,1,6,,20815,3,,,1,6,,20830,3,,,1,6,,20842,3,,,1,6,,20856,3,,,1,46,,20868,3,,,1,6,,20880,3,,,1,6,,20897,3,,,1,6,,20909,3,,,1,6,,20917,3,,,1,6,,20934,3,,,1,6,,20940,3,,,1,6,,20958,3,,,1,6,,20963,3,,,1,6,,20972,3,,,1,46,,20987,3,,,1,4,,20989,3,,,1,4,,21001,3,,,1,4,,20773,3,,,1,4,,20775,3,,,1,4,,20783,3,,,1,4,,20793,3,,,1,4,,20795,3,,,1,4,,20801,3,,,1,4,,20816,3,,,1,3,,20821,3,,,1,3,,20831,3,,,1,4,,20834,3,,,1,3,,20843,3,,,1,3,,20850,3,,,1,3,,20857,3,,,1,44,,20869,3,,,1,3,,20872,3,,,1,3,,20881,3,,,1,3,,20886,3,,,1,3,,20891,3,,,1,3,,20898,3,,,1,3,,20904,3,,,1,3,,20910,3,,,1,2,,20918,3,,,1,3,,20923,3,,,1,3,,20925,3,,,1,3,,20935,3,,,1,2,,20941,3,,,1,3,,20953,3,,,1,3,,20954,3,,,1,3,,20959,3,,,1,2,,20964,3,,,1,3,,20973,3,,,1,3,,20980,3,,,1,3,,20983,3,,,1,2,,20988,3,,,1,43,,20990,3,,,1,3,,20993,3,,,1,3,,21002,3,,,1,2,,20774,3,,,1,3,,20776,3,,,1,3,,20784,3,,,1,4,,20788,3,,,1,3,,20794,3,,,1,3,,20802,3,,,1,3,,20817,3,,,1,4,,20822,3,,,1,4,,20832,3,,,1,3,,20835,3,,,1,4,,20844,3,,,1,3,,20851,3,,,1,4,,20858,3,,,1,4,,20861,3,,,1,4,,20873,3,,,1,44,,20882,3,,,1,4,,20887,3,,,1,4,,20892,3,,,1,4,,20899,3,,,1,4,,20911,3,,,1,4,,20919,3,,,1,4,,20924,3,,,1,4,,20926,3,,,1,4,,20942,3,,,1,5,,20965,3,,,1,6,,20974,3,,,1,6,,20981,3,,,1,5,,20991,3,,,1,46,,20994,3,,,1,6,,20777,3,,,1,6,,20785,3,,,1,6,,20803,3,,,1,6,,20818,3,,,1,6,,20823,3,,,1,6,,20836,3,,,1,6,,20845,3,,,1,6,,20862,3,,,1,6,,20874,3,,,1,46,,20883,3,,,1,6,,20888,3,,,1,7,,20900,3,,,1,6,,20920,3,,,1,6,,20927,3,,,1,6,,20943,3,,,1,6,,20966,3,,,1,6,,20975,3,,,1,6,,20982,3,,,1,6,,20992,3,,,1,46,,20995,3,,,1,6,,20778,3,,,1,6,,20786,3,,,1,6,,20804,3,,,1,7,,20819,3,,,1,6,,20824,3,,,1,6,,20837,3,,,1,6,,20846,3,,,1,6,,20863,3,,,1,6,,20875,3,,,1,46,,20884,3,,,1,6,,20889,3,,,1,7,,20901,3,,,1,6,,20921,3,,,1,7,,20928,3,,,1,8,,20944,3,,,1,8,,20967,3,,,1,8,,20976,3,,,1,48,,20996,3,,,1,8,,20779,3,,,1,8,,20805,3,,,1,8,,20820,3,,,1,8,,20825,3,,,1,8,,20838,3,,,1,8,,20847,3,,,1,8,,20864,3,,,1,48,,20885,3,,,1,8,,20890,3,,,1,8,,20922,3,,,1,8,,20929,3,,,1,8,,20945,3,,,1
101,'GLOBAUX-01-A',602,,21092,25,,,1,10,,21102,25,,,1,10,,21109,25,,,1,10,,21119,25,,,1,10,,21136,25,,,1,10,,21146,25,,,1,50,,21006,25,,,1,10,,21016,25,,,1,10,,21035,25,,,1,10,,21042,25,,,1,10,,21052,25,,,1,10,,21074,25,,,1,50,,21082,25,,,1,9,,21093,25,,,1,9,,21103,25,,,1,10,,21110,25,,,1,9,,21120,25,,,1,9,,21137,25,,,1,8,,21147,25,,,1,49,,21007,25,,,1,8,,21017,25,,,1,9,,21026,25,,,1,8,,21036,25,,,1,9,,21043,25,,,1,8,,21053,25,,,1,8,,21075,25,,,1,49,,21083,25,,,1,8,,21094,25,,,1,9,,21104,25,,,1,8,,21111,25,,,1,9,,21121,25,,,1,8,,21138,25,,,1,8,,21148,25,,,1,49,,21008,25,,,1,8,,21018,25,,,1,8,,21027,25,,,1,8,,21037,25,,,1,7,,21044,25,,,1,8,,21054,25,,,1,8,,21069,25,,,1,7,,21076,25,,,1,48,,21084,25,,,1,8,,21095,25,,,1,8,,21105,25,,,1,7,,21112,25,,,1,7,,21122,25,,,1,7,,21129,25,,,1,6,,21139,25,,,1,7,,21149,25,,,1,46,,21009,25,,,1,7,,21019,25,,,1,6,,21028,25,,,1,7,,21038,25,,,1,6,,21045,25,,,1,7,,21055,25,,,1,6,,21062,25,,,1,7,,21070,25,,,1,6,,21077,25,,,1,47,,21085,25,,,1,6,,21096,25,,,1,7,,21106,25,,,1,6,,21113,25,,,1,7,,21123,25,,,1,6,,21130,25,,,1,7,,21140,25,,,1,6,,21150,25,,,1,7,,21010,25,,,1,6,,21020,25,,,1,47,,21029,25,,,1,7,,21039,25,,,1,6,,21046,25,,,1,7,,21056,25,,,1,6,,21063,25,,,1,7,,21071,25,,,1,6,,21078,25,,,1,7,,21086,25,,,1,6,,21097,25,,,1,47,,21107,25,,,1,6,,21114,25,,,1,7,,21124,25,,,1,6,,21131,25,,,1,7,,21141,25,,,1,6,,21151,25,,,1,7,,21011,25,,,1,6,,21021,25,,,1,7,,21030,25,,,1,46,,21040,25,,,1,7,,21047,25,,,1,6,,21057,25,,,1,7,,21064,25,,,1,6,,21072,25,,,1,7,,21079,25,,,1,6,,21087,25,,,1,7,,21098,25,,,1,6,,21108,25,,,1,46,,21115,25,,,1,7,,21125,25,,,1,6,,21132,25,,,1,7,,21142,25,,,1,6,,21152,25,,,1,7,,21012,25,,,1,6,,21022,25,,,1,7,,21031,25,,,1,6,,21041,25,,,1,7,,21048,25,,,1,46,,21058,25,,,1,8,,21065,25,,,1,8,,21073,25,,,1,7,,21080,25,,,1,8,,21088,25,,,1,8,,21099,25,,,1,7,,21116,25,,,1,8,,21126,25,,,1,48,,21133,25,,,1,8,,21143,25,,,1,9,,21153,25,,,1,8,,21013,25,,,1,9,,21023,25,,,1,8,,21032,25,,,1,8,,21049,25,,,1,49,,21059,25,,,1,8,,21066,25,,,1,9,,21081,25,,,1,8,,21089,25,,,1,9,,21100,25,,,1,8,,21117,25,,,1,8,,21127,25,,,1,49,,21134,25,,,1,9,,21144,25,,,1,10,,21154,25,,,1,9,,21014,25,,,1,9,,21024,25,,,1,10,,21033,25,,,1,49,,21050,25,,,1,10,,21060,25,,,1,9,,21067,25,,,1,10,,21090,25,,,1,10,,21101,25,,,1,10,,21118,25,,,1,50,,21128,25,,,1,10,,21135,25,,,1,10,,21145,25,,,1,10,,21155,25,,,1,10,,21015,25,,,1,10,,21025,25,,,1,50,,21034,25,,,1,10,,21051,25,,,1,10,,21061,25,,,1,10,,21068,25,,,1,14,,21091,25,,,1
101,'GLOBAUX-01-F1',602,,21236,25,,,1,10,,21246,25,,,1,10,,21255,25,,,1,10,,21265,25,,,1,10,,21275,25,,,1,10,,21285,25,,,1,50,,21156,25,,,1,10,,21166,25,,,1,10,,21173,25,,,1,10,,21198,25,,,1,10,,21207,25,,,1,10,,21216,25,,,1,49,,21230,25,,,1,10,,21237,25,,,1,9,,21247,25,,,1,10,,21256,25,,,1,9,,21266,25,,,1,9,,21276,25,,,1,9,,21286,25,,,1,48,,21157,25,,,1,9,,21167,25,,,1,8,,21174,25,,,1,8,,21190,25,,,1,9,,21199,25,,,1,8,,21208,25,,,1,9,,21217,25,,,1,49,,21231,25,,,1,8,,21238,25,,,1,8,,21248,25,,,1,9,,21257,25,,,1,8,,21267,25,,,1,9,,21277,25,,,1,8,,21287,25,,,1,48,,21158,25,,,1,9,,21168,25,,,1,8,,21175,25,,,1,9,,21191,25,,,1,8,,21200,25,,,1,9,,21209,25,,,1,8,,21218,25,,,1,49,,21232,25,,,1,8,,21239,25,,,1,9,,21249,25,,,1,8,,21258,25,,,1,9,,21268,25,,,1,8,,21278,25,,,1,8,,21288,25,,,1,47,,21159,25,,,1,8,,21169,25,,,1,8,,21176,25,,,1,7,,21183,25,,,1,8,,21192,25,,,1,8,,21201,25,,,1,7,,21210,25,,,1,8,,21219,25,,,1,48,,21233,25,,,1,7,,21240,25,,,1,8,,21250,25,,,1,8,,21259,25,,,1,7,,21269,25,,,1,8,,21279,25,,,1,8,,21289,25,,,1,7,,21160,25,,,1,48,,21170,25,,,1,8,,21177,25,,,1,7,,21184,25,,,1,8,,21193,25,,,1,7,,21202,25,,,1,7,,21211,25,,,1,7,,21220,25,,,1,7,,21225,25,,,1,47,,21234,25,,,1,7,,21241,25,,,1,7,,21251,25,,,1,7,,21260,25,,,1,7,,21270,25,,,1,7,,21280,25,,,1,7,,21290,25,,,1,7,,21161,25,,,1,7,,21171,25,,,1,47,,21178,25,,,1,7,,21185,25,,,1,7,,21194,25,,,1,7,,21203,25,,,1,7,,21212,25,,,1,7,,21221,25,,,1,7,,21226,25,,,1,7,,21235,25,,,1,47,,21242,25,,,1,7,,21252,25,,,1,7,,21261,25,,,1,7,,21271,25,,,1,7,,21281,25,,,1,7,,21291,25,,,1,7,,21162,25,,,1,7,,21172,25,,,1,7,,21179,25,,,1,47,,21186,25,,,1,8,,21195,25,,,1,8,,21204,25,,,1,9,,21213,25,,,1,8,,21222,25,,,1,8,,21227,25,,,1,9,,21243,25,,,1,48,,21253,25,,,1,9,,21262,25,,,1,8,,21272,25,,,1,8,,21282,25,,,1,9,,21292,25,,,1,8,,21163,25,,,1,9,,21180,25,,,1,48,,21187,25,,,1,8,,21196,25,,,1,9,,21205,25,,,1,8,,21214,25,,,1,9,,21223,25,,,1,8,,21228,25,,,1,8,,21244,25,,,1,9,,21254,25,,,1,48,,21263,25,,,1,9,,21273,25,,,1,8,,21283,25,,,1,8,,21293,25,,,1,9,,21164,25,,,1,9,,21181,25,,,1,50,,21188,25,,,1,10,,21197,25,,,1,10,,21206,25,,,1,10,,21215,25,,,1,10,,21224,25,,,1,10,,21229,25,,,1,50,,21245,25,,,1,10,,21264,25,,,1,10,,21274,25,,,1,10,,21284,25,,,1,10,,21294,25,,,1,10,,21165,25,,,1,50,,21182,25,,,1,14,,21189,25,,,1
101,'GLOBAUX-01-F2',602,,21375,25,,,1,10,,21385,25,,,1,10,,21394,25,,,1,10,,21404,25,,,1,10,,21414,25,,,1,10,,21424,25,,,1,50,,21295,25,,,1,10,,21305,25,,,1,10,,21312,25,,,1,10,,21337,25,,,1,10,,21346,25,,,1,10,,21355,25,,,1,49,,21369,25,,,1,10,,21376,25,,,1,9,,21386,25,,,1,10,,21395,25,,,1,9,,21405,25,,,1,9,,21415,25,,,1,9,,21425,25,,,1,48,,21296,25,,,1,9,,21306,25,,,1,8,,21313,25,,,1,8,,21329,25,,,1,9,,21338,25,,,1,8,,21347,25,,,1,9,,21356,25,,,1,49,,21370,25,,,1,8,,21377,25,,,1,8,,21387,25,,,1,9,,21396,25,,,1,8,,21406,25,,,1,9,,21416,25,,,1,8,,21426,25,,,1,48,,21297,25,,,1,9,,21307,25,,,1,8,,21314,25,,,1,9,,21330,25,,,1,8,,21339,25,,,1,9,,21348,25,,,1,8,,21357,25,,,1,49,,21371,25,,,1,8,,21378,25,,,1,9,,21388,25,,,1,8,,21397,25,,,1,9,,21407,25,,,1,8,,21417,25,,,1,8,,21427,25,,,1,47,,21298,25,,,1,8,,21308,25,,,1,8,,21315,25,,,1,7,,21322,25,,,1,8,,21331,25,,,1,8,,21340,25,,,1,7,,21349,25,,,1,8,,21358,25,,,1,48,,21372,25,,,1,7,,21379,25,,,1,8,,21389,25,,,1,8,,21398,25,,,1,7,,21408,25,,,1,8,,21418,25,,,1,8,,21428,25,,,1,7,,21299,25,,,1,48,,21309,25,,,1,8,,21316,25,,,1,7,,21323,25,,,1,8,,21332,25,,,1,7,,21341,25,,,1,7,,21350,25,,,1,7,,21359,25,,,1,7,,21364,25,,,1,47,,21373,25,,,1,7,,21380,25,,,1,7,,21390,25,,,1,7,,21399,25,,,1,7,,21409,25,,,1,7,,21419,25,,,1,7,,21429,25,,,1,7,,21300,25,,,1,7,,21310,25,,,1,47,,21317,25,,,1,7,,21324,25,,,1,7,,21333,25,,,1,7,,21342,25,,,1,7,,21351,25,,,1,7,,21360,25,,,1,7,,21365,25,,,1,7,,21374,25,,,1,47,,21381,25,,,1,7,,21391,25,,,1,7,,21400,25,,,1,7,,21410,25,,,1,7,,21420,25,,,1,7,,21430,25,,,1,7,,21301,25,,,1,7,,21311,25,,,1,7,,21318,25,,,1,47,,21325,25,,,1,8,,21334,25,,,1,8,,21343,25,,,1,9,,21352,25,,,1,8,,21361,25,,,1,8,,21366,25,,,1,9,,21382,25,,,1,48,,21392,25,,,1,9,,21401,25,,,1,8,,21411,25,,,1,8,,21421,25,,,1,9,,21431,25,,,1,8,,21302,25,,,1,9,,21319,25,,,1,48,,21326,25,,,1,8,,21335,25,,,1,9,,21344,25,,,1,8,,21353,25,,,1,9,,21362,25,,,1,8,,21367,25,,,1,8,,21383,25,,,1,9,,21393,25,,,1,48,,21402,25,,,1,9,,21412,25,,,1,8,,21422,25,,,1,8,,21432,25,,,1,9,,21303,25,,,1,9,,21320,25,,,1,50,,21327,25,,,1,10,,21336,25,,,1,10,,21345,25,,,1,10,,21354,25,,,1,10,,21363,25,,,1,10,,21368,25,,,1,50,,21384,25,,,1,10,,21403,25,,,1,10,,21413,25,,,1,10,,21423,25,,,1,10,,21433,25,,,1,10,,21304,25,,,1,50,,21321,25,,,1,14,,21328,25,,,1
101,'GLOBAUX-01-I',602,,21514,25,,,1,10,,21524,25,,,1,10,,21533,25,,,1,10,,21543,25,,,1,10,,21553,25,,,1,10,,21563,25,,,1,50,,21434,25,,,1,10,,21444,25,,,1,10,,21451,25,,,1,10,,21476,25,,,1,10,,21485,25,,,1,10,,21494,25,,,1,49,,21508,25,,,1,10,,21515,25,,,1,9,,21525,25,,,1,10,,21534,25,,,1,9,,21544,25,,,1,9,,21554,25,,,1,9,,21564,25,,,1,48,,21435,25,,,1,9,,21445,25,,,1,8,,21452,25,,,1,8,,21468,25,,,1,9,,21477,25,,,1,8,,21486,25,,,1,9,,21495,25,,,1,49,,21509,25,,,1,8,,21516,25,,,1,8,,21526,25,,,1,9,,21535,25,,,1,8,,21545,25,,,1,9,,21555,25,,,1,8,,21565,25,,,1,48,,21436,25,,,1,9,,21446,25,,,1,8,,21453,25,,,1,9,,21469,25,,,1,8,,21478,25,,,1,9,,21487,25,,,1,8,,21496,25,,,1,49,,21510,25,,,1,8,,21517,25,,,1,9,,21527,25,,,1,8,,21536,25,,,1,9,,21546,25,,,1,8,,21556,25,,,1,8,,21566,25,,,1,47,,21437,25,,,1,8,,21447,25,,,1,8,,21454,25,,,1,7,,21461,25,,,1,8,,21470,25,,,1,8,,21479,25,,,1,7,,21488,25,,,1,8,,21497,25,,,1,48,,21511,25,,,1,7,,21518,25,,,1,8,,21528,25,,,1,8,,21537,25,,,1,7,,21547,25,,,1,8,,21557,25,,,1,8,,21567,25,,,1,7,,21438,25,,,1,48,,21448,25,,,1,8,,21455,25,,,1,7,,21462,25,,,1,8,,21471,25,,,1,7,,21480,25,,,1,7,,21489,25,,,1,7,,21498,25,,,1,7,,21503,25,,,1,47,,21512,25,,,1,7,,21519,25,,,1,7,,21529,25,,,1,7,,21538,25,,,1,7,,21548,25,,,1,7,,21558,25,,,1,7,,21568,25,,,1,7,,21439,25,,,1,7,,21449,25,,,1,47,,21456,25,,,1,7,,21463,25,,,1,7,,21472,25,,,1,7,,21481,25,,,1,7,,21490,25,,,1,7,,21499,25,,,1,7,,21504,25,,,1,7,,21513,25,,,1,47,,21520,25,,,1,7,,21530,25,,,1,7,,21539,25,,,1,7,,21549,25,,,1,7,,21559,25,,,1,7,,21569,25,,,1,7,,21440,25,,,1,7,,21450,25,,,1,7,,21457,25,,,1,47,,21464,25,,,1,8,,21473,25,,,1,8,,21482,25,,,1,9,,21491,25,,,1,8,,21500,25,,,1,8,,21505,25,,,1,9,,21521,25,,,1,48,,21531,25,,,1,9,,21540,25,,,1,8,,21550,25,,,1,8,,21560,25,,,1,9,,21570,25,,,1,8,,21441,25,,,1,9,,21458,25,,,1,48,,21465,25,,,1,8,,21474,25,,,1,9,,21483,25,,,1,8,,21492,25,,,1,9,,21501,25,,,1,8,,21506,25,,,1,8,,21522,25,,,1,9,,21532,25,,,1,48,,21541,25,,,1,9,,21551,25,,,1,8,,21561,25,,,1,8,,21571,25,,,1,9,,21442,25,,,1,9,,21459,25,,,1,50,,21466,25,,,1,10,,21475,25,,,1,10,,21484,25,,,1,10,,21493,25,,,1,10,,21502,25,,,1,10,,21507,25,,,1,50,,21523,25,,,1,10,,21542,25,,,1,10,,21552,25,,,1,10,,21562,25,,,1,10,,21572,25,,,1,10,,21443,25,,,1,50,,21460,25,,,1,14,,21467,25,,,1
101,'GLOBAUX-01-S',602,,21696,25,,,1,8,,21708,25,,,1,7,,21732,25,,,1,7,,21749,25,,,1,7,,21753,25,,,1,8,,21772,25,,,1,7,,21802,25,,,1,7,,21809,25,,,1,5,,21573,25,,,1,45,,21595,25,,,1,5,,21602,25,,,1,5,,21612,25,,,1,5,,21616,25,,,1,4,,21618,25,,,1,4,,21633,25,,,1,4,,21640,25,,,1,4,,21655,25,,,1,3,,21659,25,,,1,4,,21665,25,,,1,4,,21670,25,,,1,3,,21676,25,,,1,4,,21681,25,,,1,3,,21697,25,,,1,4,,21705,25,,,1,43,,21709,25,,,1,3,,21717,25,,,1,3,,21733,25,,,1,3,,21739,25,,,1,3,,21740,25,,,1,3,,21750,25,,,1,2,,21752,25,,,1,3,,21754,25,,,1,3,,21755,25,,,1,3,,21757,25,,,1,2,,21763,25,,,1,3,,21773,25,,,1,3,,21782,25,,,1,2,,21783,25,,,1,3,,21788,25,,,1,2,,21803,25,,,1,3,,21808,25,,,1,2,,21810,25,,,1,3,,21574,25,,,1,2,,21585,25,,,1,3,,21593,25,,,1,2,,21596,25,,,1,43,,21603,25,,,1,2,,21613,25,,,1,3,,21614,25,,,1,3,,21615,25,,,1,3,,21617,25,,,1,3,,21619,25,,,1,3,,21634,25,,,1,3,,21641,25,,,1,3,,21647,25,,,1,3,,21656,25,,,1,3,,21660,25,,,1,4,,21671,25,,,1,3,,21677,25,,,1,3,,21682,25,,,1,4,,21698,25,,,1,4,,21706,25,,,1,3,,21710,25,,,1,4,,21716,25,,,1,4,,21718,25,,,1,43,,21734,25,,,1,5,,21741,25,,,1,5,,21751,25,,,1,5,,21758,25,,,1,5,,21764,25,,,1,6,,21774,25,,,1,5,,21789,25,,,1,6,,21804,25,,,1,6,,21575,25,,,1,6,,21586,25,,,1,6,,21597,25,,,1,46,,21604,25,,,1,6,,21620,25,,,1,6,,21635,25,,,1,7,,21648,25,,,1,6,,21661,25,,,1,6,,21672,25,,,1,6,,21683,25,,,1,6,,21699,25,,,1,6,,21711,25,,,1,6,,21719,25,,,1,46,,21735,25,,,1,6,,21742,25,,,1,6,,21759,25,,,1,6,,21765,25,,,1,6,,21775,25,,,1,6,,21790,25,,,1,6,,21805,25,,,1,6,,21576,25,,,1,6,,21587,25,,,1,6,,21598,25,,,1,46,,21605,25,,,1,6,,21621,25,,,1,6,,21636,25,,,1,6,,21649,25,,,1,6,,21662,25,,,1,6,,21673,25,,,1,6,,21684,25,,,1,6,,21700,25,,,1,6,,21712,25,,,1,6,,21720,25,,,1,46,,21736,25,,,1,6,,21743,25,,,1,6,,21760,25,,,1,6,,21766,25,,,1,6,,21776,25,,,1,6,,21791,25,,,1,6,,21806,25,,,1,6,,21577,25,,,1,6,,21588,25,,,1,6,,21599,25,,,1,46,,21606,25,,,1,6,,21622,25,,,1,6,,21637,25,,,1,6,,21650,25,,,1,6,,21663,25,,,1,7,,21674,25,,,1,6,,21685,25,,,1,5,,21694,25,,,1,5,,21701,25,,,1,4,,21713,25,,,1,4,,21721,25,,,1,44,,21726,25,,,1,3,,21737,25,,,1,4,,21744,25,,,1,4,,21756,25,,,1,4,,21761,25,,,1,3,,21767,25,,,1,4,,21777,25,,,1,4,,21787,25,,,1,3,,21792,25,,,1,4,,21794,25,,,1,4,,21807,25,,,1,3,,21578,25,,,1,4,,21580,25,,,1,4,,21589,25,,,1,4,,21600,25,,,1,3,,21601,25,,,1,43,,21607,25,,,1,3,,21623,25,,,1,4,,21628,25,,,1,3,,21638,25,,,1,3,,21642,25,,,1,3,,21651,25,,,1,3,,21657,25,,,1,3,,21664,25,,,1,3,,21666,25,,,1,3,,21675,25,,,1,3,,21678,25,,,1,4,,21686,25,,,1,3,,21690,25,,,1,3,,21695,25,,,1,3,,21702,25,,,1,3,,21707,25,,,1,3,,21714,25,,,1,3,,21722,25,,,1,4,,21727,25,,,1,43,,21728,25,,,1,3,,21738,25,,,1,3,,21745,25,,,1,4,,21762,25,,,1,3,,21768,25,,,1,4,,21778,25,,,1,3,,21784,25,,,1,4,,21793,25,,,1,4,,21795,25,,,1,4,,21798,25,,,1,3,,21579,25,,,1,4,,21581,25,,,1,4,,21590,25,,,1,4,,21594,25,,,1,4,,21608,25,,,1,4,,21624,25,,,1,44,,21629,25,,,1,5,,21639,25,,,1,4,,21643,25,,,1,4,,21652,25,,,1,4,,21658,25,,,1,5,,21667,25,,,1,5,,21679,25,,,1,5,,21687,25,,,1,5,,21691,25,,,1,5,,21703,25,,,1,5,,21715,25,,,1,5,,21723,25,,,1,6,,21729,25,,,1,45,,21746,25,,,1,6,,21769,25,,,1,6,,21779,25,,,1,6,,21785,25,,,1,6,,21796,25,,,1,6,,21799,25,,,1,6,,21582,25,,,1,6,,21591,25,,,1,6,,21609,25,,,1,6,,21625,25,,,1,46,,21630,25,,,1,6,,21644,25,,,1,6,,21653,25,,,1,6,,21668,25,,,1,6,,21680,25,,,1,6,,21688,25,,,1,6,,21692,25,,,1,6,,21704,25,,,1,6,,21724,25,,,1,6,,21730,25,,,1,46,,21747,25,,,1,6,,21770,25,,,1,6,,21780,25,,,1,6,,21786,25,,,1,6,,21797,25,,,1,6,,21800,25,,,1,6,,21583,25,,,1,7,,21592,25,,,1,6,,21610,25,,,1,6,,21626,25,,,1,46,,21631,25,,,1,7,,21645,25,,,1,8,,21654,25,,,1,7,,21669,25,,,1,8,,21689,25,,,1,8,,21693,25,,,1,8,,21725,25,,,1,8,,21731,25,,,1,48,,21748,25,,,1,8,,21771,25,,,1,8,,21781,25,,,1,8,,21801,25,,,1,8,,21584,25,,,1,8,,21611,25,,,1,8,,21627,25,,,1,48,,21632,25,,,1,12,,21646,25,,,1
