200,'GLOBAUX-01-A',606,,21847,26,,,1,10,,21851,26,,,1,10,,21872,26,,,1,9,,21881,26,,,1,10,,21890,26,,,1,10,,21905,26,,,1,50,,21919,26,,,1,10,,21927,26,,,1,10,,21933,26,,,1,10,,21941,26,,,1,10,,21952,26,,,1,9,,21960,26,,,1,50,,21811,26,,,1,9,,21825,26,,,1,9,,21839,26,,,1,9,,21848,26,,,1,9,,21852,26,,,1,9,,21860,26,,,1,8,,21873,26,,,1,49,,21882,26,,,1,9,,21891,26,,,1,8,,21898,26,,,1,8,,21906,26,,,1,9,,21913,26,,,1,8,,21920,26,,,1,9,,21934,26,,,1,48,,21942,26,,,1,9,,21953,26,,,1,8,,21961,26,,,1,9,,21812,26,,,1,8,,21826,26,,,1,9,,21840,26,,,1,8,,21849,26,,,1,49,,21853,26,,,1,8,,21861,26,,,1,9,,21874,26,,,1,8,,21883,26,,,1,9,,21892,26,,,1,7,,21899,26,,,1,8,,21907,26,,,1,48,,21914,26,,,1,8,,21921,26,,,1,7,,21935,26,,,1,8,,21943,26,,,1,8,,21954,26,,,1,7,,21962,26,,,1,8,,21813,26,,,1,8,,21819,26,,,1,47,,21827,26,,,1,7,,21841,26,,,1,8,,21850,26,,,1,7,,21854,26,,,1,7,,21862,26,,,1,7,,21866,26,,,1,8,,21875,26,,,1,6,,21884,26,,,1,47,,21893,26,,,1,6,,21900,26,,,1,6,,21908,26,,,1,7,,21915,26,,,1,6,,21922,26,,,1,7,,21928,26,,,1,6,,21936,26,,,1,7,,21944,26,,,1,6,,21947,26,,,1,7,,21955,26,,,1,46,,21963,26,,,1,7,,21814,26,,,1,6,,21820,26,,,1,7,,21828,26,,,1,6,,21833,26,,,1,7,,21842,26,,,1,6,,21855,26,,,1,7,,21863,26,,,1,6,,21867,26,,,1,47,,21876,26,,,1,6,,21885,26,,,1,7,,21894,26,,,1,6,,21901,26,,,1,7,,21909,26,,,1,6,,21916,26,,,1,6,,21923,26,,,1,7,,21929,26,,,1,6,,21937,26,,,1,47,,21945,26,,,1,6,,21948,26,,,1,7,,21956,26,,,1,6,,21964,26,,,1,7,,21815,26,,,1,6,,21821,26,,,1,6,,21829,26,,,1,7,,21834,26,,,1,6,,21843,26,,,1,6,,21856,26,,,1,47,,21864,26,,,1,6,,21868,26,,,1,6,,21877,26,,,1,6,,21886,26,,,1,7,,21895,26,,,1,6,,21902,26,,,1,6,,21910,26,,,1,7,,21917,26,,,1,6,,21924,26,,,1,46,,21930,26,,,1,7,,21938,26,,,1,6,,21946,26,,,1,7,,21949,26,,,1,6,,21957,26,,,1,6,,21965,26,,,1,6,,21816,26,,,1,7,,21822,26,,,1,6,,21830,26,,,1,7,,21835,26,,,1,46,,21844,26,,,1,7,,21857,26,,,1,8,,21865,26,,,1,7,,21869,26,,,1,8,,21878,26,,,1,7,,21887,26,,,1,7,,21896,26,,,1,8,,21903,26,,,1,47,,21911,26,,,1,8,,21918,26,,,1,7,,21925,26,,,1,7,,21931,26,,,1,8,,21939,26,,,1,7,,21950,26,,,1,7,,21958,26,,,1,8,,21817,26,,,1,48,,21823,26,,,1,8,,21831,26,,,1,7,,21836,26,,,1,8,,21845,26,,,1,9,,21858,26,,,1,8,,21870,26,,,1,9,,21879,26,,,1,49,,21888,26,,,1,9,,21897,26,,,1,9,,21904,26,,,1,9,,21912,26,,,1,10,,21926,26,,,1,9,,21932,26,,,1,10,,21940,26,,,1,49,,21951,26,,,1,10,,21959,26,,,1,9,,21818,26,,,1,10,,21832,26,,,1,10,,21837,26,,,1,10,,21846,26,,,1,50,,21859,26,,,1,10,,21871,26,,,1,10,,21880,26,,,1,13,,21889,26,,,1
200,'GLOBAUX-01-F1',606,,22001,26,,,1,9,,22009,26,,,1,9,,22017,26,,,1,9,,22025,26,,,1,10,,22031,26,,,1,9,,22043,26,,,1,49,,22047,26,,,1,10,,22062,26,,,1,9,,22074,26,,,1,9,,22082,26,,,1,10,,22090,26,,,1,9,,22095,26,,,1,9,,21966,26,,,1,49,,21975,26,,,1,10,,21993,26,,,1,9,,22002,26,,,1,9,,22010,26,,,1,9,,22018,26,,,1,10,,22026,26,,,1,49,,22032,26,,,1,9,,22044,26,,,1,9,,22048,26,,,1,9,,22055,26,,,1,9,,22063,26,,,1,8,,22075,26,,,1,9,,22083,26,,,1,49,,22091,26,,,1,8,,22096,26,,,1,9,,21967,26,,,1,8,,21976,26,,,1,9,,21986,26,,,1,8,,21994,26,,,1,9,,22003,26,,,1,49,,22011,26,,,1,8,,22019,26,,,1,9,,22027,26,,,1,8,,22033,26,,,1,9,,22045,26,,,1,9,,22049,26,,,1,8,,22056,26,,,1,49,,22064,26,,,1,9,,22076,26,,,1,8,,22084,26,,,1,9,,22092,26,,,1,9,,22097,26,,,1,8,,21968,26,,,1,8,,21977,26,,,1,48,,21987,26,,,1,8,,21995,26,,,1,8,,22004,26,,,1,8,,22012,26,,,1,8,,22020,26,,,1,8,,22028,26,,,1,8,,22034,26,,,1,8,,22046,26,,,1,48,,22050,26,,,1,8,,22057,26,,,1,8,,22065,26,,,1,8,,22070,26,,,1,7,,22077,26,,,1,7,,22085,26,,,1,6,,22093,26,,,1,7,,22098,26,,,1,47,,22103,26,,,1,7,,21969,26,,,1,7,,21978,26,,,1,7,,21981,26,,,1,7,,21988,26,,,1,7,,21996,26,,,1,6,,22005,26,,,1,7,,22013,26,,,1,47,,22021,26,,,1,7,,22029,26,,,1,7,,22035,26,,,1,7,,22039,26,,,1,7,,22051,26,,,1,6,,22058,26,,,1,7,,22066,26,,,1,7,,22071,26,,,1,7,,22078,26,,,1,47,,22086,26,,,1,7,,22094,26,,,1,7,,22099,26,,,1,6,,22104,26,,,1,7,,21970,26,,,1,7,,21979,26,,,1,7,,21982,26,,,1,7,,21989,26,,,1,7,,21997,26,,,1,47,,22006,26,,,1,7,,22014,26,,,1,8,,22022,26,,,1,7,,22030,26,,,1,7,,22036,26,,,1,7,,22040,26,,,1,8,,22052,26,,,1,7,,22059,26,,,1,47,,22067,26,,,1,7,,22072,26,,,1,8,,22079,26,,,1,7,,22087,26,,,1,8,,22100,26,,,1,8,,22105,26,,,1,8,,21971,26,,,1,7,,21980,26,,,1,48,,21983,26,,,1,8,,21990,26,,,1,8,,21998,26,,,1,8,,22007,26,,,1,8,,22015,26,,,1,7,,22023,26,,,1,8,,22037,26,,,1,8,,22041,26,,,1,48,,22053,26,,,1,8,,22060,26,,,1,8,,22068,26,,,1,8,,22073,26,,,1,8,,22080,26,,,1,9,,22088,26,,,1,8,,22101,26,,,1,49,,22106,26,,,1,8,,21972,26,,,1,9,,21984,26,,,1,9,,21991,26,,,1,8,,21999,26,,,1,9,,22008,26,,,1,10,,22016,26,,,1,50,,22024,26,,,1,10,,22038,26,,,1,10,,22042,26,,,1,10,,22054,26,,,1,10,,22061,26,,,1,10,,22069,26,,,1,50,,22081,26,,,1,10,,22089,26,,,1,10,,22102,26,,,1,10,,22107,26,,,1,10,,21973,26,,,1,10,,21985,26,,,1,52,,22000,26,,,1
200,'GLOBAUX-01-F2',606,,22143,26,,,1,9,,22151,26,,,1,9,,22159,26,,,1,9,,22167,26,,,1,10,,22173,26,,,1,9,,22185,26,,,1,49,,22189,26,,,1,10,,22204,26,,,1,9,,22216,26,,,1,9,,22224,26,,,1,10,,22232,26,,,1,9,,22237,26,,,1,9,,22108,26,,,1,49,,22117,26,,,1,10,,22135,26,,,1,9,,22144,26,,,1,9,,22152,26,,,1,9,,22160,26,,,1,10,,22168,26,,,1,49,,22174,26,,,1,9,,22186,26,,,1,9,,22190,26,,,1,9,,22197,26,,,1,9,,22205,26,,,1,8,,22217,26,,,1,9,,22225,26,,,1,49,,22233,26,,,1,8,,22238,26,,,1,9,,22109,26,,,1,8,,22118,26,,,1,9,,22128,26,,,1,8,,22136,26,,,1,9,,22145,26,,,1,49,,22153,26,,,1,8,,22161,26,,,1,9,,22169,26,,,1,8,,22175,26,,,1,9,,22187,26,,,1,9,,22191,26,,,1,8,,22198,26,,,1,49,,22206,26,,,1,9,,22218,26,,,1,8,,22226,26,,,1,9,,22234,26,,,1,9,,22239,26,,,1,8,,22110,26,,,1,8,,22119,26,,,1,48,,22129,26,,,1,8,,22137,26,,,1,8,,22146,26,,,1,8,,22154,26,,,1,8,,22162,26,,,1,8,,22170,26,,,1,8,,22176,26,,,1,8,,22188,26,,,1,48,,22192,26,,,1,8,,22199,26,,,1,8,,22207,26,,,1,8,,22212,26,,,1,7,,22219,26,,,1,7,,22227,26,,,1,6,,22235,26,,,1,7,,22240,26,,,1,47,,22245,26,,,1,7,,22111,26,,,1,7,,22120,26,,,1,7,,22123,26,,,1,7,,22130,26,,,1,7,,22138,26,,,1,6,,22147,26,,,1,7,,22155,26,,,1,47,,22163,26,,,1,7,,22171,26,,,1,7,,22177,26,,,1,7,,22181,26,,,1,7,,22193,26,,,1,6,,22200,26,,,1,7,,22208,26,,,1,7,,22213,26,,,1,7,,22220,26,,,1,47,,22228,26,,,1,7,,22236,26,,,1,7,,22241,26,,,1,6,,22246,26,,,1,7,,22112,26,,,1,7,,22121,26,,,1,7,,22124,26,,,1,7,,22131,26,,,1,7,,22139,26,,,1,47,,22148,26,,,1,7,,22156,26,,,1,8,,22164,26,,,1,7,,22172,26,,,1,7,,22178,26,,,1,7,,22182,26,,,1,8,,22194,26,,,1,7,,22201,26,,,1,47,,22209,26,,,1,7,,22214,26,,,1,8,,22221,26,,,1,7,,22229,26,,,1,8,,22242,26,,,1,8,,22247,26,,,1,8,,22113,26,,,1,7,,22122,26,,,1,48,,22125,26,,,1,8,,22132,26,,,1,8,,22140,26,,,1,8,,22149,26,,,1,8,,22157,26,,,1,7,,22165,26,,,1,8,,22179,26,,,1,8,,22183,26,,,1,48,,22195,26,,,1,8,,22202,26,,,1,8,,22210,26,,,1,8,,22215,26,,,1,8,,22222,26,,,1,9,,22230,26,,,1,8,,22243,26,,,1,49,,22248,26,,,1,8,,22114,26,,,1,9,,22126,26,,,1,9,,22133,26,,,1,8,,22141,26,,,1,9,,22150,26,,,1,10,,22158,26,,,1,50,,22166,26,,,1,10,,22180,26,,,1,10,,22184,26,,,1,10,,22196,26,,,1,10,,22203,26,,,1,10,,22211,26,,,1,50,,22223,26,,,1,10,,22231,26,,,1,10,,22244,26,,,1,10,,22249,26,,,1,10,,22115,26,,,1,10,,22127,26,,,1,52,,22142,26,,,1
200,'GLOBAUX-01-I',606,,22285,26,,,1,9,,22293,26,,,1,9,,22301,26,,,1,9,,22309,26,,,1,10,,22315,26,,,1,9,,22327,26,,,1,49,,22331,26,,,1,10,,22346,26,,,1,9,,22358,26,,,1,9,,22366,26,,,1,10,,22374,26,,,1,9,,22379,26,,,1,9,,22250,26,,,1,49,,22259,26,,,1,10,,22277,26,,,1,9,,22286,26,,,1,9,,22294,26,,,1,9,,22302,26,,,1,10,,22310,26,,,1,49,,22316,26,,,1,9,,22328,26,,,1,9,,22332,26,,,1,9,,22339,26,,,1,9,,22347,26,,,1,8,,22359,26,,,1,9,,22367,26,,,1,49,,22375,26,,,1,8,,22380,26,,,1,9,,22251,26,,,1,8,,22260,26,,,1,9,,22270,26,,,1,8,,22278,26,,,1,9,,22287,26,,,1,49,,22295,26,,,1,8,,22303,26,,,1,9,,22311,26,,,1,8,,22317,26,,,1,9,,22329,26,,,1,9,,22333,26,,,1,8,,22340,26,,,1,49,,22348,26,,,1,9,,22360,26,,,1,8,,22368,26,,,1,9,,22376,26,,,1,9,,22381,26,,,1,8,,22252,26,,,1,8,,22261,26,,,1,48,,22271,26,,,1,8,,22279,26,,,1,8,,22288,26,,,1,8,,22296,26,,,1,8,,22304,26,,,1,8,,22312,26,,,1,8,,22318,26,,,1,8,,22330,26,,,1,48,,22334,26,,,1,8,,22341,26,,,1,8,,22349,26,,,1,8,,22354,26,,,1,7,,22361,26,,,1,7,,22369,26,,,1,6,,22377,26,,,1,7,,22382,26,,,1,47,,22387,26,,,1,7,,22253,26,,,1,7,,22262,26,,,1,7,,22265,26,,,1,7,,22272,26,,,1,7,,22280,26,,,1,6,,22289,26,,,1,7,,22297,26,,,1,47,,22305,26,,,1,7,,22313,26,,,1,7,,22319,26,,,1,7,,22323,26,,,1,7,,22335,26,,,1,6,,22342,26,,,1,7,,22350,26,,,1,7,,22355,26,,,1,7,,22362,26,,,1,47,,22370,26,,,1,7,,22378,26,,,1,7,,22383,26,,,1,6,,22388,26,,,1,7,,22254,26,,,1,7,,22263,26,,,1,7,,22266,26,,,1,7,,22273,26,,,1,7,,22281,26,,,1,47,,22290,26,,,1,7,,22298,26,,,1,8,,22306,26,,,1,7,,22314,26,,,1,7,,22320,26,,,1,7,,22324,26,,,1,8,,22336,26,,,1,7,,22343,26,,,1,47,,22351,26,,,1,7,,22356,26,,,1,8,,22363,26,,,1,7,,22371,26,,,1,8,,22384,26,,,1,8,,22389,26,,,1,8,,22255,26,,,1,7,,22264,26,,,1,48,,22267,26,,,1,8,,22274,26,,,1,8,,22282,26,,,1,8,,22291,26,,,1,8,,22299,26,,,1,7,,22307,26,,,1,8,,22321,26,,,1,8,,22325,26,,,1,48,,22337,26,,,1,8,,22344,26,,,1,8,,22352,26,,,1,8,,22357,26,,,1,8,,22364,26,,,1,9,,22372,26,,,1,8,,22385,26,,,1,49,,22390,26,,,1,8,,22256,26,,,1,9,,22268,26,,,1,9,,22275,26,,,1,8,,22283,26,,,1,9,,22292,26,,,1,10,,22300,26,,,1,50,,22308,26,,,1,10,,22322,26,,,1,10,,22326,26,,,1,10,,22338,26,,,1,10,,22345,26,,,1,10,,22353,26,,,1,50,,22365,26,,,1,10,,22373,26,,,1,10,,22386,26,,,1,10,,22391,26,,,1,10,,22257,26,,,1,10,,22269,26,,,1,52,,22284,26,,,1
200,'GLOBAUX-01-S',605,,22463,26,,,1,6,,22473,26,,,1,6,,22483,26,,,1,6,,22498,26,,,1,6,,22509,26,,,1,6,,22518,26,,,1,6,,22532,26,,,1,6,,22534,26,,,1,6,,22554,26,,,1,5,,22571,26,,,1,45,,22573,26,,,1,5,,22580,26,,,1,5,,22582,26,,,1,4,,22594,26,,,1,4,,22600,26,,,1,4,,22606,26,,,1,4,,22607,26,,,1,3,,22613,26,,,1,4,,22622,26,,,1,3,,22392,26,,,1,4,,22393,26,,,1,3,,22403,26,,,1,4,,22411,26,,,1,3,,22412,26,,,1,4,,22421,26,,,1,43,,22423,26,,,1,3,,22428,26,,,1,4,,22436,26,,,1,3,,22444,26,,,1,3,,22456,26,,,1,4,,22461,26,,,1,3,,22462,26,,,1,3,,22464,26,,,1,4,,22474,26,,,1,3,,22484,26,,,1,3,,22492,26,,,1,3,,22494,26,,,1,4,,22499,26,,,1,3,,22504,26,,,1,3,,22510,26,,,1,4,,22515,26,,,1,3,,22519,26,,,1,3,,22527,26,,,1,3,,22533,26,,,1,43,,22535,26,,,1,4,,22540,26,,,1,3,,22555,26,,,1,3,,22564,26,,,1,3,,22572,26,,,1,4,,22574,26,,,1,4,,22575,26,,,1,3,,22583,26,,,1,4,,22590,26,,,1,4,,22595,26,,,1,3,,22601,26,,,1,4,,22608,26,,,1,4,,22614,26,,,1,4,,22623,26,,,1,3,,22630,26,,,1,4,,22394,26,,,1,44,,22404,26,,,1,4,,22413,26,,,1,4,,22420,26,,,1,4,,22424,26,,,1,5,,22437,26,,,1,5,,22445,26,,,1,5,,22457,26,,,1,6,,22465,26,,,1,6,,22475,26,,,1,6,,22485,26,,,1,7,,22495,26,,,1,6,,22505,26,,,1,46,,22511,26,,,1,6,,22520,26,,,1,6,,22528,26,,,1,6,,22541,26,,,1,6,,22556,26,,,1,6,,22565,26,,,1,6,,22576,26,,,1,6,,22584,26,,,1,6,,22596,26,,,1,6,,22602,26,,,1,46,,22615,26,,,1,6,,22624,26,,,1,6,,22395,26,,,1,6,,22405,26,,,1,6,,22414,26,,,1,6,,22425,26,,,1,6,,22438,26,,,1,6,,22446,26,,,1,6,,22458,26,,,1,6,,22466,26,,,1,46,,22476,26,,,1,6,,22486,26,,,1,6,,22496,26,,,1,6,,22506,26,,,1,6,,22512,26,,,1,6,,22521,26,,,1,6,,22529,26,,,1,6,,22542,26,,,1,6,,22557,26,,,1,6,,22566,26,,,1,46,,22577,26,,,1,6,,22585,26,,,1,6,,22597,26,,,1,6,,22603,26,,,1,6,,22616,26,,,1,6,,22625,26,,,1,6,,22396,26,,,1,6,,22406,26,,,1,6,,22415,26,,,1,6,,22426,26,,,1,46,,22439,26,,,1,7,,22447,26,,,1,6,,22459,26,,,1,6,,22467,26,,,1,5,,22477,26,,,1,5,,22487,26,,,1,5,,22497,26,,,1,4,,22500,26,,,1,5,,22507,26,,,1,4,,22513,26,,,1,5,,22516,26,,,1,44,,22522,26,,,1,3,,22530,26,,,1,4,,22536,26,,,1,3,,22543,26,,,1,3,,22547,26,,,1,4,,22558,26,,,1,3,,22562,26,,,1,3,,22567,26,,,1,3,,22578,26,,,1,3,,22581,26,,,1,3,,22586,26,,,1,3,,22591,26,,,1,3,,22598,26,,,1,2,,22604,26,,,1,3,,22609,26,,,1,3,,22617,26,,,1,3,,22618,26,,,1,3,,22626,26,,,1,3,,22397,26,,,1,3,,22398,26,,,1,43,,22399,26,,,1,3,,22400,26,,,1,3,,22407,26,,,1,3,,22416,26,,,1,3,,22422,26,,,1,3,,22427,26,0,5,1,3,,22429,26,,,1,3,,22433,26,,,1,2,,22440,26,,,1,3,,22448,26,0,5,1,3,,22449,26,,,1,3,,22453,26,,,1,3,,22460,26,,,1,3,,22468,26,0,5,1,3,,22469,26,,,1,3,,22478,26,,,1,3,,22482,26,0,5,1,3,,22488,26,,,1,2,,22493,26,0,5,1,3,,22501,26,,,1,3,,22508,26,,,1,44,,22514,26,,,1,3,,22517,26,,,1,3,,22523,26,,,1,4,,22531,26,,,1,3,,22537,26,,,1,4,,22544,26,,,1,3,,22548,26,,,1,4,,22551,26,,,1,4,,22559,26,,,1,4,,22563,26,,,1,3,,22568,26,,,1,4,,22579,26,,,1,4,,22587,26,,,1,4,,22592,26,,,1,4,,22599,26,,,1,4,,22605,26,,,1,43,,22610,26,,,1,5,,22619,26,,,1,5,,22627,26,,,1,5,,22401,26,,,1,5,,22408,26,,,1,5,,22417,26,,,1,5,,22430,26,,,1,5,,22434,26,,,1,6,,22441,26,,,1,6,,22450,26,,,1,6,,22454,26,,,1,46,,22470,26,,,1,6,,22479,26,,,1,6,,22489,26,,,1,6,,22502,26,,,1,6,,22524,26,,,1,6,,22538,26,,,1,6,,22545,26,,,1,6,,22549,26,,,1,6,,22552,26,,,1,6,,22560,26,,,1,46,,22569,26,,,1,6,,22588,26,,,1,6,,22593,26,,,1,6,,22611,26,,,1,6,,22620,26,,,1,6,,22628,26,,,1,6,,22402,26,,,1,6,,22409,26,,,1,6,,22418,26,,,1,6,,22431,26,,,1,46,,22435,26,,,1,6,,22442,26,,,1,6,,22451,26,,,1,6,,22455,26,,,1,6,,22471,26,,,1,6,,22480,26,,,1,6,,22490,26,,,1,6,,22503,26,,,1,6,,22525,26,,,1,6,,22539,26,,,1,46,,22546,26,,,1,6,,22550,26,,,1,6,,22553,26,,,1,7,,22561,26,,,1,7,,22570,26,,,1,7,,22589,26,,,1,7,,22612,26,,,1,7,,22621,26,,,1,8,,22629,26,,,1,47,,22410,26,,,1,8,,22419,26,,,1,8,,22432,26,,,1,8,,22443,26,,,1,8,,22452,26,,,1,7,,22472,26,,,1,8,,22481,26,,,1,8,,22491,26,,,1,52,,22526,26,,,1
201,'GLOBAUX-01-A',534,,22741,6,,,1,9,,22748,6,,,1,10,,22757,6,,,1,49,,22769,6,,,1,10,,22778,6,,,1,9,,22631,6,,,1,10,,22645,6,,,1,10,,22658,6,,,1,9,,22666,6,,,1,50,,22669,6,,,1,10,,22688,6,,,1,9,,22696,6,,,1,10,,22704,6,,,1,9,,22712,6,,,1,9,,22719,6,,,1,10,,22727,6,,,1,48,,22733,6,,,1,9,,22749,6,,,1,9,,22758,6,,,1,9,,22770,6,,,1,8,,22779,6,,,1,9,,22632,6,,,1,9,,22646,6,,,1,48,,22659,6,,,1,9,,22667,6,,,1,9,,22670,6,,,1,9,,22677,6,,,1,8,,22689,6,,,1,9,,22697,6,,,1,9,,22705,6,,,1,49,,22713,6,,,1,8,,22720,6,,,1,9,,22728,6,,,1,9,,22734,6,,,1,8,,22750,6,,,1,7,,22759,6,,,1,8,,22771,6,,,1,48,,22780,6,,,1,7,,22633,6,,,1,8,,22640,6,,,1,7,,22647,6,,,1,7,,22660,6,,,1,7,,22668,6,,,1,7,,22671,6,,,1,7,,22678,6,,,1,47,,22682,6,,,1,7,,22690,6,,,1,7,,22698,6,,,1,7,,22706,6,,,1,7,,22714,6,,,1,6,,22721,6,,,1,7,,22729,6,,,1,6,,22735,6,,,1,7,,22742,6,,,1,46,,22751,6,,,1,7,,22760,6,,,1,6,,22763,6,,,1,6,,22772,6,,,1,7,,22781,6,,,1,6,,22634,6,,,1,7,,22641,6,,,1,6,,22648,6,,,1,7,,22653,6,,,1,46,,22661,6,,,1,6,,22672,6,,,1,7,,22679,6,,,1,6,,22683,6,,,1,7,,22691,6,,,1,6,,22699,6,,,1,6,,22707,6,,,1,7,,22715,6,,,1,6,,22722,6,,,1,7,,22730,6,,,1,46,,22736,6,,,1,6,,22743,6,,,1,7,,22752,6,,,1,6,,22761,6,,,1,7,,22764,6,,,1,6,,22773,6,,,1,7,,22782,6,,,1,6,,22635,6,,,1,6,,22642,6,,,1,47,,22649,6,,,1,6,,22654,6,,,1,7,,22662,6,,,1,6,,22673,6,,,1,6,,22680,6,,,1,7,,22684,6,,,1,6,,22692,6,,,1,7,,22700,6,,,1,6,,22708,6,,,1,47,,22716,6,,,1,6,,22723,6,,,1,6,,22731,6,,,1,7,,22737,6,,,1,6,,22744,6,,,1,7,,22753,6,,,1,6,,22762,6,,,1,6,,22765,6,,,1,7,,22774,6,,,1,6,,22783,6,,,1,47,,22636,6,,,1,6,,22643,6,,,1,7,,22650,6,,,1,6,,22655,6,,,1,6,,22663,6,,,1,7,,22674,6,,,1,7,,22681,6,,,1,7,,22685,6,,,1,7,,22693,6,,,1,47,,22701,6,,,1,7,,22709,6,,,1,8,,22717,6,,,1,7,,22724,6,,,1,7,,22732,6,,,1,8,,22738,6,,,1,7,,22745,6,,,1,8,,22754,6,,,1,47,,22766,6,,,1,8,,22775,6,,,1,8,,22637,6,,,1,8,,22644,6,,,1,7,,22651,6,,,1,8,,22656,6,,,1,8,,22664,6,,,1,8,,22675,6,,,1,48,,22686,6,,,1,8,,22694,6,,,1,8,,22702,6,,,1,9,,22710,6,,,1,8,,22718,6,,,1,10,,22725,6,,,1,9,,22739,6,,,1,50,,22746,6,,,1,9,,22755,6,,,1,9,,22767,6,,,1,10,,22776,6,,,1,9,,22638,6,,,1,10,,22652,6,,,1,49,,22657,6,,,1,10,,22665,6,,,1,10,,22676,6,,,1,9,,22687,6,,,1,10,,22695,6,,,1,10,,22703,6,,,1,50,,22711,6,,,1,10,,22726,6,,,1,9,,22740,6,,,1,10,,22747,6,,,1,10,,22756,6,,,1,10,,22768,6,,,1,50,,22777,6,,,1,10,,22639,6,,,1
201,'GLOBAUX-01-F1',533,,22877,6,,,1,10,,22890,6,,,1,9,,22898,6,,,1,50,,22906,6,,,1,9,,22911,6,,,1,9,,22784,6,,,1,10,,22792,6,,,1,9,,22809,6,,,1,9,,22817,6,,,1,10,,22825,6,,,1,49,,22833,6,,,1,9,,22841,6,,,1,10,,22846,6,,,1,9,,22859,6,,,1,9,,22862,6,,,1,10,,22878,6,,,1,49,,22891,6,,,1,9,,22899,6,,,1,9,,22907,6,,,1,10,,22912,6,,,1,9,,22785,6,,,1,9,,22793,6,,,1,9,,22803,6,,,1,48,,22810,6,,,1,9,,22818,6,,,1,9,,22826,6,,,1,9,,22834,6,,,1,8,,22842,6,,,1,9,,22847,6,,,1,9,,22860,6,,,1,48,,22863,6,,,1,9,,22870,6,,,1,8,,22879,6,,,1,9,,22892,6,,,1,8,,22900,6,,,1,9,,22908,6,,,1,9,,22913,6,,,1,48,,22786,6,,,1,9,,22794,6,,,1,8,,22804,6,,,1,9,,22811,6,,,1,9,,22819,6,,,1,8,,22827,6,,,1,9,,22835,6,,,1,48,,22843,6,,,1,8,,22848,6,,,1,8,,22861,6,,,1,8,,22864,6,,,1,7,,22871,6,,,1,8,,22880,6,,,1,7,,22886,6,,,1,47,,22893,6,,,1,7,,22901,6,,,1,7,,22909,6,,,1,7,,22914,6,,,1,6,,22919,6,,,1,7,,22787,6,,,1,7,,22795,6,,,1,7,,22798,6,,,1,7,,22805,6,,,1,47,,22812,6,,,1,6,,22820,6,,,1,7,,22828,6,,,1,7,,22836,6,,,1,7,,22844,6,,,1,7,,22849,6,,,1,7,,22854,6,,,1,6,,22865,6,,,1,7,,22872,6,,,1,47,,22881,6,,,1,7,,22887,6,,,1,7,,22894,6,,,1,7,,22902,6,,,1,6,,22910,6,,,1,7,,22915,6,,,1,7,,22920,6,,,1,7,,22788,6,,,1,7,,22796,6,,,1,47,,22799,6,,,1,7,,22806,6,,,1,7,,22813,6,,,1,7,,22821,6,,,1,8,,22829,6,,,1,7,,22837,6,,,1,7,,22845,6,,,1,8,,22850,6,,,1,47,,22855,6,,,1,7,,22866,6,,,1,8,,22873,6,,,1,7,,22882,6,,,1,7,,22888,6,,,1,8,,22895,6,,,1,7,,22903,6,,,1,8,,22916,6,,,1,48,,22921,6,,,1,7,,22789,6,,,1,8,,22797,6,,,1,8,,22800,6,,,1,8,,22807,6,,,1,8,,22814,6,,,1,8,,22822,6,,,1,7,,22830,6,,,1,48,,22838,6,,,1,8,,22851,6,,,1,8,,22856,6,,,1,8,,22867,6,,,1,8,,22874,6,,,1,7,,22883,6,,,1,8,,22889,6,,,1,48,,22896,6,,,1,9,,22904,6,,,1,8,,22917,6,,,1,9,,22922,6,,,1,8,,22790,6,,,1,9,,22801,6,,,1,8,,22808,6,,,1,49,,22815,6,,,1,9,,22823,6,,,1,8,,22831,6,,,1,9,,22839,6,,,1,9,,22852,6,,,1,9,,22857,6,,,1,9,,22868,6,,,1,49,,22875,6,,,1,10,,22884,6,,,1,10,,22897,6,,,1,10,,22905,6,,,1,10,,22918,6,,,1,10,,22923,6,,,1,50,,22791,6,,,1,10,,22802,6,,,1,10,,22816,6,,,1,10,,22824,6,,,1,10,,22832,6,,,1,10,,22840,6,,,1,50,,22853,6,,,1,10,,22858,6,,,1,10,,22869,6,,,1,10,,22876,6,,,1,10,,22885,6,,,1
201,'GLOBAUX-01-F2',533,,23017,6,,,1,10,,23030,6,,,1,9,,23038,6,,,1,50,,23046,6,,,1,9,,23051,6,,,1,9,,22924,6,,,1,10,,22932,6,,,1,9,,22949,6,,,1,9,,22957,6,,,1,10,,22965,6,,,1,49,,22973,6,,,1,9,,22981,6,,,1,10,,22986,6,,,1,9,,22999,6,,,1,9,,23002,6,,,1,10,,23018,6,,,1,49,,23031,6,,,1,9,,23039,6,,,1,9,,23047,6,,,1,10,,23052,6,,,1,9,,22925,6,,,1,9,,22933,6,,,1,9,,22943,6,,,1,48,,22950,6,,,1,9,,22958,6,,,1,9,,22966,6,,,1,9,,22974,6,,,1,8,,22982,6,,,1,9,,22987,6,,,1,9,,23000,6,,,1,48,,23003,6,,,1,9,,23010,6,,,1,8,,23019,6,,,1,9,,23032,6,,,1,8,,23040,6,,,1,9,,23048,6,,,1,9,,23053,6,,,1,48,,22926,6,,,1,9,,22934,6,,,1,8,,22944,6,,,1,9,,22951,6,,,1,9,,22959,6,,,1,8,,22967,6,,,1,9,,22975,6,,,1,48,,22983,6,,,1,8,,22988,6,,,1,8,,23001,6,,,1,8,,23004,6,,,1,7,,23011,6,,,1,8,,23020,6,,,1,7,,23026,6,,,1,47,,23033,6,,,1,7,,23041,6,,,1,7,,23049,6,,,1,7,,23054,6,,,1,6,,23059,6,,,1,7,,22927,6,,,1,7,,22935,6,,,1,7,,22938,6,,,1,7,,22945,6,,,1,47,,22952,6,,,1,6,,22960,6,,,1,7,,22968,6,,,1,7,,22976,6,,,1,7,,22984,6,,,1,7,,22989,6,,,1,7,,22994,6,,,1,6,,23005,6,,,1,7,,23012,6,,,1,47,,23021,6,,,1,7,,23027,6,,,1,7,,23034,6,,,1,7,,23042,6,,,1,6,,23050,6,,,1,7,,23055,6,,,1,7,,23060,6,,,1,7,,22928,6,,,1,7,,22936,6,,,1,47,,22939,6,,,1,7,,22946,6,,,1,7,,22953,6,,,1,7,,22961,6,,,1,8,,22969,6,,,1,7,,22977,6,,,1,7,,22985,6,,,1,8,,22990,6,,,1,47,,22995,6,,,1,7,,23006,6,,,1,8,,23013,6,,,1,7,,23022,6,,,1,7,,23028,6,,,1,8,,23035,6,,,1,7,,23043,6,,,1,8,,23056,6,,,1,48,,23061,6,,,1,7,,22929,6,,,1,8,,22937,6,,,1,8,,22940,6,,,1,8,,22947,6,,,1,8,,22954,6,,,1,8,,22962,6,,,1,7,,22970,6,,,1,48,,22978,6,,,1,8,,22991,6,,,1,8,,22996,6,,,1,8,,23007,6,,,1,8,,23014,6,,,1,7,,23023,6,,,1,8,,23029,6,,,1,48,,23036,6,,,1,9,,23044,6,,,1,8,,23057,6,,,1,9,,23062,6,,,1,8,,22930,6,,,1,9,,22941,6,,,1,8,,22948,6,,,1,49,,22955,6,,,1,9,,22963,6,,,1,8,,22971,6,,,1,9,,22979,6,,,1,9,,22992,6,,,1,9,,22997,6,,,1,9,,23008,6,,,1,49,,23015,6,,,1,10,,23024,6,,,1,10,,23037,6,,,1,10,,23045,6,,,1,10,,23058,6,,,1,10,,23063,6,,,1,50,,22931,6,,,1,10,,22942,6,,,1,10,,22956,6,,,1,10,,22964,6,,,1,10,,22972,6,,,1,10,,22980,6,,,1,50,,22993,6,,,1,10,,22998,6,,,1,10,,23009,6,,,1,10,,23016,6,,,1,10,,23025,6,,,1
201,'GLOBAUX-01-I',533,,23157,6,,,1,10,,23170,6,,,1,9,,23178,6,,,1,50,,23186,6,,,1,9,,23191,6,,,1,9,,23064,6,,,1,10,,23072,6,,,1,9,,23089,6,,,1,9,,23097,6,,,1,10,,23105,6,,,1,49,,23113,6,,,1,9,,23121,6,,,1,10,,23126,6,,,1,9,,23139,6,,,1,9,,23142,6,,,1,10,,23158,6,,,1,49,,23171,6,,,1,9,,23179,6,,,1,9,,23187,6,,,1,10,,23192,6,,,1,9,,23065,6,,,1,9,,23073,6,,,1,9,,23083,6,,,1,48,,23090,6,,,1,9,,23098,6,,,1,9,,23106,6,,,1,9,,23114,6,,,1,8,,23122,6,,,1,9,,23127,6,,,1,9,,23140,6,,,1,48,,23143,6,,,1,9,,23150,6,,,1,8,,23159,6,,,1,9,,23172,6,,,1,8,,23180,6,,,1,9,,23188,6,,,1,9,,23193,6,,,1,48,,23066,6,,,1,9,,23074,6,,,1,8,,23084,6,,,1,9,,23091,6,,,1,9,,23099,6,,,1,8,,23107,6,,,1,9,,23115,6,,,1,48,,23123,6,,,1,8,,23128,6,,,1,8,,23141,6,,,1,8,,23144,6,,,1,7,,23151,6,,,1,8,,23160,6,,,1,7,,23166,6,,,1,47,,23173,6,,,1,7,,23181,6,,,1,7,,23189,6,,,1,7,,23194,6,,,1,6,,23199,6,,,1,7,,23067,6,,,1,7,,23075,6,,,1,7,,23078,6,,,1,7,,23085,6,,,1,47,,23092,6,,,1,6,,23100,6,,,1,7,,23108,6,,,1,7,,23116,6,,,1,7,,23124,6,,,1,7,,23129,6,,,1,7,,23134,6,,,1,6,,23145,6,,,1,7,,23152,6,,,1,47,,23161,6,,,1,7,,23167,6,,,1,7,,23174,6,,,1,7,,23182,6,,,1,6,,23190,6,,,1,7,,23195,6,,,1,7,,23200,6,,,1,7,,23068,6,,,1,7,,23076,6,,,1,47,,23079,6,,,1,7,,23086,6,,,1,7,,23093,6,,,1,7,,23101,6,,,1,8,,23109,6,,,1,7,,23117,6,,,1,7,,23125,6,,,1,8,,23130,6,,,1,47,,23135,6,,,1,7,,23146,6,,,1,8,,23153,6,,,1,7,,23162,6,,,1,7,,23168,6,,,1,8,,23175,6,,,1,7,,23183,6,,,1,8,,23196,6,,,1,48,,23201,6,,,1,7,,23069,6,,,1,8,,23077,6,,,1,8,,23080,6,,,1,8,,23087,6,,,1,8,,23094,6,,,1,8,,23102,6,,,1,7,,23110,6,,,1,48,,23118,6,,,1,8,,23131,6,,,1,8,,23136,6,,,1,8,,23147,6,,,1,8,,23154,6,,,1,7,,23163,6,,,1,8,,23169,6,,,1,48,,23176,6,,,1,9,,23184,6,,,1,8,,23197,6,,,1,9,,23202,6,,,1,8,,23070,6,,,1,9,,23081,6,,,1,8,,23088,6,,,1,49,,23095,6,,,1,9,,23103,6,,,1,8,,23111,6,,,1,9,,23119,6,,,1,9,,23132,6,,,1,9,,23137,6,,,1,9,,23148,6,,,1,49,,23155,6,,,1,10,,23164,6,,,1,10,,23177,6,,,1,10,,23185,6,,,1,10,,23198,6,,,1,10,,23203,6,,,1,50,,23071,6,,,1,10,,23082,6,,,1,10,,23096,6,,,1,10,,23104,6,,,1,10,,23112,6,,,1,10,,23120,6,,,1,50,,23133,6,,,1,10,,23138,6,,,1,10,,23149,6,,,1,10,,23156,6,,,1,10,,23165,6,,,1
201,'GLOBAUX-01-S',533,,23391,6,,,1,6,,23405,6,,,1,6,,23411,6,,,1,6,,23418,6,,,1,6,,23424,6,,,1,46,,23204,6,,,1,6,,23206,6,,,1,6,,23224,6,,,1,6,,23226,6,,,1,5,,23238,6,,,1,5,,23243,6,,,1,5,,23251,6,,,1,5,,23276,6,,,1,4,,23277,6,,,1,4,,23279,6,,,1,4,,23288,6,,,1,4,,23297,6,,,1,44,,23305,6,,,1,3,,23308,6,,,1,4,,23313,6,,,1,3,,23322,6,,,1,4,,23327,6,,,1,3,,23331,6,,,1,3,,23339,6,,,1,3,,23344,6,,,1,3,,23346,6,,,1,3,,23351,6,,,1,2,,23366,6,,,1,3,,23375,3,,,1,3,,23383,6,,,1,3,,23384,6,,,1,3,,23385,3,,,1,3,,23390,6,,,1,3,,23392,6,,,1,3,,23394,6,,,1,3,,23401,3,,,1,3,,23406,6,,,1,43,,23412,6,,,1,2,,23417,6,,,1,3,,23419,6,,,1,3,,23425,6,,,1,3,,23434,6,,,1,3,,23442,3,,,1,3,,23205,6,,,1,3,,23207,6,,,1,3,,23216,6,,,1,3,,23225,6,,,1,3,,23227,6,,,1,3,,23234,3,,,1,2,,23235,6,,,1,3,,23239,6,,,1,3,,23244,6,,,1,3,,23252,6,,,1,3,,23259,6,,,1,3,,23260,6,,,1,3,,23271,6,,,1,3,,23278,6,,,1,44,,23280,6,,,1,3,,23289,6,,,1,3,,23298,6,,,1,4,,23306,6,,,1,3,,23309,6,,,1,4,,23314,6,,,1,4,,23318,6,,,1,4,,23323,6,,,1,3,,23328,6,,,1,4,,23332,6,,,1,4,,23340,6,,,1,5,,23345,6,,,1,5,,23352,6,,,1,5,,23367,6,,,1,5,,23376,6,,,1,45,,23386,6,,,1,5,,23395,6,,,1,6,,23407,6,,,1,6,,23413,6,,,1,6,,23426,6,,,1,6,,23435,6,,,1,6,,23208,6,,,1,6,,23217,6,,,1,6,,23228,6,,,1,6,,23240,6,,,1,46,,23253,6,,,1,6,,23261,6,,,1,6,,23272,6,,,1,6,,23281,6,,,1,6,,23290,6,,,1,6,,23299,6,,,1,6,,23310,6,,,1,6,,23319,6,,,1,6,,23324,6,,,1,6,,23333,6,,,1,46,,23341,6,,,1,6,,23353,6,,,1,6,,23368,6,,,1,6,,23377,6,,,1,6,,23387,6,,,1,6,,23396,6,,,1,6,,23408,6,,,1,6,,23414,6,,,1,6,,23427,6,,,1,6,,23436,6,,,1,46,,23209,6,,,1,6,,23218,6,,,1,6,,23229,6,,,1,6,,23241,6,,,1,6,,23254,6,,,1,6,,23262,6,,,1,6,,23273,6,,,1,6,,23282,6,,,1,6,,23291,6,,,1,6,,23300,6,,,1,46,,23311,6,,,1,6,,23320,6,,,1,6,,23325,6,,,1,6,,23334,6,,,1,6,,23342,6,,,1,6,,23354,6,,,1,6,,23369,6,,,1,6,,23378,6,,,1,6,,23388,6,,,1,6,,23397,6,,,1,46,,23409,6,,,1,5,,23415,6,,,1,5,,23428,6,,,1,5,,23437,6,,,1,5,,23210,6,,,1,5,,23212,6,,,1,5,,23219,6,,,1,4,,23230,6,,,1,4,,23236,6,,,1,3,,23242,6,,,1,3,,23248,6,,,1,4,,23255,6,,,1,3,,23263,6,,,1,3,,23267,6,,,1,4,,23274,6,,,1,43,,23283,6,,,1,3,,23284,6,,,1,3,,23292,6,,,1,4,,23296,6,,,1,3,,23301,6,,,1,3,,23307,6,,,1,3,,23312,6,,,1,4,,23315,6,,,1,3,,23321,6,,,1,3,,23326,6,,,1,3,,23329,6,,,1,3,,23335,6,,,1,3,,23343,6,,,1,4,,23347,6,,,1,3,,23355,6,,,1,3,,23358,6,,,1,3,,23362,6,,,1,3,,23370,6,,,1,3,,23374,6,,,1,44,,23379,6,,,1,3,,23389,6,,,1,3,,23393,6,,,1,3,,23398,6,,,1,3,,23402,6,,,1,4,,23410,6,,,1,3,,23416,6,,,1,3,,23420,6,,,1,3,,23429,6,,,1,4,,23430,6,,,1,3,,23438,6,,,1,4,,23211,6,,,1,4,,23213,6,,,1,3,,23220,6,,,1,4,,23231,6,,,1,4,,23237,6,,,1,4,,23245,6,,,1,44,,23249,6,,,1,4,,23256,6,,,1,5,,23264,6,,,1,4,,23268,6,,,1,5,,23275,6,,,1,5,,23285,6,,,1,5,,23293,6,,,1,4,,23302,6,,,1,5,,23316,6,,,1,5,,23330,6,,,1,5,,23336,6,,,1,5,,23348,6,,,1,5,,23356,6,,,1,45,,23359,6,,,1,6,,23363,6,,,1,6,,23371,6,,,1,6,,23380,6,,,1,6,,23399,6,,,1,6,,23403,6,,,1,6,,23421,6,,,1,6,,23431,6,,,1,6,,23439,6,,,1,6,,23214,6,,,1,46,,23221,6,,,1,6,,23232,6,,,1,6,,23246,6,,,1,6,,23250,6,,,1,6,,23257,6,,,1,6,,23265,6,,,1,6,,23269,6,,,1,6,,23286,6,,,1,6,,23294,6,,,1,6,,23303,6,,,1,46,,23317,6,,,1,6,,23337,6,,,1,6,,23349,6,,,1,6,,23357,6,,,1,6,,23360,6,,,1,6,,23364,6,,,1,6,,23372,6,,,1,6,,23381,6,,,1,6,,23400,6,,,1,6,,23404,6,,,1,46,,23422,6,,,1,6,,23432,6,,,1,6,,23440,6,,,1,6,,23215,6,,,1,6,,23222,6,,,1,6,,23233,6,,,1,7,,23247,6,,,1,7,,23258,6,,,1,7,,23266,6,,,1,47,,23270,6,,,1,7,,23287,6,,,1,7,,23295,6,,,1,7,,23304,6,,,1,7,,23338,6,,,1,8,,23350,6,,,1,8,,23361,6,,,1,8,,23365,6,,,1,48,,23373,6,,,1,8,,23382,6,,,1,8,,23423,6,,,1,8,,23433,6,,,1,8,,23441,6,,,1,8,,23223,6,,,1
