200,'GLOBAUX-01-A',558,,21847,20,,,1,49,,21851,20,,,1,10,,21872,20,,,1,10,,21881,20,,,1,10,,21890,20,,,1,10,,21905,20,,,1,9,,21919,20,,,1,50,,21927,20,,,1,10,,21933,20,,,1,10,,21941,20,,,1,10,,21952,20,,,1,10,,21960,20,,,1,9,,21811,20,,,1,49,,21825,20,,,1,10,,21839,20,,,1,8,,21848,20,,,1,9,,21852,20,,,1,9,,21860,20,,,1,9,,21873,20,,,1,8,,21882,20,,,1,49,,21891,20,,,1,8,,21898,20,,,1,9,,21906,20,,,1,8,,21913,20,,,1,9,,21920,20,,,1,8,,21934,20,,,1,9,,21942,20,,,1,48,,21953,20,,,1,9,,21961,20,,,1,8,,21812,20,,,1,9,,21826,20,,,1,8,,21840,20,,,1,9,,21849,20,,,1,8,,21853,20,,,1,49,,21861,20,,,1,8,,21874,20,,,1,9,,21883,20,,,1,8,,21892,20,,,1,8,,21899,20,,,1,7,,21907,20,,,1,8,,21914,20,,,1,48,,21921,20,,,1,8,,21935,20,,,1,7,,21943,20,,,1,8,,21954,20,,,1,8,,21962,20,,,1,7,,21813,20,,,1,8,,21819,20,,,1,7,,21827,20,,,1,48,,21841,20,,,1,7,,21850,20,,,1,7,,21854,20,,,1,8,,21862,20,,,1,7,,21866,20,,,1,7,,21875,20,,,1,6,,21884,20,,,1,7,,21893,20,,,1,6,,21900,20,,,1,47,,21908,20,,,1,6,,21915,20,,,1,7,,21922,20,,,1,6,,21928,20,,,1,7,,21936,20,,,1,6,,21944,20,,,1,6,,21947,20,,,1,7,,21955,20,,,1,6,,21963,20,,,1,47,,21814,20,,,1,6,,21820,20,,,1,7,,21828,20,,,1,6,,21833,20,,,1,7,,21842,20,,,1,6,,21855,20,,,1,7,,21863,20,,,1,6,,21867,20,,,1,7,,21876,20,,,1,46,,21885,20,,,1,7,,21894,20,,,1,6,,21901,20,,,1,6,,21909,20,,,1,7,,21916,20,,,1,6,,21923,20,,,1,7,,21929,20,,,1,6,,21937,20,,,1,7,,21945,20,,,1,6,,21948,20,,,1,47,,21956,20,,,1,6,,21964,20,,,1,6,,21815,20,,,1,7,,21821,20,,,1,6,,21829,20,,,1,7,,21834,20,,,1,6,,21843,20,,,1,6,,21856,20,,,1,7,,21864,20,,,1,46,,21868,20,,,1,6,,21877,20,,,1,7,,21886,20,,,1,6,,21895,20,,,1,6,,21902,20,,,1,7,,21910,20,,,1,6,,21917,20,,,1,6,,21924,20,,,1,7,,21930,20,,,1,6,,21938,20,,,1,46,,21946,20,,,1,7,,21949,20,,,1,6,,21957,20,,,1,6,,21965,20,,,1,7,,21816,20,,,1,6,,21822,20,,,1,6,,21830,20,,,1,7,,21835,20,,,1,6,,21844,20,,,1,48,,21857,20,,,1,7,,21865,20,,,1,8,,21869,20,,,1,7,,21878,20,,,1,7,,21887,20,,,1,8,,21896,20,,,1,7,,21903,20,,,1,8,,21911,20,,,1,47,,21918,20,,,1,7,,21925,20,,,1,8,,21931,20,,,1,7,,21939,20,,,1,7,,21950,20,,,1,8,,21958,20,,,1,8,,21817,20,,,1,7,,21823,20,,,1,48,,21831,20,,,1,8,,21836,20,,,1,8,,21845,20,,,1,8,,21858,20,,,1,9,,21870,20,,,1,9,,21879,20,,,1,9,,21888,20,,,1,49,,21897,20,,,1,9,,21904,20,,,1,9,,21912,20,,,1,9,,21926,20,,,1,10,,21932,20,,,1,9,,21940,20,,,1,10,,21951,20,,,1,49,,21959,20,,,1,10,,21818,20,,,1,9,,21832,20,,,1,10,,21837,20,,,1,10,,21846,20,,,1,10,,21859,20,,,1,50,,21871,20,,,1,10,,21880,20,,,1,13,,21889,20,,,1
200,'GLOBAUX-01-F1',557,,22001,20,,,1,50,,22009,20,,,1,9,,22017,20,,,1,9,,22025,20,,,1,9,,22031,20,,,1,10,,22043,20,,,1,9,,22047,20,,,1,49,,22062,20,,,1,9,,22074,20,,,1,10,,22082,20,,,1,9,,22090,20,,,1,9,,22095,20,,,1,10,,21966,20,,,1,9,,21975,20,,,1,49,,21993,20,,,1,9,,22002,20,,,1,10,,22010,20,,,1,9,,22018,20,,,1,9,,22026,20,,,1,10,,22032,20,,,1,49,,22044,20,,,1,9,,22048,20,,,1,9,,22055,20,,,1,8,,22063,20,,,1,9,,22075,20,,,1,8,,22083,20,,,1,9,,22091,20,,,1,49,,22096,20,,,1,8,,21967,20,,,1,9,,21976,20,,,1,8,,21986,20,,,1,9,,21994,20,,,1,8,,22003,20,,,1,9,,22011,20,,,1,49,,22019,20,,,1,8,,22027,20,,,1,9,,22033,20,,,1,8,,22045,20,,,1,9,,22049,20,,,1,9,,22056,20,,,1,8,,22064,20,,,1,49,,22076,20,,,1,9,,22084,20,,,1,8,,22092,20,,,1,9,,22097,20,,,1,8,,21968,20,,,1,9,,21977,20,,,1,8,,21987,20,,,1,48,,21995,20,,,1,8,,22004,20,,,1,7,,22012,20,,,1,8,,22020,20,,,1,8,,22028,20,,,1,8,,22034,20,,,1,8,,22046,20,,,1,8,,22050,20,,,1,48,,22057,20,,,1,8,,22065,20,,,1,8,,22070,20,,,1,7,,22077,20,,,1,7,,22085,20,,,1,7,,22093,20,,,1,7,,22098,20,,,1,6,,22103,20,,,1,47,,21969,20,,,1,7,,21978,20,,,1,7,,21981,20,,,1,7,,21988,20,,,1,7,,21996,20,,,1,7,,22005,20,,,1,6,,22013,20,,,1,7,,22021,20,,,1,7,,22029,20,,,1,47,,22035,20,,,1,7,,22039,20,,,1,7,,22051,20,,,1,7,,22058,20,,,1,6,,22066,20,,,1,7,,22071,20,,,1,7,,22078,20,,,1,7,,22086,20,,,1,47,,22094,20,,,1,7,,22099,20,,,1,6,,22104,20,,,1,7,,21970,20,,,1,7,,21979,20,,,1,7,,21982,20,,,1,7,,21989,20,,,1,7,,21997,20,,,1,7,,22006,20,,,1,47,,22014,20,,,1,8,,22022,20,,,1,7,,22030,20,,,1,7,,22036,20,,,1,7,,22040,20,,,1,8,,22052,20,,,1,7,,22059,20,,,1,7,,22067,20,,,1,48,,22072,20,,,1,7,,22079,20,,,1,8,,22087,20,,,1,7,,22100,20,,,1,8,,22105,20,,,1,8,,21971,20,,,1,8,,21980,20,,,1,8,,21983,20,,,1,47,,21990,20,,,1,8,,21998,20,,,1,8,,22007,20,,,1,8,,22015,20,,,1,8,,22023,20,,,1,8,,22037,20,,,1,8,,22041,20,,,1,8,,22053,20,,,1,48,,22060,20,,,1,8,,22068,20,,,1,8,,22073,20,,,1,8,,22080,20,,,1,8,,22088,20,,,1,9,,22101,20,,,1,8,,22106,20,,,1,49,,21972,20,,,1,8,,21984,20,,,1,9,,21991,20,,,1,8,,21999,20,,,1,9,,22008,20,,,1,10,,22016,20,,,1,10,,22024,20,,,1,50,,22038,20,,,1,10,,22042,20,,,1,10,,22054,20,,,1,10,,22061,20,,,1,10,,22069,20,,,1,10,,22081,20,,,1,50,,22089,20,,,1,10,,22102,20,,,1,10,,22107,20,,,1,10,,21973,20,,,1,10,,21985,20,,,1,53,,22000,20,,,1
200,'GLOBAUX-01-F2',557,,22143,20,,,1,50,,22151,20,,,1,9,,22159,20,,,1,9,,22167,20,,,1,9,,22173,20,,,1,10,,22185,20,,,1,9,,22189,20,,,1,49,,22204,20,,,1,9,,22216,20,,,1,10,,22224,20,,,1,9,,22232,20,,,1,9,,22237,20,,,1,10,,22108,20,,,1,9,,22117,20,,,1,49,,22135,20,,,1,9,,22144,20,,,1,10,,22152,20,,,1,9,,22160,20,,,1,9,,22168,20,,,1,10,,22174,20,,,1,49,,22186,20,,,1,9,,22190,20,,,1,9,,22197,20,,,1,8,,22205,20,,,1,9,,22217,20,,,1,8,,22225,20,,,1,9,,22233,20,,,1,49,,22238,20,,,1,8,,22109,20,,,1,9,,22118,20,,,1,8,,22128,20,,,1,9,,22136,20,,,1,8,,22145,20,,,1,9,,22153,20,,,1,49,,22161,20,,,1,8,,22169,20,,,1,9,,22175,20,,,1,8,,22187,20,,,1,9,,22191,20,,,1,9,,22198,20,,,1,8,,22206,20,,,1,49,,22218,20,,,1,9,,22226,20,,,1,8,,22234,20,,,1,9,,22239,20,,,1,8,,22110,20,,,1,9,,22119,20,,,1,8,,22129,20,,,1,48,,22137,20,,,1,8,,22146,20,,,1,7,,22154,20,,,1,8,,22162,20,,,1,8,,22170,20,,,1,8,,22176,20,,,1,8,,22188,20,,,1,8,,22192,20,,,1,48,,22199,20,,,1,8,,22207,20,,,1,8,,22212,20,,,1,7,,22219,20,,,1,7,,22227,20,,,1,7,,22235,20,,,1,7,,22240,20,,,1,6,,22245,20,,,1,47,,22111,20,,,1,7,,22120,20,,,1,7,,22123,20,,,1,7,,22130,20,,,1,7,,22138,20,,,1,7,,22147,20,,,1,6,,22155,20,,,1,7,,22163,20,,,1,7,,22171,20,,,1,47,,22177,20,,,1,7,,22181,20,,,1,7,,22193,20,,,1,7,,22200,20,,,1,6,,22208,20,,,1,7,,22213,20,,,1,7,,22220,20,,,1,7,,22228,20,,,1,47,,22236,20,,,1,7,,22241,20,,,1,6,,22246,20,,,1,7,,22112,20,,,1,7,,22121,20,,,1,7,,22124,20,,,1,7,,22131,20,,,1,7,,22139,20,,,1,7,,22148,20,,,1,47,,22156,20,,,1,8,,22164,20,,,1,7,,22172,20,,,1,7,,22178,20,,,1,7,,22182,20,,,1,8,,22194,20,,,1,7,,22201,20,,,1,7,,22209,20,,,1,48,,22214,20,,,1,7,,22221,20,,,1,8,,22229,20,,,1,7,,22242,20,,,1,8,,22247,20,,,1,8,,22113,20,,,1,8,,22122,20,,,1,8,,22125,20,,,1,47,,22132,20,,,1,8,,22140,20,,,1,8,,22149,20,,,1,8,,22157,20,,,1,8,,22165,20,,,1,8,,22179,20,,,1,8,,22183,20,,,1,8,,22195,20,,,1,48,,22202,20,,,1,8,,22210,20,,,1,8,,22215,20,,,1,8,,22222,20,,,1,8,,22230,20,,,1,9,,22243,20,,,1,8,,22248,20,,,1,49,,22114,20,,,1,8,,22126,20,,,1,9,,22133,20,,,1,8,,22141,20,,,1,9,,22150,20,,,1,10,,22158,20,,,1,10,,22166,20,,,1,50,,22180,20,,,1,10,,22184,20,,,1,10,,22196,20,,,1,10,,22203,20,,,1,10,,22211,20,,,1,10,,22223,20,,,1,50,,22231,20,,,1,10,,22244,20,,,1,10,,22249,20,,,1,10,,22115,20,,,1,10,,22127,20,,,1,53,,22142,20,,,1
200,'GLOBAUX-01-I',557,,22285,20,,,1,50,,22293,20,,,1,9,,22301,20,,,1,9,,22309,20,,,1,9,,22315,20,,,1,10,,22327,20,,,1,9,,22331,20,,,1,49,,22346,20,,,1,9,,22358,20,,,1,10,,22366,20,,,1,9,,22374,20,,,1,9,,22379,20,,,1,10,,22250,20,,,1,9,,22259,20,,,1,49,,22277,20,,,1,9,,22286,20,,,1,10,,22294,20,,,1,9,,22302,20,,,1,9,,22310,20,,,1,10,,22316,20,,,1,49,,22328,20,,,1,9,,22332,20,,,1,9,,22339,20,,,1,8,,22347,20,,,1,9,,22359,20,,,1,8,,22367,20,,,1,9,,22375,20,,,1,49,,22380,20,,,1,8,,22251,20,,,1,9,,22260,20,,,1,8,,22270,20,,,1,9,,22278,20,,,1,8,,22287,20,,,1,9,,22295,20,,,1,49,,22303,20,,,1,8,,22311,20,,,1,9,,22317,20,,,1,8,,22329,20,,,1,9,,22333,20,,,1,9,,22340,20,,,1,8,,22348,20,,,1,49,,22360,20,,,1,9,,22368,20,,,1,8,,22376,20,,,1,9,,22381,20,,,1,8,,22252,20,,,1,9,,22261,20,,,1,8,,22271,20,,,1,48,,22279,20,,,1,8,,22288,20,,,1,7,,22296,20,,,1,8,,22304,20,,,1,8,,22312,20,,,1,8,,22318,20,,,1,8,,22330,20,,,1,8,,22334,20,,,1,48,,22341,20,,,1,8,,22349,20,,,1,8,,22354,20,,,1,7,,22361,20,,,1,7,,22369,20,,,1,7,,22377,20,,,1,7,,22382,20,,,1,6,,22387,20,,,1,47,,22253,20,,,1,7,,22262,20,,,1,7,,22265,20,,,1,7,,22272,20,,,1,7,,22280,20,,,1,7,,22289,20,,,1,6,,22297,20,,,1,7,,22305,20,,,1,7,,22313,20,,,1,47,,22319,20,,,1,7,,22323,20,,,1,7,,22335,20,,,1,7,,22342,20,,,1,6,,22350,20,,,1,7,,22355,20,,,1,7,,22362,20,,,1,7,,22370,20,,,1,47,,22378,20,,,1,7,,22383,20,,,1,6,,22388,20,,,1,7,,22254,20,,,1,7,,22263,20,,,1,7,,22266,20,,,1,7,,22273,20,,,1,7,,22281,20,,,1,7,,22290,20,,,1,47,,22298,20,,,1,8,,22306,20,,,1,7,,22314,20,,,1,7,,22320,20,,,1,7,,22324,20,,,1,8,,22336,20,,,1,7,,22343,20,,,1,7,,22351,20,,,1,48,,22356,20,,,1,7,,22363,20,,,1,8,,22371,20,,,1,7,,22384,20,,,1,8,,22389,20,,,1,8,,22255,20,,,1,8,,22264,20,,,1,8,,22267,20,,,1,47,,22274,20,,,1,8,,22282,20,,,1,8,,22291,20,,,1,8,,22299,20,,,1,8,,22307,20,,,1,8,,22321,20,,,1,8,,22325,20,,,1,8,,22337,20,,,1,48,,22344,20,,,1,8,,22352,20,,,1,8,,22357,20,,,1,8,,22364,20,,,1,8,,22372,20,,,1,9,,22385,20,,,1,8,,22390,20,,,1,49,,22256,20,,,1,8,,22268,20,,,1,9,,22275,20,,,1,8,,22283,20,,,1,9,,22292,20,,,1,10,,22300,20,,,1,10,,22308,20,,,1,50,,22322,20,,,1,10,,22326,20,,,1,10,,22338,20,,,1,10,,22345,20,,,1,10,,22353,20,,,1,10,,22365,20,,,1,50,,22373,20,,,1,10,,22386,20,,,1,10,,22391,20,,,1,10,,22257,20,,,1,10,,22269,20,,,1,53,,22284,20,,,1
200,'GLOBAUX-01-S',557,,22463,20,,,1,46,,22473,20,,,1,6,,22483,20,,,1,6,,22498,20,,,1,6,,22509,20,,,1,6,,22518,20,,,1,6,,22532,20,,,1,6,,22534,20,,,1,5,,22554,20,,,1,5,,22571,20,,,1,5,,22573,20,,,1,5,,22580,20,,,1,45,,22582,20,,,1,4,,22594,20,,,1,4,,22600,20,,,1,4,,22606,20,,,1,4,,22607,20,,,1,4,,22613,20,,,1,3,,22622,20,,,1,4,,22392,20,,,1,3,,22393,20,,,1,4,,22403,20,,,1,3,,22411,20,,,1,4,,22412,20,,,1,3,,22421,20,,,1,4,,22423,20,,,1,3,,22428,20,,,1,3,,22436,20,,,1,44,,22444,20,,,1,3,,22456,20,,,1,3,,22461,20,,,1,3,,22462,20,,,1,4,,22464,20,,,1,3,,22474,20,,,1,3,,22484,20,,,1,4,,22492,20,,,1,3,,22494,20,,,1,3,,22499,20,,,1,4,,22504,20,,,1,3,,22510,20,,,1,3,,22515,20,,,1,3,,22519,20,,,1,3,,22527,20,,,1,4,,22533,20,,,1,3,,22535,20,,,1,3,,22540,20,,,1,43,,22555,20,,,1,4,,22564,20,,,1,3,,22572,20,,,1,4,,22574,20,,,1,3,,22575,20,,,1,4,,22583,20,,,1,4,,22590,20,,,1,3,,22595,20,,,1,4,,22601,20,,,1,4,,22608,20,,,1,4,,22614,20,,,1,3,,22623,20,,,1,4,,22630,20,,,1,4,,22394,20,,,1,4,,22404,20,,,1,4,,22413,20,,,1,44,,22420,20,,,1,4,,22424,20,,,1,5,,22437,20,,,1,5,,22445,20,,,1,5,,22457,20,,,1,6,,22465,20,,,1,6,,22475,20,,,1,6,,22485,20,,,1,6,,22495,20,,,1,6,,22505,20,,,1,6,,22511,20,,,1,46,,22520,20,,,1,6,,22528,20,,,1,6,,22541,20,,,1,6,,22556,20,,,1,6,,22565,20,,,1,6,,22576,20,,,1,6,,22584,20,,,1,6,,22596,20,,,1,6,,22602,20,,,1,6,,22615,20,,,1,46,,22624,20,,,1,6,,22395,20,,,1,6,,22405,20,,,1,6,,22414,20,,,1,6,,22425,20,,,1,6,,22438,20,,,1,6,,22446,20,,,1,6,,22458,20,,,1,6,,22466,20,,,1,6,,22476,20,,,1,46,,22486,20,,,1,6,,22496,20,,,1,6,,22506,20,,,1,6,,22512,20,,,1,6,,22521,20,,,1,6,,22529,20,,,1,6,,22542,20,,,1,6,,22557,20,,,1,6,,22566,20,,,1,6,,22577,20,,,1,47,,22585,20,,,1,6,,22597,20,,,1,6,,22603,20,,,1,6,,22616,20,,,1,6,,22625,20,,,1,6,,22396,20,,,1,6,,22406,20,,,1,6,,22415,20,,,1,6,,22426,20,,,1,6,,22439,20,,,1,46,,22447,20,,,1,6,,22459,20,,,1,6,,22467,20,,,1,5,,22477,20,,,1,5,,22487,20,,,1,5,,22497,20,,,1,4,,22500,20,,,1,5,,22507,20,,,1,4,,22513,20,,,1,5,,22516,20,,,1,4,,22522,20,,,1,3,,22530,20,,,1,4,,22536,20,,,1,43,,22543,20,,,1,4,,22547,20,,,1,3,,22558,20,,,1,3,,22562,20,,,1,3,,22567,20,,,1,3,,22578,20,,,1,3,,22581,20,,,1,3,,22586,20,,,1,3,,22591,20,,,1,3,,22598,20,,,1,3,,22604,20,,,1,3,,22609,20,,,1,2,,22617,20,,,1,3,,22618,20,,,1,3,,22626,20,,,1,3,,22397,20,,,1,3,,22398,20,,,1,3,,22399,20,,,1,3,,22400,20,,,1,3,,22407,20,,,1,43,,22416,20,,,1,3,,22422,20,,,1,3,,22427,20,0,5,1,3,,22429,20,,,1,3,,22433,20,,,1,2,,22440,20,,,1,3,,22448,20,0,5,1,3,,22449,20,,,1,3,,22453,20,,,1,3,,22460,20,,,1,3,,22468,20,0,5,1,3,,22469,20,,,1,3,,22478,20,,,1,3,,22482,20,0,5,1,3,,22488,20,,,1,2,,22493,20,0,5,1,3,,22501,20,,,1,4,,22508,20,,,1,3,,22514,20,,,1,3,,22517,20,,,1,44,,22523,20,,,1,3,,22531,20,,,1,3,,22537,20,,,1,4,,22544,20,,,1,3,,22548,20,,,1,4,,22551,20,,,1,4,,22559,20,,,1,4,,22563,20,,,1,4,,22568,20,,,1,4,,22579,20,,,1,3,,22587,20,,,1,4,,22592,20,,,1,4,,22599,20,,,1,4,,22605,20,,,1,4,,22610,20,,,1,4,,22619,20,,,1,45,,22627,20,,,1,5,,22401,20,,,1,5,,22408,20,,,1,5,,22417,20,,,1,5,,22430,20,,,1,6,,22434,20,,,1,6,,22441,20,,,1,6,,22450,20,,,1,6,,22454,20,,,1,6,,22470,20,,,1,6,,22479,20,,,1,46,,22489,20,,,1,6,,22502,20,,,1,6,,22524,20,,,1,6,,22538,20,,,1,6,,22545,20,,,1,6,,22549,20,,,1,6,,22552,20,,,1,6,,22560,20,,,1,6,,22569,20,,,1,6,,22588,20,,,1,46,,22593,20,,,1,6,,22611,20,,,1,6,,22620,20,,,1,6,,22628,20,,,1,6,,22402,20,,,1,6,,22409,20,,,1,6,,22418,20,,,1,6,,22431,20,,,1,6,,22435,20,,,1,6,,22442,20,,,1,46,,22451,20,,,1,6,,22455,20,,,1,6,,22471,20,,,1,6,,22480,20,,,1,6,,22490,20,,,1,6,,22503,20,,,1,6,,22525,20,,,1,5,,22539,20,,,1,6,,22546,20,,,1,6,,22550,20,,,1,47,,22553,20,,,1,7,,22561,20,,,1,7,,22570,20,,,1,7,,22589,20,,,1,7,,22612,20,,,1,7,,22621,20,,,1,7,,22629,20,,,1,7,,22410,20,,,1,48,,22419,20,,,1,8,,22432,20,,,1,8,,22443,20,,,1,8,,22452,20,,,1,8,,22472,20,,,1,8,,22481,20,,,1,8,,22491,20,,,1,51,,22526,20,,,1
201,'GLOBAUX-01-A',542,,22741,12,,,1,10,,22748,12,,,1,49,,22757,12,,,1,10,,22769,12,,,1,9,,22778,12,,,1,10,,22631,12,,,1,10,,22645,12,,,1,9,,22658,12,,,1,10,,22666,12,,,1,50,,22669,12,,,1,9,,22688,12,,,1,10,,22696,12,,,1,9,,22704,12,,,1,10,,22712,12,,,1,9,,22719,12,,,1,50,,22727,12,,,1,8,,22733,12,,,1,9,,22749,12,,,1,9,,22758,12,,,1,9,,22770,12,,,1,8,,22779,12,,,1,9,,22632,12,,,1,49,,22646,12,,,1,9,,22659,12,,,1,8,,22667,12,,,1,9,,22670,12,,,1,8,,22677,12,,,1,9,,22689,12,,,1,9,,22697,12,,,1,49,,22705,12,,,1,8,,22713,12,,,1,9,,22720,12,,,1,9,,22728,12,,,1,9,,22734,12,,,1,7,,22750,12,,,1,8,,22759,12,,,1,48,,22771,12,,,1,7,,22780,12,,,1,8,,22633,12,,,1,7,,22640,12,,,1,8,,22647,12,,,1,7,,22660,12,,,1,7,,22668,12,,,1,7,,22671,12,,,1,47,,22678,12,,,1,7,,22682,12,,,1,7,,22690,12,,,1,7,,22698,12,,,1,7,,22706,12,,,1,7,,22714,12,,,1,6,,22721,12,,,1,7,,22729,12,,,1,6,,22735,12,,,1,47,,22742,12,,,1,6,,22751,12,,,1,6,,22760,12,,,1,7,,22763,12,,,1,6,,22772,12,,,1,7,,22781,12,,,1,6,,22634,12,,,1,7,,22641,12,,,1,6,,22648,12,,,1,46,,22653,12,,,1,7,,22661,12,,,1,6,,22672,12,,,1,7,,22679,12,,,1,6,,22683,12,,,1,6,,22691,12,,,1,7,,22699,12,,,1,6,,22707,12,,,1,7,,22715,12,,,1,46,,22722,12,,,1,6,,22730,12,,,1,7,,22736,12,,,1,6,,22743,12,,,1,7,,22752,12,,,1,6,,22761,12,,,1,7,,22764,12,,,1,6,,22773,12,,,1,6,,22782,12,,,1,7,,22635,12,,,1,46,,22642,12,,,1,7,,22649,12,,,1,6,,22654,12,,,1,6,,22662,12,,,1,7,,22673,12,,,1,6,,22680,12,,,1,7,,22684,12,,,1,6,,22692,12,,,1,7,,22700,12,,,1,46,,22708,12,,,1,6,,22716,12,,,1,7,,22723,12,,,1,6,,22731,12,,,1,7,,22737,12,,,1,6,,22744,12,,,1,6,,22753,12,,,1,7,,22762,12,,,1,6,,22765,12,,,1,47,,22774,12,,,1,6,,22783,12,,,1,7,,22636,12,,,1,6,,22643,12,,,1,6,,22650,12,,,1,7,,22655,12,,,1,6,,22663,12,,,1,7,,22674,12,,,1,6,,22681,12,,,1,8,,22685,12,,,1,47,,22693,12,,,1,7,,22701,12,,,1,7,,22709,12,,,1,7,,22717,12,,,1,8,,22724,12,,,1,7,,22732,12,,,1,7,,22738,12,,,1,8,,22745,12,,,1,47,,22754,12,,,1,8,,22766,12,,,1,8,,22775,12,,,1,7,,22637,12,,,1,8,,22644,12,,,1,8,,22651,12,,,1,8,,22656,12,,,1,7,,22664,12,,,1,48,,22675,12,,,1,8,,22686,12,,,1,8,,22694,12,,,1,9,,22702,12,,,1,8,,22710,12,,,1,9,,22718,12,,,1,9,,22725,12,,,1,50,,22739,12,,,1,9,,22746,12,,,1,10,,22755,12,,,1,9,,22767,12,,,1,9,,22776,12,,,1,10,,22638,12,,,1,49,,22652,12,,,1,10,,22657,12,,,1,9,,22665,12,,,1,10,,22676,12,,,1,10,,22687,12,,,1,10,,22695,12,,,1,49,,22703,12,,,1,10,,22711,12,,,1,10,,22726,12,,,1,10,,22740,12,,,1,10,,22747,12,,,1,10,,22756,12,,,1,50,,22768,12,,,1,10,,22777,12,,,1,10,,22639,12,,,1
201,'GLOBAUX-01-F1',542,,22877,12,,,1,9,,22890,12,,,1,50,,22898,12,,,1,9,,22906,12,,,1,9,,22911,12,,,1,10,,22784,12,,,1,9,,22792,12,,,1,9,,22809,12,,,1,10,,22817,12,,,1,49,,22825,12,,,1,9,,22833,12,,,1,10,,22841,12,,,1,9,,22846,12,,,1,9,,22859,12,,,1,10,,22862,12,,,1,49,,22878,12,,,1,9,,22891,12,,,1,10,,22899,12,,,1,9,,22907,12,,,1,9,,22912,12,,,1,9,,22785,12,,,1,10,,22793,12,,,1,48,,22803,12,,,1,9,,22810,12,,,1,9,,22818,12,,,1,9,,22826,12,,,1,8,,22834,12,,,1,9,,22842,12,,,1,9,,22847,12,,,1,48,,22860,12,,,1,9,,22863,12,,,1,8,,22870,12,,,1,9,,22879,12,,,1,9,,22892,12,,,1,8,,22900,12,,,1,9,,22908,12,,,1,48,,22913,12,,,1,9,,22786,12,,,1,9,,22794,12,,,1,8,,22804,12,,,1,9,,22811,12,,,1,8,,22819,12,,,1,9,,22827,12,,,1,49,,22835,12,,,1,8,,22843,12,,,1,8,,22848,12,,,1,7,,22861,12,,,1,8,,22864,12,,,1,8,,22871,12,,,1,8,,22880,12,,,1,47,,22886,12,,,1,7,,22893,12,,,1,7,,22901,12,,,1,7,,22909,12,,,1,6,,22914,12,,,1,7,,22919,12,,,1,7,,22787,12,,,1,7,,22795,12,,,1,7,,22798,12,,,1,47,,22805,12,,,1,6,,22812,12,,,1,7,,22820,12,,,1,7,,22828,12,,,1,7,,22836,12,,,1,7,,22844,12,,,1,7,,22849,12,,,1,6,,22854,12,,,1,7,,22865,12,,,1,47,,22872,12,,,1,7,,22881,12,,,1,7,,22887,12,,,1,7,,22894,12,,,1,6,,22902,12,,,1,7,,22910,12,,,1,7,,22915,12,,,1,7,,22920,12,,,1,47,,22788,12,,,1,7,,22796,12,,,1,6,,22799,12,,,1,8,,22806,12,,,1,7,,22813,12,,,1,7,,22821,12,,,1,8,,22829,12,,,1,7,,22837,12,,,1,7,,22845,12,,,1,48,,22850,12,,,1,7,,22855,12,,,1,7,,22866,12,,,1,8,,22873,12,,,1,7,,22882,12,,,1,7,,22888,12,,,1,8,,22895,12,,,1,7,,22903,12,,,1,48,,22916,12,,,1,8,,22921,12,,,1,7,,22789,12,,,1,8,,22797,12,,,1,8,,22800,12,,,1,8,,22807,12,,,1,8,,22814,12,,,1,7,,22822,12,,,1,48,,22830,12,,,1,8,,22838,12,,,1,8,,22851,12,,,1,8,,22856,12,,,1,7,,22867,12,,,1,8,,22874,12,,,1,8,,22883,12,,,1,48,,22889,12,,,1,8,,22896,12,,,1,9,,22904,12,,,1,8,,22917,12,,,1,9,,22922,12,,,1,8,,22790,12,,,1,9,,22801,12,,,1,48,,22808,12,,,1,9,,22815,12,,,1,8,,22823,12,,,1,9,,22831,12,,,1,9,,22839,12,,,1,9,,22852,12,,,1,8,,22857,12,,,1,49,,22868,12,,,1,10,,22875,12,,,1,10,,22884,12,,,1,10,,22897,12,,,1,10,,22905,12,,,1,10,,22918,12,,,1,50,,22923,12,,,1,10,,22791,12,,,1,10,,22802,12,,,1,10,,22816,12,,,1,10,,22824,12,,,1,10,,22832,12,,,1,50,,22840,12,,,1,10,,22853,12,,,1,10,,22858,12,,,1,10,,22869,12,,,1,10,,22876,12,,,1,10,,22885,12,,,1
201,'GLOBAUX-01-F2',542,,23017,12,,,1,9,,23030,12,,,1,50,,23038,12,,,1,9,,23046,12,,,1,9,,23051,12,,,1,10,,22924,12,,,1,9,,22932,12,,,1,9,,22949,12,,,1,10,,22957,12,,,1,49,,22965,12,,,1,9,,22973,12,,,1,10,,22981,12,,,1,9,,22986,12,,,1,9,,22999,12,,,1,10,,23002,12,,,1,49,,23018,12,,,1,9,,23031,12,,,1,10,,23039,12,,,1,9,,23047,12,,,1,9,,23052,12,,,1,9,,22925,12,,,1,10,,22933,12,,,1,48,,22943,12,,,1,9,,22950,12,,,1,9,,22958,12,,,1,9,,22966,12,,,1,8,,22974,12,,,1,9,,22982,12,,,1,9,,22987,12,,,1,48,,23000,12,,,1,9,,23003,12,,,1,8,,23010,12,,,1,9,,23019,12,,,1,9,,23032,12,,,1,8,,23040,12,,,1,9,,23048,12,,,1,48,,23053,12,,,1,9,,22926,12,,,1,9,,22934,12,,,1,8,,22944,12,,,1,9,,22951,12,,,1,8,,22959,12,,,1,9,,22967,12,,,1,49,,22975,12,,,1,8,,22983,12,,,1,8,,22988,12,,,1,7,,23001,12,,,1,8,,23004,12,,,1,8,,23011,12,,,1,8,,23020,12,,,1,47,,23026,12,,,1,7,,23033,12,,,1,7,,23041,12,,,1,7,,23049,12,,,1,6,,23054,12,,,1,7,,23059,12,,,1,7,,22927,12,,,1,7,,22935,12,,,1,7,,22938,12,,,1,47,,22945,12,,,1,6,,22952,12,,,1,7,,22960,12,,,1,7,,22968,12,,,1,7,,22976,12,,,1,7,,22984,12,,,1,7,,22989,12,,,1,6,,22994,12,,,1,7,,23005,12,,,1,47,,23012,12,,,1,7,,23021,12,,,1,7,,23027,12,,,1,7,,23034,12,,,1,6,,23042,12,,,1,7,,23050,12,,,1,7,,23055,12,,,1,7,,23060,12,,,1,47,,22928,12,,,1,7,,22936,12,,,1,6,,22939,12,,,1,8,,22946,12,,,1,7,,22953,12,,,1,7,,22961,12,,,1,8,,22969,12,,,1,7,,22977,12,,,1,7,,22985,12,,,1,48,,22990,12,,,1,7,,22995,12,,,1,7,,23006,12,,,1,8,,23013,12,,,1,7,,23022,12,,,1,7,,23028,12,,,1,8,,23035,12,,,1,7,,23043,12,,,1,48,,23056,12,,,1,8,,23061,12,,,1,7,,22929,12,,,1,8,,22937,12,,,1,8,,22940,12,,,1,8,,22947,12,,,1,8,,22954,12,,,1,7,,22962,12,,,1,48,,22970,12,,,1,8,,22978,12,,,1,8,,22991,12,,,1,8,,22996,12,,,1,7,,23007,12,,,1,8,,23014,12,,,1,8,,23023,12,,,1,48,,23029,12,,,1,8,,23036,12,,,1,9,,23044,12,,,1,8,,23057,12,,,1,9,,23062,12,,,1,8,,22930,12,,,1,9,,22941,12,,,1,48,,22948,12,,,1,9,,22955,12,,,1,8,,22963,12,,,1,9,,22971,12,,,1,9,,22979,12,,,1,9,,22992,12,,,1,8,,22997,12,,,1,49,,23008,12,,,1,10,,23015,12,,,1,10,,23024,12,,,1,10,,23037,12,,,1,10,,23045,12,,,1,10,,23058,12,,,1,50,,23063,12,,,1,10,,22931,12,,,1,10,,22942,12,,,1,10,,22956,12,,,1,10,,22964,12,,,1,10,,22972,12,,,1,50,,22980,12,,,1,10,,22993,12,,,1,10,,22998,12,,,1,10,,23009,12,,,1,10,,23016,12,,,1,10,,23025,12,,,1
201,'GLOBAUX-01-I',542,,23157,12,,,1,9,,23170,12,,,1,50,,23178,12,,,1,9,,23186,12,,,1,9,,23191,12,,,1,10,,23064,12,,,1,9,,23072,12,,,1,9,,23089,12,,,1,10,,23097,12,,,1,49,,23105,12,,,1,9,,23113,12,,,1,10,,23121,12,,,1,9,,23126,12,,,1,9,,23139,12,,,1,10,,23142,12,,,1,49,,23158,12,,,1,9,,23171,12,,,1,10,,23179,12,,,1,9,,23187,12,,,1,9,,23192,12,,,1,9,,23065,12,,,1,10,,23073,12,,,1,48,,23083,12,,,1,9,,23090,12,,,1,9,,23098,12,,,1,9,,23106,12,,,1,8,,23114,12,,,1,9,,23122,12,,,1,9,,23127,12,,,1,48,,23140,12,,,1,9,,23143,12,,,1,8,,23150,12,,,1,9,,23159,12,,,1,9,,23172,12,,,1,8,,23180,12,,,1,9,,23188,12,,,1,48,,23193,12,,,1,9,,23066,12,,,1,9,,23074,12,,,1,8,,23084,12,,,1,9,,23091,12,,,1,8,,23099,12,,,1,9,,23107,12,,,1,49,,23115,12,,,1,8,,23123,12,,,1,8,,23128,12,,,1,7,,23141,12,,,1,8,,23144,12,,,1,8,,23151,12,,,1,8,,23160,12,,,1,47,,23166,12,,,1,7,,23173,12,,,1,7,,23181,12,,,1,7,,23189,12,,,1,6,,23194,12,,,1,7,,23199,12,,,1,7,,23067,12,,,1,7,,23075,12,,,1,7,,23078,12,,,1,47,,23085,12,,,1,6,,23092,12,,,1,7,,23100,12,,,1,7,,23108,12,,,1,7,,23116,12,,,1,7,,23124,12,,,1,7,,23129,12,,,1,6,,23134,12,,,1,7,,23145,12,,,1,47,,23152,12,,,1,7,,23161,12,,,1,7,,23167,12,,,1,7,,23174,12,,,1,6,,23182,12,,,1,7,,23190,12,,,1,7,,23195,12,,,1,7,,23200,12,,,1,47,,23068,12,,,1,7,,23076,12,,,1,6,,23079,12,,,1,8,,23086,12,,,1,7,,23093,12,,,1,7,,23101,12,,,1,8,,23109,12,,,1,7,,23117,12,,,1,7,,23125,12,,,1,48,,23130,12,,,1,7,,23135,12,,,1,7,,23146,12,,,1,8,,23153,12,,,1,7,,23162,12,,,1,7,,23168,12,,,1,8,,23175,12,,,1,7,,23183,12,,,1,48,,23196,12,,,1,8,,23201,12,,,1,7,,23069,12,,,1,8,,23077,12,,,1,8,,23080,12,,,1,8,,23087,12,,,1,8,,23094,12,,,1,7,,23102,12,,,1,48,,23110,12,,,1,8,,23118,12,,,1,8,,23131,12,,,1,8,,23136,12,,,1,7,,23147,12,,,1,8,,23154,12,,,1,8,,23163,12,,,1,48,,23169,12,,,1,8,,23176,12,,,1,9,,23184,12,,,1,8,,23197,12,,,1,9,,23202,12,,,1,8,,23070,12,,,1,9,,23081,12,,,1,48,,23088,12,,,1,9,,23095,12,,,1,8,,23103,12,,,1,9,,23111,12,,,1,9,,23119,12,,,1,9,,23132,12,,,1,8,,23137,12,,,1,49,,23148,12,,,1,10,,23155,12,,,1,10,,23164,12,,,1,10,,23177,12,,,1,10,,23185,12,,,1,10,,23198,12,,,1,50,,23203,12,,,1,10,,23071,12,,,1,10,,23082,12,,,1,10,,23096,12,,,1,10,,23104,12,,,1,10,,23112,12,,,1,50,,23120,12,,,1,10,,23133,12,,,1,10,,23138,12,,,1,10,,23149,12,,,1,10,,23156,12,,,1,10,,23165,12,,,1
201,'GLOBAUX-01-S',541,,23391,12,,,1,6,,23405,12,,,1,6,,23411,12,,,1,6,,23418,12,,,1,46,,23424,12,,,1,6,,23204,12,,,1,6,,23206,12,,,1,6,,23224,12,,,1,6,,23226,12,,,1,5,,23238,12,,,1,5,,23243,12,,,1,5,,23251,12,,,1,6,,23276,12,,,1,4,,23277,12,,,1,4,,23279,12,,,1,44,,23288,12,,,1,4,,23297,12,,,1,3,,23305,12,,,1,4,,23308,12,,,1,3,,23313,12,,,1,4,,23322,12,,,1,4,,23327,12,,,1,2,,23331,12,,,1,3,,23339,12,,,1,3,,23344,12,,,1,3,,23346,12,,,1,3,,23351,12,,,1,3,,23366,12,,,1,3,,23375,9,,,1,3,,23383,12,,,1,3,,23384,12,,,1,3,,23385,9,,,1,3,,23390,12,,,1,3,,23392,12,,,1,43,,23394,12,,,1,3,,23401,9,,,1,3,,23406,12,,,1,3,,23412,12,,,1,3,,23417,12,,,1,2,,23419,12,,,1,3,,23425,12,,,1,3,,23434,12,,,1,3,,23442,9,,,1,3,,23205,12,,,1,3,,23207,12,,,1,3,,23216,12,,,1,3,,23225,12,,,1,3,,23227,12,,,1,2,,23234,9,,,1,3,,23235,12,,,1,3,,23239,12,,,1,3,,23244,12,,,1,3,,23252,12,,,1,3,,23259,12,,,1,43,,23260,12,,,1,3,,23271,12,,,1,3,,23278,12,,,1,3,,23280,12,,,1,4,,23289,12,,,1,3,,23298,12,,,1,4,,23306,12,,,1,3,,23309,12,,,1,4,,23314,12,,,1,4,,23318,12,,,1,3,,23323,12,,,1,4,,23328,12,,,1,4,,23332,12,,,1,4,,23340,12,,,1,5,,23345,12,,,1,5,,23352,12,,,1,45,,23367,12,,,1,5,,23376,12,,,1,5,,23386,12,,,1,5,,23395,12,,,1,5,,23407,12,,,1,6,,23413,12,,,1,7,,23426,12,,,1,6,,23435,12,,,1,6,,23208,12,,,1,5,,23217,12,,,1,6,,23228,12,,,1,46,,23240,12,,,1,6,,23253,12,,,1,6,,23261,12,,,1,7,,23272,12,,,1,6,,23281,12,,,1,6,,23290,12,,,1,6,,23299,12,,,1,6,,23310,12,,,1,6,,23319,12,,,1,6,,23324,12,,,1,46,,23333,12,,,1,6,,23341,12,,,1,6,,23353,12,,,1,6,,23368,12,,,1,6,,23377,12,,,1,6,,23387,12,,,1,6,,23396,12,,,1,6,,23408,12,,,1,6,,23414,12,,,1,6,,23427,12,,,1,46,,23436,12,,,1,6,,23209,12,,,1,6,,23218,12,,,1,6,,23229,12,,,1,6,,23241,12,,,1,6,,23254,12,,,1,6,,23262,12,,,1,6,,23273,12,,,1,6,,23282,12,,,1,6,,23291,12,,,1,46,,23300,12,,,1,6,,23311,12,,,1,6,,23320,12,,,1,6,,23325,12,,,1,6,,23334,12,,,1,6,,23342,12,,,1,6,,23354,12,,,1,6,,23369,12,,,1,6,,23378,12,,,1,6,,23388,12,,,1,46,,23397,12,,,1,6,,23409,12,,,1,5,,23415,12,,,1,5,,23428,12,,,1,5,,23437,12,,,1,5,,23210,12,,,1,5,,23212,12,,,1,4,,23219,12,,,1,5,,23230,12,,,1,3,,23236,12,,,1,4,,23242,12,,,1,3,,23248,12,,,1,3,,23255,12,,,1,44,,23263,12,,,1,3,,23267,12,,,1,3,,23274,12,,,1,3,,23283,12,,,1,4,,23284,12,,,1,3,,23292,12,,,1,3,,23296,12,,,1,3,,23301,12,,,1,4,,23307,12,,,1,3,,23312,12,,,1,3,,23315,12,,,1,3,,23321,12,,,1,4,,23326,12,,,1,3,,23329,12,,,1,3,,23335,12,,,1,3,,23343,12,,,1,3,,23347,12,,,1,3,,23355,12,,,1,4,,23358,12,,,1,43,,23362,12,,,1,3,,23370,12,,,1,3,,23374,12,,,1,3,,23379,12,,,1,4,,23389,12,,,1,3,,23393,12,,,1,3,,23398,12,,,1,3,,23402,12,,,1,3,,23410,12,,,1,4,,23416,12,,,1,3,,23420,12,,,1,3,,23429,12,,,1,3,,23430,12,,,1,4,,23438,12,,,1,3,,23211,12,,,1,4,,23213,12,,,1,4,,23220,12,,,1,4,,23231,12,,,1,44,,23237,12,,,1,4,,23245,12,,,1,3,,23249,12,,,1,5,,23256,12,,,1,4,,23264,12,,,1,5,,23268,12,,,1,5,,23275,12,,,1,5,,23285,12,,,1,4,,23293,12,,,1,5,,23302,12,,,1,5,,23316,12,,,1,5,,23330,12,,,1,5,,23336,12,,,1,45,,23348,12,,,1,5,,23356,12,,,1,5,,23359,12,,,1,5,,23363,12,,,1,6,,23371,12,,,1,6,,23380,12,,,1,6,,23399,12,,,1,6,,23403,12,,,1,6,,23421,12,,,1,6,,23431,12,,,1,46,,23439,12,,,1,6,,23214,12,,,1,6,,23221,12,,,1,6,,23232,12,,,1,6,,23246,12,,,1,6,,23250,12,,,1,6,,23257,12,,,1,6,,23265,12,,,1,6,,23269,12,,,1,6,,23286,12,,,1,46,,23294,12,,,1,6,,23303,12,,,1,6,,23317,12,,,1,6,,23337,12,,,1,6,,23349,12,,,1,6,,23357,12,,,1,6,,23360,12,,,1,6,,23364,12,,,1,6,,23372,12,,,1,6,,23381,12,,,1,46,,23400,12,,,1,6,,23404,12,,,1,6,,23422,12,,,1,6,,23432,12,,,1,6,,23440,12,,,1,6,,23215,12,,,1,6,,23222,12,,,1,6,,23233,12,,,1,7,,23247,12,,,1,7,,23258,12,,,1,47,,23266,12,,,1,7,,23270,12,,,1,7,,23287,12,,,1,7,,23295,12,,,1,7,,23304,12,,,1,7,,23338,12,,,1,8,,23350,12,,,1,8,,23361,12,,,1,48,,23365,12,,,1,8,,23373,12,,,1,8,,23382,12,,,1,8,,23423,12,,,1,8,,23433,12,,,1,8,,23441,12,,,1,8,,23223,12,,,1
