100,'GLOBAUX-01-A',534,,20201,4,,,1,10,,20211,4,,,1,10,,20229,4,,,1,50,,20236,4,,,1,10,,20246,4,,,1,10,,20269,4,,,1,10,,20287,4,,,1,10,,20297,4,,,1,10,,20304,4,,,1,50,,20314,4,,,1,10,,20331,4,,,1,10,,20341,4,,,1,10,,20202,4,,,1,10,,20212,4,,,1,10,,20230,4,,,1,50,,20237,4,,,1,10,,20247,4,,,1,9,,20270,4,,,1,10,,20278,4,,,1,9,,20288,4,,,1,9,,20298,4,,,1,49,,20305,4,,,1,8,,20315,4,,,1,9,,20332,4,,,1,8,,20342,4,,,1,9,,20203,4,,,1,8,,20213,4,,,1,9,,20221,4,,,1,8,,20231,4,,,1,48,,20238,4,,,1,9,,20248,4,,,1,7,,20263,4,,,1,8,,20271,4,,,1,8,,20279,4,,,1,7,,20289,4,,,1,8,,20299,4,,,1,48,,20306,4,,,1,7,,20316,4,,,1,8,,20333,4,,,1,8,,20343,4,,,1,7,,20204,4,,,1,8,,20214,4,,,1,8,,20222,4,,,1,7,,20232,4,,,1,47,,20239,4,,,1,7,,20249,4,,,1,6,,20256,4,,,1,7,,20264,4,,,1,6,,20272,4,,,1,7,,20280,4,,,1,6,,20290,4,,,1,7,,20300,4,,,1,6,,20307,4,,,1,47,,20317,4,,,1,6,,20324,4,,,1,7,,20334,4,,,1,6,,20344,4,,,1,7,,20205,4,,,1,6,,20215,4,,,1,7,,20223,4,,,1,6,,20233,4,,,1,7,,20240,4,,,1,6,,20250,4,,,1,47,,20257,4,,,1,6,,20265,4,,,1,7,,20273,4,,,1,6,,20281,4,,,1,7,,20291,4,,,1,6,,20301,4,,,1,7,,20308,4,,,1,6,,20318,4,,,1,7,,20325,4,,,1,46,,20335,4,,,1,7,,20345,4,,,1,6,,20206,4,,,1,7,,20216,4,,,1,6,,20224,4,,,1,7,,20234,4,,,1,6,,20241,4,,,1,7,,20251,4,,,1,6,,20258,4,,,1,47,,20266,4,,,1,6,,20274,4,,,1,7,,20282,4,,,1,6,,20292,4,,,1,7,,20302,4,,,1,6,,20309,4,,,1,7,,20319,4,,,1,6,,20326,4,,,1,7,,20336,4,,,1,46,,20346,4,,,1,7,,20207,4,,,1,6,,20217,4,,,1,7,,20225,4,,,1,6,,20235,4,,,1,7,,20242,4,,,1,6,,20252,4,,,1,7,,20259,4,,,1,6,,20267,4,,,1,47,,20275,4,,,1,6,,20283,4,,,1,7,,20293,4,,,1,6,,20303,4,,,1,7,,20310,4,,,1,7,,20320,4,,,1,7,,20327,4,,,1,7,,20337,4,,,1,8,,20347,4,,,1,48,,20208,4,,,1,7,,20218,4,,,1,8,,20226,4,,,1,8,,20243,4,,,1,7,,20253,4,,,1,8,,20260,4,,,1,8,,20268,4,,,1,7,,20276,4,,,1,48,,20284,4,,,1,8,,20294,4,,,1,9,,20311,4,,,1,8,,20321,4,,,1,8,,20328,4,,,1,9,,20338,4,,,1,8,,20348,4,,,1,49,,20209,4,,,1,8,,20219,4,,,1,8,,20227,4,,,1,9,,20244,4,,,1,8,,20254,4,,,1,9,,20261,4,,,1,8,,20277,4,,,1,49,,20285,4,,,1,8,,20295,4,,,1,10,,20312,4,,,1,9,,20322,4,,,1,10,,20329,4,,,1,10,,20339,4,,,1,10,,20349,4,,,1,50,,20210,4,,,1,10,,20220,4,,,1,10,,20228,4,,,1,10,,20245,4,,,1,10,,20255,4,,,1,10,,20262,4,,,1,50,,20286,4,,,1,10,,20296,4,,,1,10,,20313,4,,,1,10,,20323,4,,,1,10,,20330,4,,,1,10,,20340,4,,,1,50,,20350,4,,,1
100,'GLOBAUX-01-F1',534,,20351,4,,,1,10,,20361,4,,,1,10,,20368,4,,,1,50,,20393,4,,,1,10,,20403,4,,,1,10,,20413,4,,,1,10,,20435,4,,,1,10,,20445,4,,,1,10,,20454,4,,,1,50,,20463,4,,,1,10,,20472,4,,,1,10,,20481,4,,,1,10,,20352,4,,,1,10,,20362,4,,,1,10,,20369,4,,,1,50,,20394,4,,,1,9,,20404,4,,,1,10,,20414,4,,,1,9,,20429,4,,,1,9,,20436,4,,,1,10,,20446,4,,,1,49,,20455,4,,,1,9,,20464,4,,,1,10,,20473,4,,,1,8,,20482,4,,,1,9,,20353,4,,,1,8,,20363,4,,,1,9,,20370,4,,,1,48,,20385,4,,,1,8,,20395,4,,,1,9,,20405,4,,,1,8,,20415,4,,,1,9,,20430,4,,,1,8,,20437,4,,,1,9,,20447,4,,,1,48,,20456,4,,,1,8,,20465,4,,,1,9,,20474,4,,,1,8,,20483,4,,,1,9,,20354,4,,,1,7,,20364,4,,,1,8,,20371,4,,,1,8,,20378,4,,,1,47,,20386,4,,,1,8,,20396,4,,,1,8,,20406,4,,,1,7,,20416,4,,,1,8,,20431,4,,,1,8,,20438,4,,,1,7,,20448,4,,,1,8,,20457,4,,,1,48,,20466,4,,,1,7,,20475,4,,,1,8,,20484,4,,,1,8,,20355,4,,,1,7,,20365,4,,,1,8,,20372,4,,,1,8,,20379,4,,,1,7,,20387,4,,,1,48,,20397,4,,,1,7,,20407,4,,,1,7,,20417,4,,,1,7,,20423,4,,,1,7,,20432,4,,,1,7,,20439,4,,,1,7,,20449,4,,,1,7,,20458,4,,,1,47,,20467,4,,,1,7,,20476,4,,,1,7,,20485,4,,,1,7,,20356,4,,,1,7,,20366,4,,,1,7,,20373,4,,,1,7,,20380,4,,,1,7,,20388,4,,,1,7,,20398,4,,,1,47,,20408,4,,,1,7,,20418,4,,,1,7,,20424,4,,,1,7,,20433,4,,,1,7,,20440,4,,,1,7,,20450,4,,,1,7,,20459,4,,,1,7,,20468,4,,,1,47,,20477,4,,,1,7,,20486,4,,,1,7,,20357,4,,,1,7,,20367,4,,,1,7,,20374,4,,,1,7,,20381,4,,,1,7,,20389,4,,,1,7,,20399,4,,,1,7,,20409,4,,,1,47,,20419,4,,,1,7,,20425,4,,,1,7,,20434,4,,,1,7,,20441,4,,,1,7,,20451,4,,,1,9,,20460,4,,,1,8,,20469,4,,,1,9,,20478,4,,,1,48,,20487,4,,,1,8,,20358,4,,,1,9,,20375,4,,,1,8,,20382,4,,,1,9,,20390,4,,,1,8,,20400,4,,,1,9,,20410,4,,,1,48,,20420,4,,,1,8,,20426,4,,,1,9,,20442,4,,,1,8,,20452,4,,,1,9,,20461,4,,,1,8,,20470,4,,,1,8,,20479,4,,,1,49,,20488,4,,,1,8,,20359,4,,,1,9,,20376,4,,,1,8,,20383,4,,,1,9,,20391,4,,,1,9,,20401,4,,,1,9,,20411,4,,,1,49,,20421,4,,,1,9,,20427,4,,,1,9,,20443,4,,,1,9,,20453,4,,,1,9,,20462,4,,,1,9,,20471,4,,,1,49,,20480,4,,,1,9,,20489,4,,,1,10,,20360,4,,,1,10,,20377,4,,,1,10,,20384,4,,,1,10,,20392,4,,,1,10,,20402,4,,,1,50,,20412,4,,,1,10,,20422,4,,,1,10,,20428,4,,,1,10,,20444,4,,,1
100,'GLOBAUX-01-F2',534,,20490,4,,,1,10,,20500,4,,,1,10,,20507,4,,,1,50,,20532,4,,,1,10,,20542,4,,,1,10,,20552,4,,,1,10,,20574,4,,,1,10,,20584,4,,,1,10,,20593,4,,,1,50,,20602,4,,,1,10,,20611,4,,,1,10,,20620,4,,,1,10,,20491,4,,,1,10,,20501,4,,,1,10,,20508,4,,,1,50,,20533,4,,,1,9,,20543,4,,,1,10,,20553,4,,,1,9,,20568,4,,,1,9,,20575,4,,,1,10,,20585,4,,,1,49,,20594,4,,,1,9,,20603,4,,,1,10,,20612,4,,,1,8,,20621,4,,,1,9,,20492,4,,,1,8,,20502,4,,,1,9,,20509,4,,,1,48,,20524,4,,,1,8,,20534,4,,,1,9,,20544,4,,,1,8,,20554,4,,,1,9,,20569,4,,,1,8,,20576,4,,,1,9,,20586,4,,,1,48,,20595,4,,,1,8,,20604,4,,,1,9,,20613,4,,,1,8,,20622,4,,,1,9,,20493,4,,,1,7,,20503,4,,,1,8,,20510,4,,,1,8,,20517,4,,,1,47,,20525,4,,,1,8,,20535,4,,,1,8,,20545,4,,,1,7,,20555,4,,,1,8,,20570,4,,,1,8,,20577,4,,,1,7,,20587,4,,,1,8,,20596,4,,,1,48,,20605,4,,,1,7,,20614,4,,,1,8,,20623,4,,,1,8,,20494,4,,,1,7,,20504,4,,,1,8,,20511,4,,,1,8,,20518,4,,,1,7,,20526,4,,,1,48,,20536,4,,,1,7,,20546,4,,,1,7,,20556,4,,,1,7,,20562,4,,,1,7,,20571,4,,,1,7,,20578,4,,,1,7,,20588,4,,,1,7,,20597,4,,,1,47,,20606,4,,,1,7,,20615,4,,,1,7,,20624,4,,,1,7,,20495,4,,,1,7,,20505,4,,,1,7,,20512,4,,,1,7,,20519,4,,,1,7,,20527,4,,,1,7,,20537,4,,,1,47,,20547,4,,,1,7,,20557,4,,,1,7,,20563,4,,,1,7,,20572,4,,,1,7,,20579,4,,,1,7,,20589,4,,,1,7,,20598,4,,,1,7,,20607,4,,,1,47,,20616,4,,,1,7,,20625,4,,,1,7,,20496,4,,,1,7,,20506,4,,,1,7,,20513,4,,,1,7,,20520,4,,,1,7,,20528,4,,,1,7,,20538,4,,,1,7,,20548,4,,,1,47,,20558,4,,,1,7,,20564,4,,,1,7,,20573,4,,,1,7,,20580,4,,,1,7,,20590,4,,,1,9,,20599,4,,,1,8,,20608,4,,,1,9,,20617,4,,,1,48,,20626,4,,,1,8,,20497,4,,,1,9,,20514,4,,,1,8,,20521,4,,,1,9,,20529,4,,,1,8,,20539,4,,,1,9,,20549,4,,,1,48,,20559,4,,,1,8,,20565,4,,,1,9,,20581,4,,,1,8,,20591,4,,,1,9,,20600,4,,,1,8,,20609,4,,,1,8,,20618,4,,,1,49,,20627,4,,,1,8,,20498,4,,,1,9,,20515,4,,,1,8,,20522,4,,,1,9,,20530,4,,,1,9,,20540,4,,,1,9,,20550,4,,,1,49,,20560,4,,,1,9,,20566,4,,,1,9,,20582,4,,,1,9,,20592,4,,,1,9,,20601,4,,,1,9,,20610,4,,,1,49,,20619,4,,,1,9,,20628,4,,,1,10,,20499,4,,,1,10,,20516,4,,,1,10,,20523,4,,,1,10,,20531,4,,,1,10,,20541,4,,,1,50,,20551,4,,,1,10,,20561,4,,,1,10,,20567,4,,,1,10,,20583,4,,,1
100,'GLOBAUX-01-I',534,,20629,4,,,1,10,,20639,4,,,1,10,,20646,4,,,1,50,,20671,4,,,1,10,,20681,4,,,1,10,,20691,4,,,1,10,,20713,4,,,1,10,,20723,4,,,1,10,,20732,4,,,1,50,,20741,4,,,1,10,,20750,4,,,1,10,,20759,4,,,1,10,,20630,4,,,1,10,,20640,4,,,1,10,,20647,4,,,1,50,,20672,4,,,1,9,,20682,4,,,1,10,,20692,4,,,1,9,,20707,4,,,1,9,,20714,4,,,1,10,,20724,4,,,1,49,,20733,4,,,1,9,,20742,4,,,1,10,,20751,4,,,1,8,,20760,4,,,1,9,,20631,4,,,1,8,,20641,4,,,1,9,,20648,4,,,1,48,,20663,4,,,1,8,,20673,4,,,1,9,,20683,4,,,1,8,,20693,4,,,1,9,,20708,4,,,1,8,,20715,4,,,1,9,,20725,4,,,1,48,,20734,4,,,1,8,,20743,4,,,1,9,,20752,4,,,1,8,,20761,4,,,1,9,,20632,4,,,1,7,,20642,4,,,1,8,,20649,4,,,1,8,,20656,4,,,1,47,,20664,4,,,1,8,,20674,4,,,1,8,,20684,4,,,1,7,,20694,4,,,1,8,,20709,4,,,1,8,,20716,4,,,1,7,,20726,4,,,1,8,,20735,4,,,1,48,,20744,4,,,1,7,,20753,4,,,1,8,,20762,4,,,1,8,,20633,4,,,1,7,,20643,4,,,1,8,,20650,4,,,1,8,,20657,4,,,1,7,,20665,4,,,1,48,,20675,4,,,1,7,,20685,4,,,1,7,,20695,4,,,1,7,,20701,4,,,1,7,,20710,4,,,1,7,,20717,4,,,1,7,,20727,4,,,1,7,,20736,4,,,1,47,,20745,4,,,1,7,,20754,4,,,1,7,,20763,4,,,1,7,,20634,4,,,1,7,,20644,4,,,1,7,,20651,4,,,1,7,,20658,4,,,1,7,,20666,4,,,1,7,,20676,4,,,1,47,,20686,4,,,1,7,,20696,4,,,1,7,,20702,4,,,1,7,,20711,4,,,1,7,,20718,4,,,1,7,,20728,4,,,1,7,,20737,4,,,1,7,,20746,4,,,1,47,,20755,4,,,1,7,,20764,4,,,1,7,,20635,4,,,1,7,,20645,4,,,1,7,,20652,4,,,1,7,,20659,4,,,1,7,,20667,4,,,1,7,,20677,4,,,1,7,,20687,4,,,1,47,,20697,4,,,1,7,,20703,4,,,1,7,,20712,4,,,1,7,,20719,4,,,1,7,,20729,4,,,1,9,,20738,4,,,1,8,,20747,4,,,1,9,,20756,4,,,1,48,,20765,4,,,1,8,,20636,4,,,1,9,,20653,4,,,1,8,,20660,4,,,1,9,,20668,4,,,1,8,,20678,4,,,1,9,,20688,4,,,1,48,,20698,4,,,1,8,,20704,4,,,1,9,,20720,4,,,1,8,,20730,4,,,1,9,,20739,4,,,1,8,,20748,4,,,1,8,,20757,4,,,1,49,,20766,4,,,1,8,,20637,4,,,1,9,,20654,4,,,1,8,,20661,4,,,1,9,,20669,4,,,1,9,,20679,4,,,1,9,,20689,4,,,1,49,,20699,4,,,1,9,,20705,4,,,1,9,,20721,4,,,1,9,,20731,4,,,1,9,,20740,4,,,1,9,,20749,4,,,1,49,,20758,4,,,1,9,,20767,4,,,1,10,,20638,4,,,1,10,,20655,4,,,1,10,,20662,4,,,1,10,,20670,4,,,1,10,,20680,4,,,1,50,,20690,4,,,1,10,,20700,4,,,1,10,,20706,4,,,1,10,,20722,4,,,1
100,'GLOBAUX-01-S',534,,20768,4,,,1,7,,20796,4,,,1,7,,20806,4,,,1,6,,20826,4,,,1,47,,20848,4,,,1,7,,20852,4,,,1,7,,20859,4,,,1,6,,20870,4,,,1,5,,20876,4,,,1,4,,20893,4,,,1,4,,20902,4,,,1,4,,20905,4,,,1,4,,20913,4,,,1,4,,20930,4,,,1,3,,20936,4,,,1,3,,20946,4,,,1,4,,20948,4,,,1,3,,20950,4,,,1,43,,20952,4,,,1,3,,20968,4,,,1,4,,20977,4,,,1,3,,20979,4,,,1,3,,20997,4,,,1,3,,21003,4,,,1,4,,21004,4,,,1,3,,20769,4,,,1,3,,20787,4,,,1,3,,20789,4,,,1,4,,20797,4,,,1,3,,20807,4,,,1,3,,20808,4,,,1,3,,20809,4,,,1,3,,20811,4,,,1,3,,20812,4,,,1,3,,20827,4,,,1,3,,20833,4,,,1,3,,20839,4,,,1,43,,20849,4,,,1,3,,20853,4,,,1,3,,20860,4,,,1,3,,20865,4,,,1,3,,20871,4,,,1,3,,20877,4,,,1,3,,20894,4,,,1,3,,20903,4,,,1,4,,20906,4,,,1,3,,20912,4,,,1,3,,20914,4,,,1,3,,20931,4,,,1,3,,20937,4,,,1,4,,20947,4,,,1,3,,20949,4,,,1,3,,20951,4,,,1,4,,20955,4,,,1,3,,20960,4,,,1,44,,20969,4,,,1,3,,20978,4,,,1,4,,20984,4,,,1,4,,20998,4,,,1,3,,21005,4,,,1,4,,20770,4,,,1,4,,20780,4,,,1,5,,20790,4,,,1,5,,20798,4,,,1,5,,20810,4,,,1,5,,20813,4,,,1,5,,20828,4,,,1,6,,20840,4,,,1,6,,20854,4,,,1,46,,20866,4,,,1,6,,20878,4,,,1,6,,20895,4,,,1,6,,20907,4,,,1,6,,20915,4,,,1,6,,20932,4,,,1,6,,20938,4,,,1,6,,20956,4,,,1,6,,20961,4,,,1,6,,20970,4,,,1,46,,20985,4,,,1,6,,20999,4,,,1,6,,20771,4,,,1,6,,20781,4,,,1,6,,20791,4,,,1,6,,20799,4,,,1,6,,20814,4,,,1,6,,20829,4,,,1,6,,20841,4,,,1,6,,20855,4,,,1,46,,20867,4,,,1,6,,20879,4,,,1,6,,20896,4,,,1,6,,20908,4,,,1,6,,20916,4,,,1,6,,20933,4,,,1,6,,20939,4,,,1,6,,20957,4,,,1,6,,20962,4,,,1,6,,20971,4,,,1,46,,20986,4,,,1,6,,21000,4,,,1,6,,20772,4,,,1,6,,20782,4,,,1,6,,20792,4,,,1,6,,20800,4,,,1,6,,20815,4,,,1,6,,20830,4,,,1,6,,20842,4,,,1,6,,20856,4,,,1,46,,20868,4,,,1,6,,20880,4,,,1,6,,20897,4,,,1,6,,20909,4,,,1,6,,20917,4,,,1,6,,20934,4,,,1,6,,20940,4,,,1,6,,20958,4,,,1,6,,20963,4,,,1,6,,20972,4,,,1,45,,20987,4,,,1,4,,20989,4,,,1,4,,21001,4,,,1,4,,20773,4,,,1,4,,20775,4,,,1,4,,20783,4,,,1,4,,20793,4,,,1,4,,20795,4,,,1,4,,20801,4,,,1,4,,20816,4,,,1,4,,20821,4,,,1,3,,20831,4,,,1,3,,20834,4,,,1,3,,20843,4,,,1,4,,20850,4,,,1,43,,20857,4,,,1,3,,20869,4,,,1,3,,20872,4,,,1,3,,20881,4,,,1,3,,20886,4,,,1,3,,20891,4,,,1,3,,20898,4,,,1,3,,20904,4,,,1,3,,20910,4,,,1,3,,20918,4,,,1,3,,20923,4,,,1,2,,20925,4,,,1,3,,20935,4,,,1,3,,20941,4,,,1,3,,20953,4,,,1,2,,20954,4,,,1,3,,20959,4,,,1,3,,20964,4,,,1,3,,20973,4,,,1,2,,20980,4,,,1,3,,20983,4,,,1,43,,20988,4,,,1,3,,20990,4,,,1,2,,20993,4,,,1,3,,21002,4,,,1,3,,20774,4,,,1,3,,20776,4,,,1,3,,20784,4,,,1,3,,20788,4,,,1,3,,20794,4,,,1,3,,20802,4,,,1,4,,20817,4,,,1,3,,20822,4,,,1,4,,20832,4,,,1,4,,20835,4,,,1,3,,20844,4,,,1,4,,20851,4,,,1,3,,20858,4,,,1,4,,20861,4,,,1,4,,20873,4,,,1,44,,20882,4,,,1,4,,20887,4,,,1,4,,20892,4,,,1,4,,20899,4,,,1,4,,20911,4,,,1,4,,20919,4,,,1,4,,20924,4,,,1,4,,20926,4,,,1,4,,20942,4,,,1,6,,20965,4,,,1,5,,20974,4,,,1,6,,20981,4,,,1,6,,20991,4,,,1,46,,20994,4,,,1,6,,20777,4,,,1,6,,20785,4,,,1,6,,20803,4,,,1,6,,20818,4,,,1,6,,20823,4,,,1,6,,20836,4,,,1,6,,20845,4,,,1,6,,20862,4,,,1,6,,20874,4,,,1,46,,20883,4,,,1,6,,20888,4,,,1,6,,20900,4,,,1,6,,20920,4,,,1,6,,20927,4,,,1,6,,20943,4,,,1,6,,20966,4,,,1,6,,20975,4,,,1,6,,20982,4,,,1,7,,20992,4,,,1,46,,20995,4,,,1,6,,20778,4,,,1,6,,20786,4,,,1,6,,20804,4,,,1,6,,20819,4,,,1,6,,20824,4,,,1,6,,20837,4,,,1,6,,20846,4,,,1,6,,20863,4,,,1,6,,20875,4,,,1,46,,20884,4,,,1,7,,20889,4,,,1,6,,20901,4,,,1,7,,20921,4,,,1,6,,20928,4,,,1,8,,20944,4,,,1,8,,20967,4,,,1,8,,20976,4,,,1,48,,20996,4,,,1,8,,20779,4,,,1,8,,20805,4,,,1,8,,20820,4,,,1,8,,20825,4,,,1,8,,20838,4,,,1,8,,20847,4,,,1,8,,20864,4,,,1,48,,20885,4,,,1,8,,20890,4,,,1,8,,20922,4,,,1,8,,20929,4,,,1,8,,20945,4,,,1
101,'GLOBAUX-01-A',601,,21092,24,,,1,10,,21102,24,,,1,10,,21109,24,,,1,10,,21119,24,,,1,10,,21136,24,,,1,10,,21146,24,,,1,50,,21006,24,,,1,10,,21016,24,,,1,10,,21035,24,,,1,10,,21042,24,,,1,10,,21052,24,,,1,10,,21074,24,,,1,49,,21082,24,,,1,10,,21093,24,,,1,9,,21103,24,,,1,9,,21110,24,,,1,10,,21120,24,,,1,8,,21137,24,,,1,9,,21147,24,,,1,48,,21007,24,,,1,9,,21017,24,,,1,8,,21026,24,,,1,9,,21036,24,,,1,8,,21043,24,,,1,8,,21053,24,,,1,9,,21075,24,,,1,48,,21083,24,,,1,9,,21094,24,,,1,8,,21104,24,,,1,9,,21111,24,,,1,8,,21121,24,,,1,9,,21138,24,,,1,8,,21148,24,,,1,48,,21008,24,,,1,9,,21018,24,,,1,8,,21027,24,,,1,7,,21037,24,,,1,8,,21044,24,,,1,8,,21054,24,,,1,7,,21069,24,,,1,8,,21076,24,,,1,48,,21084,24,,,1,7,,21095,24,,,1,8,,21105,24,,,1,8,,21112,24,,,1,7,,21122,24,,,1,6,,21129,24,,,1,7,,21139,24,,,1,6,,21149,24,,,1,47,,21009,24,,,1,6,,21019,24,,,1,7,,21028,24,,,1,6,,21038,24,,,1,7,,21045,24,,,1,6,,21055,24,,,1,7,,21062,24,,,1,6,,21070,24,,,1,7,,21077,24,,,1,6,,21085,24,,,1,47,,21096,24,,,1,6,,21106,24,,,1,7,,21113,24,,,1,6,,21123,24,,,1,7,,21130,24,,,1,7,,21140,24,,,1,6,,21150,24,,,1,7,,21010,24,,,1,6,,21020,24,,,1,47,,21029,24,,,1,6,,21039,24,,,1,7,,21046,24,,,1,6,,21056,24,,,1,7,,21063,24,,,1,6,,21071,24,,,1,7,,21078,24,,,1,6,,21086,24,,,1,7,,21097,24,,,1,46,,21107,24,,,1,7,,21114,24,,,1,6,,21124,24,,,1,7,,21131,24,,,1,6,,21141,24,,,1,7,,21151,24,,,1,6,,21011,24,,,1,7,,21021,24,,,1,6,,21030,24,,,1,47,,21040,24,,,1,6,,21047,24,,,1,7,,21057,24,,,1,6,,21064,24,,,1,7,,21072,24,,,1,6,,21079,24,,,1,7,,21087,24,,,1,6,,21098,24,,,1,6,,21108,24,,,1,7,,21115,24,,,1,46,,21125,24,,,1,7,,21132,24,,,1,6,,21142,24,,,1,7,,21152,24,,,1,6,,21012,24,,,1,7,,21022,24,,,1,6,,21031,24,,,1,7,,21041,24,,,1,6,,21048,24,,,1,47,,21058,24,,,1,8,,21065,24,,,1,7,,21073,24,,,1,8,,21080,24,,,1,8,,21088,24,,,1,7,,21099,24,,,1,8,,21116,24,,,1,8,,21126,24,,,1,48,,21133,24,,,1,8,,21143,24,,,1,8,,21153,24,,,1,9,,21013,24,,,1,8,,21023,24,,,1,9,,21032,24,,,1,8,,21049,24,,,1,48,,21059,24,,,1,9,,21066,24,,,1,8,,21081,24,,,1,9,,21089,24,,,1,8,,21100,24,,,1,9,,21117,24,,,1,8,,21127,24,,,1,48,,21134,24,,,1,10,,21144,24,,,1,9,,21154,24,,,1,9,,21014,24,,,1,10,,21024,24,,,1,9,,21033,24,,,1,50,,21050,24,,,1,9,,21060,24,,,1,10,,21067,24,,,1,10,,21090,24,,,1,10,,21101,24,,,1,10,,21118,24,,,1,10,,21128,24,,,1,50,,21135,24,,,1,10,,21145,24,,,1,10,,21155,24,,,1,10,,21015,24,,,1,10,,21025,24,,,1,10,,21034,24,,,1,50,,21051,24,,,1,10,,21061,24,,,1,10,,21068,24,,,1,13,,21091,24,,,1
101,'GLOBAUX-01-F1',600,,21236,24,,,1,10,,21246,24,,,1,10,,21255,24,,,1,10,,21265,24,,,1,10,,21275,24,,,1,10,,21285,24,,,1,50,,21156,24,,,1,10,,21166,24,,,1,11,,21173,24,,,1,10,,21198,24,,,1,10,,21207,24,,,1,10,,21216,24,,,1,49,,21230,24,,,1,9,,21237,24,,,1,10,,21247,24,,,1,9,,21256,24,,,1,10,,21266,24,,,1,9,,21276,24,,,1,8,,21286,24,,,1,49,,21157,24,,,1,8,,21167,24,,,1,9,,21174,24,,,1,8,,21190,24,,,1,9,,21199,24,,,1,8,,21208,24,,,1,9,,21217,24,,,1,48,,21231,24,,,1,9,,21238,24,,,1,8,,21248,24,,,1,8,,21257,24,,,1,9,,21267,24,,,1,8,,21277,24,,,1,9,,21287,24,,,1,48,,21158,24,,,1,8,,21168,24,,,1,9,,21175,24,,,1,8,,21191,24,,,1,9,,21200,24,,,1,8,,21209,24,,,1,9,,21218,24,,,1,48,,21232,24,,,1,9,,21239,24,,,1,8,,21249,24,,,1,9,,21258,24,,,1,8,,21268,24,,,1,9,,21278,24,,,1,7,,21288,24,,,1,8,,21159,24,,,1,48,,21169,24,,,1,7,,21176,24,,,1,8,,21183,24,,,1,8,,21192,24,,,1,7,,21201,24,,,1,8,,21210,24,,,1,8,,21219,24,,,1,47,,21233,24,,,1,8,,21240,24,,,1,8,,21250,24,,,1,7,,21259,24,,,1,8,,21269,24,,,1,8,,21279,24,,,1,7,,21289,24,,,1,8,,21160,24,,,1,48,,21170,24,,,1,7,,21177,24,,,1,8,,21184,24,,,1,8,,21193,24,,,1,7,,21202,24,,,1,7,,21211,24,,,1,7,,21220,24,,,1,7,,21225,24,,,1,47,,21234,24,,,1,6,,21241,24,,,1,7,,21251,24,,,1,7,,21260,24,,,1,7,,21270,24,,,1,7,,21280,24,,,1,7,,21290,24,,,1,7,,21161,24,,,1,7,,21171,24,,,1,48,,21178,24,,,1,7,,21185,24,,,1,7,,21194,24,,,1,7,,21203,24,,,1,7,,21212,24,,,1,7,,21221,24,,,1,7,,21226,24,,,1,6,,21235,24,,,1,7,,21242,24,,,1,47,,21252,24,,,1,7,,21261,24,,,1,7,,21271,24,,,1,7,,21281,24,,,1,7,,21291,24,,,1,7,,21162,24,,,1,7,,21172,24,,,1,7,,21179,24,,,1,47,,21186,24,,,1,8,,21195,24,,,1,9,,21204,24,,,1,8,,21213,24,,,1,9,,21222,24,,,1,8,,21227,24,,,1,8,,21243,24,,,1,49,,21253,24,,,1,8,,21262,24,,,1,9,,21272,24,,,1,8,,21282,24,,,1,8,,21292,24,,,1,9,,21163,24,,,1,8,,21180,24,,,1,9,,21187,24,,,1,48,,21196,24,,,1,8,,21205,24,,,1,9,,21214,24,,,1,8,,21223,24,,,1,9,,21228,24,,,1,8,,21244,24,,,1,8,,21254,24,,,1,49,,21263,24,,,1,8,,21273,24,,,1,9,,21283,24,,,1,8,,21293,24,,,1,8,,21164,24,,,1,10,,21181,24,,,1,10,,21188,24,,,1,50,,21197,24,,,1,10,,21206,24,,,1,10,,21215,24,,,1,10,,21224,24,,,1,10,,21229,24,,,1,10,,21245,24,,,1,50,,21264,24,,,1,10,,21274,24,,,1,10,,21284,24,,,1,10,,21294,24,,,1,10,,21165,24,,,1,10,,21182,24,,,1,53,,21189,24,,,1
101,'GLOBAUX-01-F2',600,,21375,24,,,1,10,,21385,24,,,1,10,,21394,24,,,1,10,,21404,24,,,1,10,,21414,24,,,1,10,,21424,24,,,1,50,,21295,24,,,1,10,,21305,24,,,1,11,,21312,24,,,1,10,,21337,24,,,1,10,,21346,24,,,1,10,,21355,24,,,1,49,,21369,24,,,1,9,,21376,24,,,1,10,,21386,24,,,1,9,,21395,24,,,1,10,,21405,24,,,1,9,,21415,24,,,1,8,,21425,24,,,1,49,,21296,24,,,1,8,,21306,24,,,1,9,,21313,24,,,1,8,,21329,24,,,1,9,,21338,24,,,1,8,,21347,24,,,1,9,,21356,24,,,1,48,,21370,24,,,1,9,,21377,24,,,1,8,,21387,24,,,1,8,,21396,24,,,1,9,,21406,24,,,1,8,,21416,24,,,1,9,,21426,24,,,1,48,,21297,24,,,1,8,,21307,24,,,1,9,,21314,24,,,1,8,,21330,24,,,1,9,,21339,24,,,1,8,,21348,24,,,1,9,,21357,24,,,1,48,,21371,24,,,1,9,,21378,24,,,1,8,,21388,24,,,1,9,,21397,24,,,1,8,,21407,24,,,1,9,,21417,24,,,1,7,,21427,24,,,1,8,,21298,24,,,1,48,,21308,24,,,1,7,,21315,24,,,1,8,,21322,24,,,1,8,,21331,24,,,1,7,,21340,24,,,1,8,,21349,24,,,1,8,,21358,24,,,1,47,,21372,24,,,1,8,,21379,24,,,1,8,,21389,24,,,1,7,,21398,24,,,1,8,,21408,24,,,1,8,,21418,24,,,1,7,,21428,24,,,1,8,,21299,24,,,1,48,,21309,24,,,1,7,,21316,24,,,1,8,,21323,24,,,1,8,,21332,24,,,1,7,,21341,24,,,1,7,,21350,24,,,1,7,,21359,24,,,1,7,,21364,24,,,1,47,,21373,24,,,1,6,,21380,24,,,1,7,,21390,24,,,1,7,,21399,24,,,1,7,,21409,24,,,1,7,,21419,24,,,1,7,,21429,24,,,1,7,,21300,24,,,1,7,,21310,24,,,1,48,,21317,24,,,1,7,,21324,24,,,1,7,,21333,24,,,1,7,,21342,24,,,1,7,,21351,24,,,1,7,,21360,24,,,1,7,,21365,24,,,1,6,,21374,24,,,1,7,,21381,24,,,1,47,,21391,24,,,1,7,,21400,24,,,1,7,,21410,24,,,1,7,,21420,24,,,1,7,,21430,24,,,1,7,,21301,24,,,1,7,,21311,24,,,1,7,,21318,24,,,1,47,,21325,24,,,1,8,,21334,24,,,1,9,,21343,24,,,1,8,,21352,24,,,1,9,,21361,24,,,1,8,,21366,24,,,1,8,,21382,24,,,1,49,,21392,24,,,1,8,,21401,24,,,1,9,,21411,24,,,1,8,,21421,24,,,1,8,,21431,24,,,1,9,,21302,24,,,1,8,,21319,24,,,1,9,,21326,24,,,1,48,,21335,24,,,1,8,,21344,24,,,1,9,,21353,24,,,1,8,,21362,24,,,1,9,,21367,24,,,1,8,,21383,24,,,1,8,,21393,24,,,1,49,,21402,24,,,1,8,,21412,24,,,1,9,,21422,24,,,1,8,,21432,24,,,1,8,,21303,24,,,1,10,,21320,24,,,1,10,,21327,24,,,1,50,,21336,24,,,1,10,,21345,24,,,1,10,,21354,24,,,1,10,,21363,24,,,1,10,,21368,24,,,1,10,,21384,24,,,1,50,,21403,24,,,1,10,,21413,24,,,1,10,,21423,24,,,1,10,,21433,24,,,1,10,,21304,24,,,1,10,,21321,24,,,1,53,,21328,24,,,1
101,'GLOBAUX-01-I',600,,21514,24,,,1,10,,21524,24,,,1,10,,21533,24,,,1,10,,21543,24,,,1,10,,21553,24,,,1,10,,21563,24,,,1,50,,21434,24,,,1,10,,21444,24,,,1,11,,21451,24,,,1,10,,21476,24,,,1,10,,21485,24,,,1,10,,21494,24,,,1,49,,21508,24,,,1,9,,21515,24,,,1,10,,21525,24,,,1,9,,21534,24,,,1,10,,21544,24,,,1,9,,21554,24,,,1,8,,21564,24,,,1,49,,21435,24,,,1,8,,21445,24,,,1,9,,21452,24,,,1,8,,21468,24,,,1,9,,21477,24,,,1,8,,21486,24,,,1,9,,21495,24,,,1,48,,21509,24,,,1,9,,21516,24,,,1,8,,21526,24,,,1,8,,21535,24,,,1,9,,21545,24,,,1,8,,21555,24,,,1,9,,21565,24,,,1,48,,21436,24,,,1,8,,21446,24,,,1,9,,21453,24,,,1,8,,21469,24,,,1,9,,21478,24,,,1,8,,21487,24,,,1,9,,21496,24,,,1,48,,21510,24,,,1,9,,21517,24,,,1,8,,21527,24,,,1,9,,21536,24,,,1,8,,21546,24,,,1,9,,21556,24,,,1,7,,21566,24,,,1,8,,21437,24,,,1,48,,21447,24,,,1,7,,21454,24,,,1,8,,21461,24,,,1,8,,21470,24,,,1,7,,21479,24,,,1,8,,21488,24,,,1,8,,21497,24,,,1,47,,21511,24,,,1,8,,21518,24,,,1,8,,21528,24,,,1,7,,21537,24,,,1,8,,21547,24,,,1,8,,21557,24,,,1,7,,21567,24,,,1,8,,21438,24,,,1,48,,21448,24,,,1,7,,21455,24,,,1,8,,21462,24,,,1,8,,21471,24,,,1,7,,21480,24,,,1,7,,21489,24,,,1,7,,21498,24,,,1,7,,21503,24,,,1,47,,21512,24,,,1,6,,21519,24,,,1,7,,21529,24,,,1,7,,21538,24,,,1,7,,21548,24,,,1,7,,21558,24,,,1,7,,21568,24,,,1,7,,21439,24,,,1,7,,21449,24,,,1,48,,21456,24,,,1,7,,21463,24,,,1,7,,21472,24,,,1,7,,21481,24,,,1,7,,21490,24,,,1,7,,21499,24,,,1,7,,21504,24,,,1,6,,21513,24,,,1,7,,21520,24,,,1,47,,21530,24,,,1,7,,21539,24,,,1,7,,21549,24,,,1,7,,21559,24,,,1,7,,21569,24,,,1,7,,21440,24,,,1,7,,21450,24,,,1,7,,21457,24,,,1,47,,21464,24,,,1,8,,21473,24,,,1,9,,21482,24,,,1,8,,21491,24,,,1,9,,21500,24,,,1,8,,21505,24,,,1,8,,21521,24,,,1,49,,21531,24,,,1,8,,21540,24,,,1,9,,21550,24,,,1,8,,21560,24,,,1,8,,21570,24,,,1,9,,21441,24,,,1,8,,21458,24,,,1,9,,21465,24,,,1,48,,21474,24,,,1,8,,21483,24,,,1,9,,21492,24,,,1,8,,21501,24,,,1,9,,21506,24,,,1,8,,21522,24,,,1,8,,21532,24,,,1,49,,21541,24,,,1,8,,21551,24,,,1,9,,21561,24,,,1,8,,21571,24,,,1,8,,21442,24,,,1,10,,21459,24,,,1,10,,21466,24,,,1,50,,21475,24,,,1,10,,21484,24,,,1,10,,21493,24,,,1,10,,21502,24,,,1,10,,21507,24,,,1,10,,21523,24,,,1,50,,21542,24,,,1,10,,21552,24,,,1,10,,21562,24,,,1,10,,21572,24,,,1,10,,21443,24,,,1,10,,21460,24,,,1,53,,21467,24,,,1
101,'GLOBAUX-01-S',601,,21696,24,,,1,8,,21708,24,,,1,7,,21732,24,,,1,7,,21749,24,,,1,7,,21753,24,,,1,7,,21772,24,,,1,7,,21802,24,,,1,7,,21809,24,,,1,5,,21573,24,,,1,45,,21595,24,,,1,5,,21602,24,,,1,5,,21612,24,,,1,5,,21616,24,,,1,5,,21618,24,,,1,4,,21633,24,,,1,4,,21640,24,,,1,3,,21655,24,,,1,4,,21659,24,,,1,3,,21665,24,,,1,4,,21670,24,,,1,4,,21676,24,,,1,3,,21681,24,,,1,4,,21697,24,,,1,3,,21705,24,,,1,43,,21709,24,,,1,4,,21717,24,,,1,3,,21733,24,,,1,3,,21739,24,,,1,3,,21740,24,,,1,2,,21750,24,,,1,3,,21752,24,,,1,3,,21754,24,,,1,2,,21755,24,,,1,3,,21757,24,,,1,3,,21763,24,,,1,3,,21773,24,,,1,2,,21782,24,,,1,3,,21783,24,,,1,2,,21788,24,,,1,3,,21803,24,,,1,2,,21808,24,,,1,3,,21810,24,,,1,2,,21574,24,,,1,3,,21585,24,,,1,2,,21593,24,,,1,3,,21596,24,,,1,2,,21603,24,,,1,43,,21613,24,,,1,2,,21614,24,,,1,3,,21615,24,,,1,3,,21617,24,,,1,3,,21619,24,,,1,3,,21634,24,,,1,3,,21641,24,,,1,3,,21647,24,,,1,3,,21656,24,,,1,4,,21660,24,,,1,3,,21671,24,,,1,4,,21677,24,,,1,3,,21682,24,,,1,4,,21698,24,,,1,3,,21706,24,,,1,4,,21710,24,,,1,4,,21716,24,,,1,3,,21718,24,,,1,44,,21734,24,,,1,4,,21741,24,,,1,5,,21751,24,,,1,5,,21758,24,,,1,5,,21764,24,,,1,6,,21774,24,,,1,6,,21789,24,,,1,6,,21804,24,,,1,6,,21575,24,,,1,6,,21586,24,,,1,6,,21597,24,,,1,46,,21604,24,,,1,6,,21620,24,,,1,6,,21635,24,,,1,6,,21648,24,,,1,6,,21661,24,,,1,6,,21672,24,,,1,6,,21683,24,,,1,6,,21699,24,,,1,6,,21711,24,,,1,6,,21719,24,,,1,46,,21735,24,,,1,6,,21742,24,,,1,6,,21759,24,,,1,6,,21765,24,,,1,6,,21775,24,,,1,6,,21790,24,,,1,6,,21805,24,,,1,6,,21576,24,,,1,6,,21587,24,,,1,6,,21598,24,,,1,46,,21605,24,,,1,6,,21621,24,,,1,6,,21636,24,,,1,7,,21649,24,,,1,6,,21662,24,,,1,6,,21673,24,,,1,6,,21684,24,,,1,6,,21700,24,,,1,6,,21712,24,,,1,6,,21720,24,,,1,46,,21736,24,,,1,6,,21743,24,,,1,6,,21760,24,,,1,6,,21766,24,,,1,6,,21776,24,,,1,6,,21791,24,,,1,6,,21806,24,,,1,6,,21577,24,,,1,6,,21588,24,,,1,6,,21599,24,,,1,46,,21606,24,,,1,6,,21622,24,,,1,6,,21637,24,,,1,6,,21650,24,,,1,6,,21663,24,,,1,6,,21674,24,,,1,6,,21685,24,,,1,5,,21694,24,,,1,5,,21701,24,,,1,4,,21713,24,,,1,4,,21721,24,,,1,44,,21726,24,,,1,4,,21737,24,,,1,4,,21744,24,,,1,3,,21756,24,,,1,4,,21761,24,,,1,4,,21767,24,,,1,4,,21777,24,,,1,3,,21787,24,,,1,4,,21792,24,,,1,3,,21794,24,,,1,4,,21807,24,,,1,4,,21578,24,,,1,4,,21580,24,,,1,3,,21589,24,,,1,4,,21600,24,,,1,3,,21601,24,,,1,44,,21607,24,,,1,3,,21623,24,,,1,3,,21628,24,,,1,3,,21638,24,,,1,3,,21642,24,,,1,4,,21651,24,,,1,3,,21657,24,,,1,3,,21664,24,,,1,3,,21666,24,,,1,3,,21675,24,,,1,3,,21678,24,,,1,3,,21686,24,,,1,3,,21690,24,,,1,3,,21695,24,,,1,3,,21702,24,,,1,3,,21707,24,,,1,4,,21714,24,,,1,3,,21722,24,,,1,3,,21727,24,,,1,3,,21728,24,,,1,44,,21738,24,,,1,3,,21745,24,,,1,3,,21762,24,,,1,4,,21768,24,,,1,3,,21778,24,,,1,4,,21784,24,,,1,3,,21793,24,,,1,4,,21795,24,,,1,4,,21798,24,,,1,4,,21579,24,,,1,4,,21581,24,,,1,4,,21590,24,,,1,4,,21594,24,,,1,4,,21608,24,,,1,4,,21624,24,,,1,4,,21629,24,,,1,44,,21639,24,,,1,4,,21643,24,,,1,4,,21652,24,,,1,5,,21658,24,,,1,4,,21667,24,,,1,5,,21679,24,,,1,5,,21687,24,,,1,5,,21691,24,,,1,5,,21703,24,,,1,5,,21715,24,,,1,6,,21723,24,,,1,5,,21729,24,,,1,46,,21746,24,,,1,6,,21769,24,,,1,6,,21779,24,,,1,5,,21785,24,,,1,6,,21796,24,,,1,6,,21799,24,,,1,6,,21582,24,,,1,6,,21591,24,,,1,6,,21609,24,,,1,6,,21625,24,,,1,46,,21630,24,,,1,6,,21644,24,,,1,6,,21653,24,,,1,6,,21668,24,,,1,6,,21680,24,,,1,6,,21688,24,,,1,6,,21692,24,,,1,6,,21704,24,,,1,7,,21724,24,,,1,6,,21730,24,,,1,46,,21747,24,,,1,6,,21770,24,,,1,6,,21780,24,,,1,6,,21786,24,,,1,6,,21797,24,,,1,6,,21800,24,,,1,6,,21583,24,,,1,6,,21592,24,,,1,6,,21610,24,,,1,6,,21626,24,,,1,46,,21631,24,,,1,7,,21645,24,,,1,8,,21654,24,,,1,8,,21669,24,,,1,8,,21689,24,,,1,8,,21693,24,,,1,8,,21725,24,,,1,8,,21731,24,,,1,48,,21748,24,,,1,8,,21771,24,,,1,8,,21781,24,,,1,8,,21801,24,,,1,8,,21584,24,,,1,8,,21611,24,,,1,7,,21627,24,,,1,48,,21632,24,,,1,12,,21646,24,,,1
