100,'GLOBAUX-01-A',551,,20201,17,,,1,50,,20211,17,,,1,10,,20229,17,,,1,10,,20236,17,,,1,10,,20246,17,,,1,10,,20269,17,,,1,10,,20287,17,,,1,50,,20297,17,,,1,10,,20304,17,,,1,10,,20314,17,,,1,10,,20331,17,,,1,10,,20341,17,,,1,10,,20202,17,,,1,50,,20212,17,,,1,10,,20230,17,,,1,11,,20237,17,,,1,10,,20247,17,,,1,9,,20270,17,,,1,9,,20278,17,,,1,50,,20288,17,,,1,9,,20298,17,,,1,9,,20305,17,,,1,8,,20315,17,,,1,9,,20332,17,,,1,8,,20342,17,,,1,8,,20203,17,,,1,49,,20213,17,,,1,8,,20221,17,,,1,9,,20231,17,,,1,8,,20238,17,,,1,9,,20248,17,,,1,7,,20263,17,,,1,8,,20271,17,,,1,8,,20279,17,,,1,47,,20289,17,,,1,8,,20299,17,,,1,8,,20306,17,,,1,7,,20316,17,,,1,8,,20333,17,,,1,8,,20343,17,,,1,7,,20204,17,,,1,8,,20214,17,,,1,48,,20222,17,,,1,7,,20232,17,,,1,7,,20239,17,,,1,7,,20249,17,,,1,6,,20256,17,,,1,7,,20264,17,,,1,6,,20272,17,,,1,7,,20280,17,,,1,47,,20290,17,,,1,6,,20300,17,,,1,7,,20307,17,,,1,6,,20317,17,,,1,7,,20324,17,,,1,6,,20334,17,,,1,7,,20344,17,,,1,6,,20205,17,,,1,7,,20215,17,,,1,6,,20223,17,,,1,47,,20233,17,,,1,6,,20240,17,,,1,7,,20250,17,,,1,6,,20257,17,,,1,7,,20265,17,,,1,6,,20273,17,,,1,7,,20281,17,,,1,6,,20291,17,,,1,7,,20301,17,,,1,46,,20308,17,,,1,7,,20318,17,,,1,6,,20325,17,,,1,7,,20335,17,,,1,6,,20345,17,,,1,7,,20206,17,,,1,6,,20216,17,,,1,7,,20224,17,,,1,6,,20234,17,,,1,47,,20241,17,,,1,6,,20251,17,,,1,7,,20258,17,,,1,6,,20266,17,,,1,7,,20274,17,,,1,6,,20282,17,,,1,7,,20292,17,,,1,6,,20302,17,,,1,7,,20309,17,,,1,46,,20319,17,,,1,7,,20326,17,,,1,6,,20336,17,,,1,7,,20346,17,,,1,6,,20207,17,,,1,7,,20217,17,,,1,6,,20225,17,,,1,7,,20235,17,,,1,6,,20242,17,,,1,7,,20252,17,,,1,46,,20259,17,,,1,7,,20267,17,,,1,6,,20275,17,,,1,7,,20283,17,,,1,6,,20293,17,,,1,7,,20303,17,,,1,6,,20310,17,,,1,7,,20320,17,,,1,7,,20327,17,,,1,48,,20337,17,,,1,7,,20347,17,,,1,8,,20208,17,,,1,8,,20218,17,,,1,7,,20226,17,,,1,8,,20243,17,,,1,7,,20253,17,,,1,8,,20260,17,,,1,48,,20268,17,,,1,7,,20276,17,,,1,8,,20284,17,,,1,8,,20294,17,,,1,8,,20311,17,,,1,9,,20321,17,,,1,8,,20328,17,,,1,49,,20338,17,,,1,8,,20348,17,,,1,8,,20209,17,,,1,9,,20219,17,,,1,8,,20227,17,,,1,9,,20244,17,,,1,8,,20254,17,,,1,49,,20261,17,,,1,8,,20277,17,,,1,8,,20285,17,,,1,9,,20295,17,,,1,9,,20312,17,,,1,10,,20322,17,,,1,10,,20329,17,,,1,50,,20339,17,,,1,10,,20349,17,,,1,10,,20210,17,,,1,10,,20220,17,,,1,10,,20228,17,,,1,10,,20245,17,,,1,50,,20255,17,,,1,10,,20262,17,,,1,10,,20286,17,,,1,10,,20296,17,,,1,10,,20313,17,,,1,9,,20323,17,,,1,50,,20330,17,,,1,10,,20340,17,,,1,14,,20350,17,,,1
100,'GLOBAUX-01-F1',551,,20351,17,,,1,50,,20361,17,,,1,10,,20368,17,,,1,10,,20393,17,,,1,10,,20403,17,,,1,10,,20413,17,,,1,10,,20435,17,,,1,50,,20445,17,,,1,10,,20454,17,,,1,10,,20463,17,,,1,10,,20472,17,,,1,10,,20481,17,,,1,10,,20352,17,,,1,50,,20362,17,,,1,10,,20369,17,,,1,10,,20394,17,,,1,10,,20404,17,,,1,9,,20414,17,,,1,9,,20429,17,,,1,10,,20436,17,,,1,49,,20446,17,,,1,10,,20455,17,,,1,9,,20464,17,,,1,9,,20473,17,,,1,9,,20482,17,,,1,8,,20353,17,,,1,49,,20363,17,,,1,8,,20370,17,,,1,8,,20385,17,,,1,9,,20395,17,,,1,8,,20405,17,,,1,9,,20415,17,,,1,8,,20430,17,,,1,49,,20437,17,,,1,8,,20447,17,,,1,9,,20456,17,,,1,8,,20465,17,,,1,9,,20474,17,,,1,8,,20483,17,,,1,8,,20354,17,,,1,8,,20364,17,,,1,48,,20371,17,,,1,8,,20378,17,,,1,7,,20386,17,,,1,8,,20396,17,,,1,8,,20406,17,,,1,7,,20416,17,,,1,8,,20431,17,,,1,48,,20438,17,,,1,7,,20448,17,,,1,8,,20457,17,,,1,8,,20466,17,,,1,7,,20475,17,,,1,8,,20484,17,,,1,8,,20355,17,,,1,7,,20365,17,,,1,48,,20372,17,,,1,8,,20379,17,,,1,7,,20387,17,,,1,8,,20397,17,,,1,8,,20407,17,,,1,7,,20417,17,,,1,7,,20423,17,,,1,7,,20432,17,,,1,47,,20439,17,,,1,7,,20449,17,,,1,7,,20458,17,,,1,7,,20467,17,,,1,7,,20476,17,,,1,7,,20485,17,,,1,7,,20356,17,,,1,7,,20366,17,,,1,7,,20373,17,,,1,47,,20380,17,,,1,7,,20388,17,,,1,7,,20398,17,,,1,7,,20408,17,,,1,7,,20418,17,,,1,7,,20424,17,,,1,7,,20433,17,,,1,7,,20440,17,,,1,47,,20450,17,,,1,7,,20459,17,,,1,7,,20468,17,,,1,7,,20477,17,,,1,7,,20486,17,,,1,7,,20357,17,,,1,7,,20367,17,,,1,7,,20374,17,,,1,7,,20381,17,,,1,47,,20389,17,,,1,6,,20399,17,,,1,7,,20409,17,,,1,7,,20419,17,,,1,7,,20425,17,,,1,7,,20434,17,,,1,7,,20441,17,,,1,7,,20451,17,,,1,49,,20460,17,,,1,8,,20469,17,,,1,8,,20478,17,,,1,9,,20487,17,,,1,8,,20358,17,,,1,9,,20375,17,,,1,8,,20382,17,,,1,8,,20390,17,,,1,49,,20400,17,,,1,8,,20410,17,,,1,9,,20420,17,,,1,8,,20426,17,,,1,8,,20442,17,,,1,9,,20452,17,,,1,8,,20461,17,,,1,49,,20470,17,,,1,8,,20479,17,,,1,8,,20488,17,,,1,9,,20359,17,,,1,8,,20376,17,,,1,9,,20383,17,,,1,8,,20391,17,,,1,49,,20401,17,,,1,9,,20411,17,,,1,9,,20421,17,,,1,9,,20427,17,,,1,9,,20443,17,,,1,9,,20453,17,,,1,9,,20462,17,,,1,49,,20471,17,,,1,9,,20480,17,,,1,9,,20489,17,,,1,10,,20360,17,,,1,10,,20377,17,,,1,10,,20384,17,,,1,50,,20392,17,,,1,10,,20402,17,,,1,10,,20412,17,,,1,10,,20422,17,,,1,10,,20428,17,,,1,54,,20444,17,,,1
100,'GLOBAUX-01-F2',551,,20490,17,,,1,50,,20500,17,,,1,10,,20507,17,,,1,10,,20532,17,,,1,10,,20542,17,,,1,10,,20552,17,,,1,10,,20574,17,,,1,50,,20584,17,,,1,10,,20593,17,,,1,10,,20602,17,,,1,10,,20611,17,,,1,10,,20620,17,,,1,10,,20491,17,,,1,50,,20501,17,,,1,10,,20508,17,,,1,10,,20533,17,,,1,10,,20543,17,,,1,9,,20553,17,,,1,9,,20568,17,,,1,10,,20575,17,,,1,49,,20585,17,,,1,10,,20594,17,,,1,9,,20603,17,,,1,9,,20612,17,,,1,9,,20621,17,,,1,8,,20492,17,,,1,49,,20502,17,,,1,8,,20509,17,,,1,8,,20524,17,,,1,9,,20534,17,,,1,8,,20544,17,,,1,9,,20554,17,,,1,8,,20569,17,,,1,49,,20576,17,,,1,8,,20586,17,,,1,9,,20595,17,,,1,8,,20604,17,,,1,9,,20613,17,,,1,8,,20622,17,,,1,8,,20493,17,,,1,8,,20503,17,,,1,48,,20510,17,,,1,8,,20517,17,,,1,7,,20525,17,,,1,8,,20535,17,,,1,8,,20545,17,,,1,7,,20555,17,,,1,8,,20570,17,,,1,48,,20577,17,,,1,7,,20587,17,,,1,8,,20596,17,,,1,8,,20605,17,,,1,7,,20614,17,,,1,8,,20623,17,,,1,8,,20494,17,,,1,7,,20504,17,,,1,48,,20511,17,,,1,8,,20518,17,,,1,7,,20526,17,,,1,8,,20536,17,,,1,8,,20546,17,,,1,7,,20556,17,,,1,7,,20562,17,,,1,7,,20571,17,,,1,47,,20578,17,,,1,7,,20588,17,,,1,7,,20597,17,,,1,7,,20606,17,,,1,7,,20615,17,,,1,7,,20624,17,,,1,7,,20495,17,,,1,7,,20505,17,,,1,7,,20512,17,,,1,47,,20519,17,,,1,7,,20527,17,,,1,7,,20537,17,,,1,7,,20547,17,,,1,7,,20557,17,,,1,7,,20563,17,,,1,7,,20572,17,,,1,7,,20579,17,,,1,47,,20589,17,,,1,7,,20598,17,,,1,7,,20607,17,,,1,7,,20616,17,,,1,7,,20625,17,,,1,7,,20496,17,,,1,7,,20506,17,,,1,7,,20513,17,,,1,7,,20520,17,,,1,47,,20528,17,,,1,6,,20538,17,,,1,7,,20548,17,,,1,7,,20558,17,,,1,7,,20564,17,,,1,7,,20573,17,,,1,7,,20580,17,,,1,7,,20590,17,,,1,49,,20599,17,,,1,8,,20608,17,,,1,8,,20617,17,,,1,9,,20626,17,,,1,8,,20497,17,,,1,9,,20514,17,,,1,8,,20521,17,,,1,8,,20529,17,,,1,49,,20539,17,,,1,8,,20549,17,,,1,9,,20559,17,,,1,8,,20565,17,,,1,8,,20581,17,,,1,9,,20591,17,,,1,8,,20600,17,,,1,49,,20609,17,,,1,8,,20618,17,,,1,8,,20627,17,,,1,9,,20498,17,,,1,8,,20515,17,,,1,9,,20522,17,,,1,8,,20530,17,,,1,49,,20540,17,,,1,9,,20550,17,,,1,9,,20560,17,,,1,9,,20566,17,,,1,9,,20582,17,,,1,9,,20592,17,,,1,9,,20601,17,,,1,49,,20610,17,,,1,9,,20619,17,,,1,9,,20628,17,,,1,10,,20499,17,,,1,10,,20516,17,,,1,10,,20523,17,,,1,50,,20531,17,,,1,10,,20541,17,,,1,10,,20551,17,,,1,10,,20561,17,,,1,10,,20567,17,,,1,54,,20583,17,,,1
100,'GLOBAUX-01-I',551,,20629,17,,,1,50,,20639,17,,,1,10,,20646,17,,,1,10,,20671,17,,,1,10,,20681,17,,,1,10,,20691,17,,,1,10,,20713,17,,,1,50,,20723,17,,,1,10,,20732,17,,,1,10,,20741,17,,,1,10,,20750,17,,,1,10,,20759,17,,,1,10,,20630,17,,,1,50,,20640,17,,,1,10,,20647,17,,,1,10,,20672,17,,,1,10,,20682,17,,,1,9,,20692,17,,,1,9,,20707,17,,,1,10,,20714,17,,,1,49,,20724,17,,,1,10,,20733,17,,,1,9,,20742,17,,,1,9,,20751,17,,,1,9,,20760,17,,,1,8,,20631,17,,,1,49,,20641,17,,,1,8,,20648,17,,,1,8,,20663,17,,,1,9,,20673,17,,,1,8,,20683,17,,,1,9,,20693,17,,,1,8,,20708,17,,,1,49,,20715,17,,,1,8,,20725,17,,,1,9,,20734,17,,,1,8,,20743,17,,,1,9,,20752,17,,,1,8,,20761,17,,,1,8,,20632,17,,,1,8,,20642,17,,,1,48,,20649,17,,,1,8,,20656,17,,,1,7,,20664,17,,,1,8,,20674,17,,,1,8,,20684,17,,,1,7,,20694,17,,,1,8,,20709,17,,,1,48,,20716,17,,,1,7,,20726,17,,,1,8,,20735,17,,,1,8,,20744,17,,,1,7,,20753,17,,,1,8,,20762,17,,,1,8,,20633,17,,,1,7,,20643,17,,,1,48,,20650,17,,,1,8,,20657,17,,,1,7,,20665,17,,,1,8,,20675,17,,,1,8,,20685,17,,,1,7,,20695,17,,,1,7,,20701,17,,,1,7,,20710,17,,,1,47,,20717,17,,,1,7,,20727,17,,,1,7,,20736,17,,,1,7,,20745,17,,,1,7,,20754,17,,,1,7,,20763,17,,,1,7,,20634,17,,,1,7,,20644,17,,,1,7,,20651,17,,,1,47,,20658,17,,,1,7,,20666,17,,,1,7,,20676,17,,,1,7,,20686,17,,,1,7,,20696,17,,,1,7,,20702,17,,,1,7,,20711,17,,,1,7,,20718,17,,,1,47,,20728,17,,,1,7,,20737,17,,,1,7,,20746,17,,,1,7,,20755,17,,,1,7,,20764,17,,,1,7,,20635,17,,,1,7,,20645,17,,,1,7,,20652,17,,,1,7,,20659,17,,,1,47,,20667,17,,,1,6,,20677,17,,,1,7,,20687,17,,,1,7,,20697,17,,,1,7,,20703,17,,,1,7,,20712,17,,,1,7,,20719,17,,,1,7,,20729,17,,,1,49,,20738,17,,,1,8,,20747,17,,,1,8,,20756,17,,,1,9,,20765,17,,,1,8,,20636,17,,,1,9,,20653,17,,,1,8,,20660,17,,,1,8,,20668,17,,,1,49,,20678,17,,,1,8,,20688,17,,,1,9,,20698,17,,,1,8,,20704,17,,,1,8,,20720,17,,,1,9,,20730,17,,,1,8,,20739,17,,,1,49,,20748,17,,,1,8,,20757,17,,,1,8,,20766,17,,,1,9,,20637,17,,,1,8,,20654,17,,,1,9,,20661,17,,,1,8,,20669,17,,,1,49,,20679,17,,,1,9,,20689,17,,,1,9,,20699,17,,,1,9,,20705,17,,,1,9,,20721,17,,,1,9,,20731,17,,,1,9,,20740,17,,,1,49,,20749,17,,,1,9,,20758,17,,,1,9,,20767,17,,,1,10,,20638,17,,,1,10,,20655,17,,,1,10,,20662,17,,,1,50,,20670,17,,,1,10,,20680,17,,,1,10,,20690,17,,,1,10,,20700,17,,,1,10,,20706,17,,,1,54,,20722,17,,,1
100,'GLOBAUX-01-S',551,,20768,17,,,1,7,,20796,17,,,1,47,,20806,17,,,1,7,,20826,17,,,1,6,,20848,17,,,1,7,,20852,17,,,1,7,,20859,17,,,1,7,,20870,17,,,1,5,,20876,17,,,1,4,,20893,17,,,1,4,,20902,17,,,1,4,,20905,17,,,1,3,,20913,17,,,1,44,,20930,17,,,1,3,,20936,17,,,1,4,,20946,17,,,1,3,,20948,17,,,1,3,,20950,17,,,1,3,,20952,17,,,1,4,,20968,17,,,1,3,,20977,17,,,1,3,,20979,17,,,1,3,,20997,17,,,1,4,,21003,17,,,1,3,,21004,17,,,1,3,,20769,17,,,1,4,,20787,17,,,1,3,,20789,17,,,1,3,,20797,17,,,1,3,,20807,17,,,1,4,,20808,17,,,1,43,,20809,17,,,1,3,,20811,17,,,1,3,,20812,17,,,1,3,,20827,17,,,1,3,,20833,17,,,1,3,,20839,17,,,1,3,,20849,17,,,1,3,,20853,17,,,1,3,,20860,17,,,1,3,,20865,17,,,1,3,,20871,17,,,1,3,,20877,17,,,1,3,,20894,17,,,1,3,,20903,17,,,1,3,,20906,17,,,1,4,,20912,17,,,1,3,,20914,17,,,1,3,,20931,17,,,1,3,,20937,17,,,1,43,,20947,17,,,1,4,,20949,17,,,1,3,,20951,17,,,1,3,,20955,17,,,1,4,,20960,17,,,1,3,,20969,17,,,1,4,,20978,17,,,1,3,,20984,17,,,1,4,,20998,17,,,1,4,,21005,17,,,1,3,,20770,17,,,1,5,,20780,17,,,1,4,,20790,17,,,1,5,,20798,17,,,1,5,,20810,17,,,1,5,,20813,17,,,1,45,,20828,17,,,1,6,,20840,17,,,1,6,,20854,17,,,1,7,,20866,17,,,1,6,,20878,17,,,1,6,,20895,17,,,1,6,,20907,17,,,1,6,,20915,17,,,1,6,,20932,17,,,1,6,,20938,17,,,1,46,,20956,17,,,1,5,,20961,17,,,1,6,,20970,17,,,1,6,,20985,17,,,1,6,,20999,17,,,1,6,,20771,17,,,1,6,,20781,17,,,1,6,,20791,17,,,1,6,,20799,17,,,1,6,,20814,17,,,1,46,,20829,17,,,1,7,,20841,17,,,1,6,,20855,17,,,1,6,,20867,17,,,1,6,,20879,17,,,1,6,,20896,17,,,1,6,,20908,17,,,1,6,,20916,17,,,1,6,,20933,17,,,1,6,,20939,17,,,1,46,,20957,17,,,1,6,,20962,17,,,1,6,,20971,17,,,1,6,,20986,17,,,1,6,,21000,17,,,1,6,,20772,17,,,1,6,,20782,17,,,1,6,,20792,17,,,1,6,,20800,17,,,1,6,,20815,17,,,1,46,,20830,17,,,1,6,,20842,17,,,1,6,,20856,17,,,1,6,,20868,17,,,1,6,,20880,17,,,1,6,,20897,17,,,1,6,,20909,17,,,1,6,,20917,17,,,1,6,,20934,17,,,1,6,,20940,17,,,1,46,,20958,17,,,1,6,,20963,17,,,1,6,,20972,17,,,1,5,,20987,17,,,1,5,,20989,17,,,1,4,,21001,17,,,1,4,,20773,17,,,1,3,,20775,17,,,1,4,,20783,17,,,1,4,,20793,17,,,1,4,,20795,17,,,1,5,,20801,17,,,1,3,,20816,17,,,1,44,,20821,17,,,1,3,,20831,17,,,1,3,,20834,17,,,1,4,,20843,17,,,1,3,,20850,17,,,1,3,,20857,17,,,1,3,,20869,17,,,1,3,,20872,17,,,1,4,,20881,17,,,1,3,,20886,17,,,1,3,,20891,17,,,1,3,,20898,17,,,1,3,,20904,17,,,1,2,,20910,17,,,1,3,,20918,17,,,1,3,,20923,17,,,1,3,,20925,17,,,1,2,,20935,17,,,1,3,,20941,17,,,1,3,,20953,17,,,1,43,,20954,17,,,1,2,,20959,17,,,1,3,,20964,17,,,1,3,,20973,17,,,1,3,,20980,17,,,1,2,,20983,17,,,1,3,,20988,17,,,1,3,,20990,17,,,1,3,,20993,17,,,1,2,,21002,17,,,1,3,,20774,17,,,1,3,,20776,17,,,1,3,,20784,17,,,1,3,,20788,17,,,1,3,,20794,17,,,1,3,,20802,17,,,1,4,,20817,17,,,1,3,,20822,17,,,1,4,,20832,17,,,1,4,,20835,17,,,1,43,,20844,17,,,1,4,,20851,17,,,1,3,,20858,17,,,1,4,,20861,17,,,1,4,,20873,17,,,1,4,,20882,17,,,1,4,,20887,17,,,1,4,,20892,17,,,1,4,,20899,17,,,1,4,,20911,17,,,1,4,,20919,17,,,1,4,,20924,17,,,1,4,,20926,17,,,1,4,,20942,17,,,1,6,,20965,17,,,1,46,,20974,17,,,1,5,,20981,17,,,1,6,,20991,17,,,1,6,,20994,17,,,1,6,,20777,17,,,1,6,,20785,17,,,1,6,,20803,17,,,1,6,,20818,17,,,1,6,,20823,17,,,1,6,,20836,17,,,1,46,,20845,17,,,1,6,,20862,17,,,1,6,,20874,17,,,1,6,,20883,17,,,1,6,,20888,17,,,1,6,,20900,17,,,1,6,,20920,17,,,1,6,,20927,17,,,1,6,,20943,17,,,1,6,,20966,17,,,1,47,,20975,17,,,1,6,,20982,17,,,1,6,,20992,17,,,1,6,,20995,17,,,1,6,,20778,17,,,1,6,,20786,17,,,1,6,,20804,17,,,1,6,,20819,17,,,1,6,,20824,17,,,1,6,,20837,17,,,1,46,,20846,17,,,1,6,,20863,17,,,1,6,,20875,17,,,1,6,,20884,17,,,1,6,,20889,17,,,1,7,,20901,17,,,1,6,,20921,17,,,1,7,,20928,17,,,1,8,,20944,17,,,1,48,,20967,17,,,1,8,,20976,17,,,1,8,,20996,17,,,1,8,,20779,17,,,1,8,,20805,17,,,1,8,,20820,17,,,1,8,,20825,17,,,1,48,,20838,17,,,1,7,,20847,17,,,1,8,,20864,17,,,1,8,,20885,17,,,1,8,,20890,17,,,1,8,,20922,17,,,1,8,,20929,17,,,1,52,,20945,17,,,1
101,'GLOBAUX-01-A',543,,21092,11,,,1,10,,21102,11,,,1,50,,21109,11,,,1,10,,21119,11,,,1,10,,21136,11,,,1,10,,21146,11,,,1,10,,21006,11,,,1,10,,21016,11,,,1,50,,21035,11,,,1,11,,21042,11,,,1,10,,21052,11,,,1,10,,21074,11,,,1,9,,21082,11,,,1,9,,21093,11,,,1,50,,21103,11,,,1,9,,21110,11,,,1,9,,21120,11,,,1,9,,21137,11,,,1,8,,21147,11,,,1,9,,21007,11,,,1,8,,21017,11,,,1,49,,21026,11,,,1,8,,21036,11,,,1,8,,21043,11,,,1,9,,21053,11,,,1,8,,21075,11,,,1,9,,21083,11,,,1,8,,21094,11,,,1,49,,21104,11,,,1,8,,21111,11,,,1,8,,21121,11,,,1,9,,21138,11,,,1,8,,21148,11,,,1,9,,21008,11,,,1,8,,21018,11,,,1,48,,21027,11,,,1,7,,21037,11,,,1,8,,21044,11,,,1,8,,21054,11,,,1,7,,21069,11,,,1,8,,21076,11,,,1,8,,21084,11,,,1,7,,21095,11,,,1,48,,21105,11,,,1,8,,21112,11,,,1,7,,21122,11,,,1,6,,21129,11,,,1,7,,21139,11,,,1,6,,21149,11,,,1,7,,21009,11,,,1,6,,21019,11,,,1,7,,21028,11,,,1,46,,21038,11,,,1,7,,21045,11,,,1,6,,21055,11,,,1,7,,21062,11,,,1,6,,21070,11,,,1,7,,21077,11,,,1,6,,21085,11,,,1,7,,21096,11,,,1,6,,21106,11,,,1,47,,21113,11,,,1,6,,21123,11,,,1,7,,21130,11,,,1,6,,21140,11,,,1,7,,21150,11,,,1,6,,21010,11,,,1,7,,21020,11,,,1,6,,21029,11,,,1,7,,21039,11,,,1,6,,21046,11,,,1,47,,21056,11,,,1,6,,21063,11,,,1,7,,21071,11,,,1,6,,21078,11,,,1,7,,21086,11,,,1,6,,21097,11,,,1,7,,21107,11,,,1,6,,21114,11,,,1,7,,21124,11,,,1,46,,21131,11,,,1,7,,21141,11,,,1,6,,21151,11,,,1,7,,21011,11,,,1,6,,21021,11,,,1,7,,21030,11,,,1,6,,21040,11,,,1,7,,21047,11,,,1,6,,21057,11,,,1,47,,21064,11,,,1,6,,21072,11,,,1,7,,21079,11,,,1,6,,21087,11,,,1,7,,21098,11,,,1,6,,21108,11,,,1,7,,21115,11,,,1,6,,21125,11,,,1,7,,21132,11,,,1,46,,21142,11,,,1,7,,21152,11,,,1,6,,21012,11,,,1,7,,21022,11,,,1,6,,21031,11,,,1,7,,21041,11,,,1,6,,21048,11,,,1,7,,21058,11,,,1,8,,21065,11,,,1,47,,21073,11,,,1,8,,21080,11,,,1,8,,21088,11,,,1,7,,21099,11,,,1,8,,21116,11,,,1,8,,21126,11,,,1,8,,21133,11,,,1,8,,21143,11,,,1,49,,21153,11,,,1,8,,21013,11,,,1,8,,21023,11,,,1,9,,21032,11,,,1,8,,21049,11,,,1,9,,21059,11,,,1,8,,21066,11,,,1,49,,21081,11,,,1,8,,21089,11,,,1,8,,21100,11,,,1,9,,21117,11,,,1,8,,21127,11,,,1,9,,21134,11,,,1,9,,21144,11,,,1,49,,21154,11,,,1,10,,21014,11,,,1,9,,21024,11,,,1,10,,21033,11,,,1,9,,21050,11,,,1,10,,21060,11,,,1,50,,21067,11,,,1,9,,21090,11,,,1,10,,21101,11,,,1,10,,21118,11,,,1,10,,21128,11,,,1,10,,21135,11,,,1,50,,21145,11,,,1,10,,21155,11,,,1,10,,21015,11,,,1,10,,21025,11,,,1,10,,21034,11,,,1,10,,21051,11,,,1,50,,21061,11,,,1,10,,21068,11,,,1,10,,21091,11,,,1
101,'GLOBAUX-01-F1',543,,21236,11,,,1,10,,21246,11,,,1,50,,21255,11,,,1,10,,21265,11,,,1,10,,21275,11,,,1,10,,21285,11,,,1,10,,21156,11,,,1,10,,21166,11,,,1,50,,21173,11,,,1,10,,21198,11,,,1,10,,21207,11,,,1,10,,21216,11,,,1,10,,21230,11,,,1,9,,21237,11,,,1,50,,21247,11,,,1,9,,21256,11,,,1,9,,21266,11,,,1,10,,21276,11,,,1,8,,21286,11,,,1,8,,21157,11,,,1,9,,21167,11,,,1,48,,21174,11,,,1,9,,21190,11,,,1,8,,21199,11,,,1,8,,21208,11,,,1,9,,21217,11,,,1,8,,21231,11,,,1,9,,21238,11,,,1,48,,21248,11,,,1,9,,21257,11,,,1,8,,21267,11,,,1,8,,21277,11,,,1,9,,21287,11,,,1,8,,21158,11,,,1,9,,21168,11,,,1,48,,21175,11,,,1,9,,21191,11,,,1,8,,21200,11,,,1,8,,21209,11,,,1,9,,21218,11,,,1,8,,21232,11,,,1,9,,21239,11,,,1,48,,21249,11,,,1,9,,21258,11,,,1,8,,21268,11,,,1,8,,21278,11,,,1,8,,21288,11,,,1,8,,21159,11,,,1,7,,21169,11,,,1,8,,21176,11,,,1,48,,21183,11,,,1,7,,21192,11,,,1,8,,21201,11,,,1,8,,21210,11,,,1,7,,21219,11,,,1,8,,21233,11,,,1,8,,21240,11,,,1,7,,21250,11,,,1,48,,21259,11,,,1,8,,21269,11,,,1,7,,21279,11,,,1,8,,21289,11,,,1,8,,21160,11,,,1,7,,21170,11,,,1,8,,21177,11,,,1,8,,21184,11,,,1,47,,21193,11,,,1,7,,21202,11,,,1,7,,21211,11,,,1,7,,21220,11,,,1,7,,21225,11,,,1,7,,21234,11,,,1,7,,21241,11,,,1,7,,21251,11,,,1,47,,21260,11,,,1,7,,21270,11,,,1,7,,21280,11,,,1,7,,21290,11,,,1,7,,21161,11,,,1,7,,21171,11,,,1,7,,21178,11,,,1,7,,21185,11,,,1,7,,21194,11,,,1,47,,21203,11,,,1,7,,21212,11,,,1,7,,21221,11,,,1,7,,21226,11,,,1,7,,21235,11,,,1,7,,21242,11,,,1,7,,21252,11,,,1,7,,21261,11,,,1,47,,21271,11,,,1,7,,21281,11,,,1,7,,21291,11,,,1,7,,21162,11,,,1,7,,21172,11,,,1,7,,21179,11,,,1,7,,21186,11,,,1,9,,21195,11,,,1,48,,21204,11,,,1,8,,21213,11,,,1,9,,21222,11,,,1,8,,21227,11,,,1,9,,21243,11,,,1,8,,21253,11,,,1,9,,21262,11,,,1,8,,21272,11,,,1,48,,21282,11,,,1,9,,21292,11,,,1,8,,21163,11,,,1,9,,21180,11,,,1,8,,21187,11,,,1,8,,21196,11,,,1,9,,21205,11,,,1,48,,21214,11,,,1,9,,21223,11,,,1,8,,21228,11,,,1,8,,21244,11,,,1,9,,21254,11,,,1,8,,21263,11,,,1,9,,21273,11,,,1,48,,21283,11,,,1,9,,21293,11,,,1,8,,21164,11,,,1,9,,21181,11,,,1,10,,21188,11,,,1,10,,21197,11,,,1,50,,21206,11,,,1,10,,21215,11,,,1,10,,21224,11,,,1,10,,21229,11,,,1,10,,21245,11,,,1,10,,21264,11,,,1,50,,21274,11,,,1,10,,21284,11,,,1,10,,21294,11,,,1,10,,21165,11,,,1,10,,21182,11,,,1,10,,21189,11,,,1
101,'GLOBAUX-01-F2',543,,21375,11,,,1,10,,21385,11,,,1,50,,21394,11,,,1,10,,21404,11,,,1,10,,21414,11,,,1,10,,21424,11,,,1,10,,21295,11,,,1,10,,21305,11,,,1,50,,21312,11,,,1,10,,21337,11,,,1,10,,21346,11,,,1,10,,21355,11,,,1,10,,21369,11,,,1,9,,21376,11,,,1,50,,21386,11,,,1,9,,21395,11,,,1,9,,21405,11,,,1,10,,21415,11,,,1,8,,21425,11,,,1,8,,21296,11,,,1,9,,21306,11,,,1,48,,21313,11,,,1,9,,21329,11,,,1,8,,21338,11,,,1,8,,21347,11,,,1,9,,21356,11,,,1,8,,21370,11,,,1,9,,21377,11,,,1,48,,21387,11,,,1,9,,21396,11,,,1,8,,21406,11,,,1,8,,21416,11,,,1,9,,21426,11,,,1,8,,21297,11,,,1,9,,21307,11,,,1,48,,21314,11,,,1,9,,21330,11,,,1,8,,21339,11,,,1,8,,21348,11,,,1,9,,21357,11,,,1,8,,21371,11,,,1,9,,21378,11,,,1,48,,21388,11,,,1,9,,21397,11,,,1,8,,21407,11,,,1,8,,21417,11,,,1,8,,21427,11,,,1,8,,21298,11,,,1,7,,21308,11,,,1,8,,21315,11,,,1,48,,21322,11,,,1,7,,21331,11,,,1,8,,21340,11,,,1,8,,21349,11,,,1,7,,21358,11,,,1,8,,21372,11,,,1,8,,21379,11,,,1,7,,21389,11,,,1,48,,21398,11,,,1,8,,21408,11,,,1,7,,21418,11,,,1,8,,21428,11,,,1,8,,21299,11,,,1,7,,21309,11,,,1,8,,21316,11,,,1,8,,21323,11,,,1,47,,21332,11,,,1,7,,21341,11,,,1,7,,21350,11,,,1,7,,21359,11,,,1,7,,21364,11,,,1,7,,21373,11,,,1,7,,21380,11,,,1,7,,21390,11,,,1,47,,21399,11,,,1,7,,21409,11,,,1,7,,21419,11,,,1,7,,21429,11,,,1,7,,21300,11,,,1,7,,21310,11,,,1,7,,21317,11,,,1,7,,21324,11,,,1,7,,21333,11,,,1,47,,21342,11,,,1,7,,21351,11,,,1,7,,21360,11,,,1,7,,21365,11,,,1,7,,21374,11,,,1,7,,21381,11,,,1,7,,21391,11,,,1,7,,21400,11,,,1,47,,21410,11,,,1,7,,21420,11,,,1,7,,21430,11,,,1,7,,21301,11,,,1,7,,21311,11,,,1,7,,21318,11,,,1,7,,21325,11,,,1,9,,21334,11,,,1,48,,21343,11,,,1,8,,21352,11,,,1,9,,21361,11,,,1,8,,21366,11,,,1,9,,21382,11,,,1,8,,21392,11,,,1,9,,21401,11,,,1,8,,21411,11,,,1,48,,21421,11,,,1,9,,21431,11,,,1,8,,21302,11,,,1,9,,21319,11,,,1,8,,21326,11,,,1,8,,21335,11,,,1,9,,21344,11,,,1,48,,21353,11,,,1,9,,21362,11,,,1,8,,21367,11,,,1,8,,21383,11,,,1,9,,21393,11,,,1,8,,21402,11,,,1,9,,21412,11,,,1,48,,21422,11,,,1,9,,21432,11,,,1,8,,21303,11,,,1,9,,21320,11,,,1,10,,21327,11,,,1,10,,21336,11,,,1,50,,21345,11,,,1,10,,21354,11,,,1,10,,21363,11,,,1,10,,21368,11,,,1,10,,21384,11,,,1,10,,21403,11,,,1,50,,21413,11,,,1,10,,21423,11,,,1,10,,21433,11,,,1,10,,21304,11,,,1,10,,21321,11,,,1,10,,21328,11,,,1
101,'GLOBAUX-01-I',543,,21514,11,,,1,10,,21524,11,,,1,50,,21533,11,,,1,10,,21543,11,,,1,10,,21553,11,,,1,10,,21563,11,,,1,10,,21434,11,,,1,10,,21444,11,,,1,50,,21451,11,,,1,10,,21476,11,,,1,10,,21485,11,,,1,10,,21494,11,,,1,10,,21508,11,,,1,9,,21515,11,,,1,50,,21525,11,,,1,9,,21534,11,,,1,9,,21544,11,,,1,10,,21554,11,,,1,8,,21564,11,,,1,8,,21435,11,,,1,9,,21445,11,,,1,48,,21452,11,,,1,9,,21468,11,,,1,8,,21477,11,,,1,8,,21486,11,,,1,9,,21495,11,,,1,8,,21509,11,,,1,9,,21516,11,,,1,48,,21526,11,,,1,9,,21535,11,,,1,8,,21545,11,,,1,8,,21555,11,,,1,9,,21565,11,,,1,8,,21436,11,,,1,9,,21446,11,,,1,48,,21453,11,,,1,9,,21469,11,,,1,8,,21478,11,,,1,8,,21487,11,,,1,9,,21496,11,,,1,8,,21510,11,,,1,9,,21517,11,,,1,48,,21527,11,,,1,9,,21536,11,,,1,8,,21546,11,,,1,8,,21556,11,,,1,8,,21566,11,,,1,8,,21437,11,,,1,7,,21447,11,,,1,8,,21454,11,,,1,48,,21461,11,,,1,7,,21470,11,,,1,8,,21479,11,,,1,8,,21488,11,,,1,7,,21497,11,,,1,8,,21511,11,,,1,8,,21518,11,,,1,7,,21528,11,,,1,48,,21537,11,,,1,8,,21547,11,,,1,7,,21557,11,,,1,8,,21567,11,,,1,8,,21438,11,,,1,7,,21448,11,,,1,8,,21455,11,,,1,8,,21462,11,,,1,47,,21471,11,,,1,7,,21480,11,,,1,7,,21489,11,,,1,7,,21498,11,,,1,7,,21503,11,,,1,7,,21512,11,,,1,7,,21519,11,,,1,7,,21529,11,,,1,47,,21538,11,,,1,7,,21548,11,,,1,7,,21558,11,,,1,7,,21568,11,,,1,7,,21439,11,,,1,7,,21449,11,,,1,7,,21456,11,,,1,7,,21463,11,,,1,7,,21472,11,,,1,47,,21481,11,,,1,7,,21490,11,,,1,7,,21499,11,,,1,7,,21504,11,,,1,7,,21513,11,,,1,7,,21520,11,,,1,7,,21530,11,,,1,7,,21539,11,,,1,47,,21549,11,,,1,7,,21559,11,,,1,7,,21569,11,,,1,7,,21440,11,,,1,7,,21450,11,,,1,7,,21457,11,,,1,7,,21464,11,,,1,9,,21473,11,,,1,48,,21482,11,,,1,8,,21491,11,,,1,9,,21500,11,,,1,8,,21505,11,,,1,9,,21521,11,,,1,8,,21531,11,,,1,9,,21540,11,,,1,8,,21550,11,,,1,48,,21560,11,,,1,9,,21570,11,,,1,8,,21441,11,,,1,9,,21458,11,,,1,8,,21465,11,,,1,8,,21474,11,,,1,9,,21483,11,,,1,48,,21492,11,,,1,9,,21501,11,,,1,8,,21506,11,,,1,8,,21522,11,,,1,9,,21532,11,,,1,8,,21541,11,,,1,9,,21551,11,,,1,48,,21561,11,,,1,9,,21571,11,,,1,8,,21442,11,,,1,9,,21459,11,,,1,10,,21466,11,,,1,10,,21475,11,,,1,50,,21484,11,,,1,10,,21493,11,,,1,10,,21502,11,,,1,10,,21507,11,,,1,10,,21523,11,,,1,10,,21542,11,,,1,50,,21552,11,,,1,10,,21562,11,,,1,10,,21572,11,,,1,10,,21443,11,,,1,10,,21460,11,,,1,10,,21467,11,,,1
101,'GLOBAUX-01-S',544,,21696,11,,,1,8,,21708,11,,,1,7,,21732,11,,,1,47,,21749,11,,,1,7,,21753,11,,,1,7,,21772,11,,,1,7,,21802,11,,,1,7,,21809,11,,,1,5,,21573,11,,,1,5,,21595,11,,,1,5,,21602,11,,,1,5,,21612,11,,,1,5,,21616,11,,,1,44,,21618,11,,,1,4,,21633,11,,,1,4,,21640,11,,,1,4,,21655,11,,,1,3,,21659,11,,,1,4,,21665,11,,,1,3,,21670,11,,,1,4,,21676,11,,,1,4,,21681,11,,,1,3,,21697,11,,,1,3,,21705,11,,,1,4,,21709,11,,,1,3,,21717,11,,,1,3,,21733,11,,,1,3,,21739,11,,,1,3,,21740,11,,,1,3,,21750,11,,,1,42,,21752,11,,,1,3,,21754,11,,,1,3,,21755,11,,,1,3,,21757,11,,,1,2,,21763,11,,,1,3,,21773,11,,,1,2,,21782,11,,,1,3,,21783,11,,,1,2,,21788,11,,,1,3,,21803,11,,,1,2,,21808,11,,,1,3,,21810,11,,,1,2,,21574,11,,,1,3,,21585,11,,,1,2,,21593,11,,,1,3,,21596,11,,,1,2,,21603,11,,,1,3,,21613,11,,,1,3,,21614,11,,,1,3,,21615,11,,,1,3,,21617,11,,,1,3,,21619,11,,,1,3,,21634,11,,,1,43,,21641,11,,,1,3,,21647,11,,,1,3,,21656,11,,,1,3,,21660,11,,,1,4,,21671,11,,,1,3,,21677,11,,,1,3,,21682,11,,,1,4,,21698,11,,,1,4,,21706,11,,,1,3,,21710,11,,,1,4,,21716,11,,,1,4,,21718,11,,,1,3,,21734,11,,,1,5,,21741,11,,,1,5,,21751,11,,,1,5,,21758,11,,,1,45,,21764,11,,,1,6,,21774,11,,,1,6,,21789,11,,,1,6,,21804,11,,,1,6,,21575,11,,,1,5,,21586,11,,,1,6,,21597,11,,,1,6,,21604,11,,,1,6,,21620,11,,,1,6,,21635,11,,,1,47,,21648,11,,,1,6,,21661,11,,,1,6,,21672,11,,,1,6,,21683,11,,,1,6,,21699,11,,,1,6,,21711,11,,,1,6,,21719,11,,,1,6,,21735,11,,,1,6,,21742,11,,,1,6,,21759,11,,,1,46,,21765,11,,,1,6,,21775,11,,,1,6,,21790,11,,,1,6,,21805,11,,,1,6,,21576,11,,,1,6,,21587,11,,,1,6,,21598,11,,,1,6,,21605,11,,,1,6,,21621,11,,,1,6,,21636,11,,,1,46,,21649,11,,,1,6,,21662,11,,,1,6,,21673,11,,,1,6,,21684,11,,,1,6,,21700,11,,,1,6,,21712,11,,,1,6,,21720,11,,,1,6,,21736,11,,,1,6,,21743,11,,,1,6,,21760,11,,,1,46,,21766,11,,,1,6,,21776,11,,,1,6,,21791,11,,,1,6,,21806,11,,,1,6,,21577,11,,,1,6,,21588,11,,,1,6,,21599,11,,,1,6,,21606,11,,,1,6,,21622,11,,,1,6,,21637,11,,,1,46,,21650,11,,,1,6,,21663,11,,,1,6,,21674,11,,,1,6,,21685,11,,,1,5,,21694,11,,,1,5,,21701,11,,,1,4,,21713,11,,,1,4,,21721,11,,,1,4,,21726,11,,,1,4,,21737,11,,,1,3,,21744,11,,,1,4,,21756,11,,,1,4,,21761,11,,,1,44,,21767,11,,,1,3,,21777,11,,,1,4,,21787,11,,,1,4,,21792,11,,,1,3,,21794,11,,,1,4,,21807,11,,,1,4,,21578,11,,,1,4,,21580,11,,,1,3,,21589,11,,,1,4,,21600,11,,,1,3,,21601,11,,,1,4,,21607,11,,,1,3,,21623,11,,,1,3,,21628,11,,,1,3,,21638,11,,,1,3,,21642,11,,,1,3,,21651,11,,,1,44,,21657,11,,,1,3,,21664,11,,,1,3,,21666,11,,,1,3,,21675,11,,,1,3,,21678,11,,,1,3,,21686,11,,,1,3,,21690,11,,,1,3,,21695,11,,,1,3,,21702,11,,,1,3,,21707,11,,,1,4,,21714,11,,,1,3,,21722,11,,,1,3,,21727,11,,,1,3,,21728,11,,,1,4,,21738,11,,,1,3,,21745,11,,,1,4,,21762,11,,,1,3,,21768,11,,,1,4,,21778,11,,,1,43,,21784,11,,,1,3,,21793,11,,,1,4,,21795,11,,,1,4,,21798,11,,,1,4,,21579,11,,,1,4,,21581,11,,,1,4,,21590,11,,,1,4,,21594,11,,,1,4,,21608,11,,,1,4,,21624,11,,,1,4,,21629,11,,,1,4,,21639,11,,,1,5,,21643,11,,,1,4,,21652,11,,,1,4,,21658,11,,,1,45,,21667,11,,,1,5,,21679,11,,,1,5,,21687,11,,,1,5,,21691,11,,,1,5,,21703,11,,,1,5,,21715,11,,,1,5,,21723,11,,,1,6,,21729,11,,,1,5,,21746,11,,,1,6,,21769,11,,,1,6,,21779,11,,,1,45,,21785,11,,,1,6,,21796,11,,,1,6,,21799,11,,,1,6,,21582,11,,,1,6,,21591,11,,,1,6,,21609,11,,,1,6,,21625,11,,,1,6,,21630,11,,,1,6,,21644,11,,,1,6,,21653,11,,,1,46,,21668,11,,,1,6,,21680,11,,,1,7,,21688,11,,,1,6,,21692,11,,,1,6,,21704,11,,,1,6,,21724,11,,,1,6,,21730,11,,,1,6,,21747,11,,,1,6,,21770,11,,,1,6,,21780,11,,,1,46,,21786,11,,,1,6,,21797,11,,,1,6,,21800,11,,,1,6,,21583,11,,,1,7,,21592,11,,,1,6,,21610,11,,,1,6,,21626,11,,,1,6,,21631,11,,,1,7,,21645,11,,,1,48,,21654,11,,,1,8,,21669,11,,,1,7,,21689,11,,,1,8,,21693,11,,,1,8,,21725,11,,,1,8,,21731,11,,,1,9,,21748,11,,,1,8,,21771,11,,,1,47,,21781,11,,,1,8,,21801,11,,,1,8,,21584,11,,,1,8,,21611,11,,,1,8,,21627,11,,,1,8,,21632,11,,,1,8,,21646,11,,,1
