200,'GLOBAUX-01-A',539,,21847,7,,,1,9,,21851,7,,,1,10,,21872,7,,,1,50,,21881,7,,,1,10,,21890,7,,,1,9,,21905,7,,,1,10,,21919,7,,,1,10,,21927,7,,,1,10,,21933,7,,,1,50,,21941,7,,,1,9,,21952,7,,,1,10,,21960,7,,,1,9,,21811,7,,,1,9,,21825,7,,,1,9,,21839,7,,,1,49,,21848,7,,,1,9,,21852,7,,,1,9,,21860,7,,,1,9,,21873,7,,,1,8,,21882,7,,,1,9,,21891,7,,,1,9,,21898,7,,,1,48,,21906,7,,,1,9,,21913,7,,,1,8,,21920,7,,,1,9,,21934,7,,,1,8,,21942,7,,,1,9,,21953,7,,,1,8,,21961,7,,,1,49,,21812,7,,,1,8,,21826,7,,,1,9,,21840,7,,,1,8,,21849,7,,,1,9,,21853,7,,,1,8,,21861,7,,,1,9,,21874,7,,,1,48,,21883,7,,,1,9,,21892,7,,,1,7,,21899,7,,,1,8,,21907,7,,,1,8,,21914,7,,,1,7,,21921,7,,,1,8,,21935,7,,,1,8,,21943,7,,,1,47,,21954,7,,,1,8,,21962,7,,,1,8,,21813,7,,,1,7,,21819,7,,,1,8,,21827,7,,,1,7,,21841,7,,,1,7,,21850,7,,,1,8,,21854,7,,,1,47,,21862,7,,,1,7,,21866,7,,,1,7,,21875,7,,,1,7,,21884,7,,,1,6,,21893,7,,,1,7,,21900,7,,,1,6,,21908,7,,,1,6,,21915,7,,,1,7,,21922,7,,,1,46,,21928,7,,,1,7,,21936,7,,,1,6,,21944,7,,,1,6,,21947,7,,,1,7,,21955,7,,,1,6,,21963,7,,,1,7,,21814,7,,,1,6,,21820,7,,,1,7,,21828,7,,,1,46,,21833,7,,,1,7,,21842,7,,,1,6,,21855,7,,,1,6,,21863,7,,,1,7,,21867,7,,,1,6,,21876,7,,,1,7,,21885,7,,,1,6,,21894,7,,,1,7,,21901,7,,,1,6,,21909,7,,,1,46,,21916,7,,,1,7,,21923,7,,,1,6,,21929,7,,,1,7,,21937,7,,,1,6,,21945,7,,,1,7,,21948,7,,,1,6,,21956,7,,,1,6,,21964,7,,,1,7,,21815,7,,,1,46,,21821,7,,,1,7,,21829,7,,,1,6,,21834,7,,,1,6,,21843,7,,,1,7,,21856,7,,,1,6,,21864,7,,,1,7,,21868,7,,,1,6,,21877,7,,,1,6,,21886,7,,,1,47,,21895,7,,,1,6,,21902,7,,,1,7,,21910,7,,,1,6,,21917,7,,,1,6,,21924,7,,,1,7,,21930,7,,,1,6,,21938,7,,,1,7,,21946,7,,,1,6,,21949,7,,,1,6,,21957,7,,,1,47,,21965,7,,,1,6,,21816,7,,,1,7,,21822,7,,,1,6,,21830,7,,,1,6,,21835,7,,,1,7,,21844,7,,,1,7,,21857,7,,,1,8,,21865,7,,,1,7,,21869,7,,,1,48,,21878,7,,,1,7,,21887,7,,,1,7,,21896,7,,,1,8,,21903,7,,,1,7,,21911,7,,,1,8,,21918,7,,,1,7,,21925,7,,,1,7,,21931,7,,,1,48,,21939,7,,,1,7,,21950,7,,,1,8,,21958,7,,,1,7,,21817,7,,,1,8,,21823,7,,,1,8,,21831,7,,,1,8,,21836,7,,,1,7,,21845,7,,,1,49,,21858,7,,,1,9,,21870,7,,,1,9,,21879,7,,,1,9,,21888,7,,,1,9,,21897,7,,,1,9,,21904,7,,,1,49,,21912,7,,,1,9,,21926,7,,,1,10,,21932,7,,,1,9,,21940,7,,,1,10,,21951,7,,,1,9,,21959,7,,,1,10,,21818,7,,,1,49,,21832,7,,,1,10,,21837,7,,,1,10,,21846,7,,,1,10,,21859,7,,,1,10,,21871,7,,,1,10,,21880,7,,,1,50,,21889,7,,,1
200,'GLOBAUX-01-F1',538,,22001,7,,,1,10,,22009,7,,,1,9,,22017,7,,,1,49,,22025,7,,,1,9,,22031,7,,,1,10,,22043,7,,,1,9,,22047,7,,,1,9,,22062,7,,,1,9,,22074,7,,,1,50,,22082,7,,,1,9,,22090,7,,,1,9,,22095,7,,,1,10,,21966,7,,,1,9,,21975,7,,,1,9,,21993,7,,,1,9,,22002,7,,,1,50,,22010,7,,,1,9,,22018,7,,,1,9,,22026,7,,,1,9,,22032,7,,,1,10,,22044,7,,,1,9,,22048,7,,,1,48,,22055,7,,,1,9,,22063,7,,,1,8,,22075,7,,,1,9,,22083,7,,,1,9,,22091,7,,,1,8,,22096,7,,,1,9,,21967,7,,,1,48,,21976,7,,,1,9,,21986,7,,,1,8,,21994,7,,,1,9,,22003,7,,,1,9,,22011,7,,,1,8,,22019,7,,,1,9,,22027,7,,,1,48,,22033,7,,,1,9,,22045,7,,,1,9,,22049,7,,,1,8,,22056,7,,,1,9,,22064,7,,,1,8,,22076,7,,,1,9,,22084,7,,,1,49,,22092,7,,,1,8,,22097,7,,,1,9,,21968,7,,,1,8,,21977,7,,,1,8,,21987,7,,,1,8,,21995,7,,,1,8,,22004,7,,,1,8,,22012,7,,,1,48,,22020,7,,,1,8,,22028,7,,,1,7,,22034,7,,,1,8,,22046,7,,,1,8,,22050,7,,,1,8,,22057,7,,,1,8,,22065,7,,,1,48,,22070,7,,,1,7,,22077,7,,,1,7,,22085,7,,,1,7,,22093,7,,,1,7,,22098,7,,,1,7,,22103,7,,,1,6,,21969,7,,,1,7,,21978,7,,,1,7,,21981,7,,,1,47,,21988,7,,,1,7,,21996,7,,,1,7,,22005,7,,,1,6,,22013,7,,,1,7,,22021,7,,,1,7,,22029,7,,,1,7,,22035,7,,,1,7,,22039,7,,,1,7,,22051,7,,,1,46,,22058,7,,,1,7,,22066,7,,,1,7,,22071,7,,,1,7,,22078,7,,,1,7,,22086,7,,,1,7,,22094,7,,,1,6,,22099,7,,,1,7,,22104,7,,,1,47,,21970,7,,,1,7,,21979,7,,,1,7,,21982,7,,,1,7,,21989,7,,,1,6,,21997,7,,,1,8,,22006,7,,,1,7,,22014,7,,,1,7,,22022,7,,,1,8,,22030,7,,,1,47,,22036,7,,,1,7,,22040,7,,,1,8,,22052,7,,,1,7,,22059,7,,,1,7,,22067,7,,,1,8,,22072,7,,,1,7,,22079,7,,,1,8,,22087,7,,,1,48,,22100,7,,,1,7,,22105,7,,,1,8,,21971,7,,,1,8,,21980,7,,,1,8,,21983,7,,,1,8,,21990,7,,,1,8,,21998,7,,,1,7,,22007,7,,,1,48,,22015,7,,,1,8,,22023,7,,,1,8,,22037,7,,,1,8,,22041,7,,,1,8,,22053,7,,,1,8,,22060,7,,,1,8,,22068,7,,,1,48,,22073,7,,,1,8,,22080,7,,,1,8,,22088,7,,,1,9,,22101,7,,,1,8,,22106,7,,,1,9,,21972,7,,,1,9,,21984,7,,,1,48,,21991,7,,,1,9,,21999,7,,,1,9,,22008,7,,,1,10,,22016,7,,,1,10,,22024,7,,,1,10,,22038,7,,,1,10,,22042,7,,,1,50,,22054,7,,,1,10,,22061,7,,,1,10,,22069,7,,,1,10,,22081,7,,,1,10,,22089,7,,,1,10,,22102,7,,,1,50,,22107,7,,,1,10,,21973,7,,,1,10,,21985,7,,,1,10,,22000,7,,,1
200,'GLOBAUX-01-F2',538,,22143,7,,,1,10,,22151,7,,,1,9,,22159,7,,,1,49,,22167,7,,,1,9,,22173,7,,,1,10,,22185,7,,,1,9,,22189,7,,,1,9,,22204,7,,,1,9,,22216,7,,,1,50,,22224,7,,,1,9,,22232,7,,,1,9,,22237,7,,,1,10,,22108,7,,,1,9,,22117,7,,,1,9,,22135,7,,,1,9,,22144,7,,,1,50,,22152,7,,,1,9,,22160,7,,,1,9,,22168,7,,,1,9,,22174,7,,,1,10,,22186,7,,,1,9,,22190,7,,,1,48,,22197,7,,,1,9,,22205,7,,,1,8,,22217,7,,,1,9,,22225,7,,,1,9,,22233,7,,,1,8,,22238,7,,,1,9,,22109,7,,,1,48,,22118,7,,,1,9,,22128,7,,,1,8,,22136,7,,,1,9,,22145,7,,,1,9,,22153,7,,,1,8,,22161,7,,,1,9,,22169,7,,,1,48,,22175,7,,,1,9,,22187,7,,,1,9,,22191,7,,,1,8,,22198,7,,,1,9,,22206,7,,,1,8,,22218,7,,,1,9,,22226,7,,,1,49,,22234,7,,,1,8,,22239,7,,,1,9,,22110,7,,,1,8,,22119,7,,,1,8,,22129,7,,,1,8,,22137,7,,,1,8,,22146,7,,,1,8,,22154,7,,,1,48,,22162,7,,,1,8,,22170,7,,,1,7,,22176,7,,,1,8,,22188,7,,,1,8,,22192,7,,,1,8,,22199,7,,,1,8,,22207,7,,,1,48,,22212,7,,,1,7,,22219,7,,,1,7,,22227,7,,,1,7,,22235,7,,,1,7,,22240,7,,,1,7,,22245,7,,,1,6,,22111,7,,,1,7,,22120,7,,,1,7,,22123,7,,,1,47,,22130,7,,,1,7,,22138,7,,,1,7,,22147,7,,,1,6,,22155,7,,,1,7,,22163,7,,,1,7,,22171,7,,,1,7,,22177,7,,,1,7,,22181,7,,,1,7,,22193,7,,,1,46,,22200,7,,,1,7,,22208,7,,,1,7,,22213,7,,,1,7,,22220,7,,,1,7,,22228,7,,,1,7,,22236,7,,,1,6,,22241,7,,,1,7,,22246,7,,,1,47,,22112,7,,,1,7,,22121,7,,,1,7,,22124,7,,,1,7,,22131,7,,,1,6,,22139,7,,,1,8,,22148,7,,,1,7,,22156,7,,,1,7,,22164,7,,,1,8,,22172,7,,,1,47,,22178,7,,,1,7,,22182,7,,,1,8,,22194,7,,,1,7,,22201,7,,,1,7,,22209,7,,,1,8,,22214,7,,,1,7,,22221,7,,,1,8,,22229,7,,,1,48,,22242,7,,,1,7,,22247,7,,,1,8,,22113,7,,,1,8,,22122,7,,,1,8,,22125,7,,,1,8,,22132,7,,,1,8,,22140,7,,,1,7,,22149,7,,,1,48,,22157,7,,,1,8,,22165,7,,,1,8,,22179,7,,,1,8,,22183,7,,,1,8,,22195,7,,,1,8,,22202,7,,,1,8,,22210,7,,,1,48,,22215,7,,,1,8,,22222,7,,,1,8,,22230,7,,,1,9,,22243,7,,,1,8,,22248,7,,,1,9,,22114,7,,,1,9,,22126,7,,,1,48,,22133,7,,,1,9,,22141,7,,,1,9,,22150,7,,,1,10,,22158,7,,,1,10,,22166,7,,,1,10,,22180,7,,,1,10,,22184,7,,,1,50,,22196,7,,,1,10,,22203,7,,,1,10,,22211,7,,,1,10,,22223,7,,,1,10,,22231,7,,,1,10,,22244,7,,,1,50,,22249,7,,,1,10,,22115,7,,,1,10,,22127,7,,,1,10,,22142,7,,,1
200,'GLOBAUX-01-I',538,,22285,7,,,1,10,,22293,7,,,1,9,,22301,7,,,1,49,,22309,7,,,1,9,,22315,7,,,1,10,,22327,7,,,1,9,,22331,7,,,1,9,,22346,7,,,1,9,,22358,7,,,1,50,,22366,7,,,1,9,,22374,7,,,1,9,,22379,7,,,1,10,,22250,7,,,1,9,,22259,7,,,1,9,,22277,7,,,1,9,,22286,7,,,1,50,,22294,7,,,1,9,,22302,7,,,1,9,,22310,7,,,1,9,,22316,7,,,1,10,,22328,7,,,1,9,,22332,7,,,1,48,,22339,7,,,1,9,,22347,7,,,1,8,,22359,7,,,1,9,,22367,7,,,1,9,,22375,7,,,1,8,,22380,7,,,1,9,,22251,7,,,1,48,,22260,7,,,1,9,,22270,7,,,1,8,,22278,7,,,1,9,,22287,7,,,1,9,,22295,7,,,1,8,,22303,7,,,1,9,,22311,7,,,1,48,,22317,7,,,1,9,,22329,7,,,1,9,,22333,7,,,1,8,,22340,7,,,1,9,,22348,7,,,1,8,,22360,7,,,1,9,,22368,7,,,1,49,,22376,7,,,1,8,,22381,7,,,1,9,,22252,7,,,1,8,,22261,7,,,1,8,,22271,7,,,1,8,,22279,7,,,1,8,,22288,7,,,1,8,,22296,7,,,1,48,,22304,7,,,1,8,,22312,7,,,1,7,,22318,7,,,1,8,,22330,7,,,1,8,,22334,7,,,1,8,,22341,7,,,1,8,,22349,7,,,1,48,,22354,7,,,1,7,,22361,7,,,1,7,,22369,7,,,1,7,,22377,7,,,1,7,,22382,7,,,1,7,,22387,7,,,1,6,,22253,7,,,1,7,,22262,7,,,1,7,,22265,7,,,1,47,,22272,7,,,1,7,,22280,7,,,1,7,,22289,7,,,1,6,,22297,7,,,1,7,,22305,7,,,1,7,,22313,7,,,1,7,,22319,7,,,1,7,,22323,7,,,1,7,,22335,7,,,1,46,,22342,7,,,1,7,,22350,7,,,1,7,,22355,7,,,1,7,,22362,7,,,1,7,,22370,7,,,1,7,,22378,7,,,1,6,,22383,7,,,1,7,,22388,7,,,1,47,,22254,7,,,1,7,,22263,7,,,1,7,,22266,7,,,1,7,,22273,7,,,1,6,,22281,7,,,1,8,,22290,7,,,1,7,,22298,7,,,1,7,,22306,7,,,1,8,,22314,7,,,1,47,,22320,7,,,1,7,,22324,7,,,1,8,,22336,7,,,1,7,,22343,7,,,1,7,,22351,7,,,1,8,,22356,7,,,1,7,,22363,7,,,1,8,,22371,7,,,1,48,,22384,7,,,1,7,,22389,7,,,1,8,,22255,7,,,1,8,,22264,7,,,1,8,,22267,7,,,1,8,,22274,7,,,1,8,,22282,7,,,1,7,,22291,7,,,1,48,,22299,7,,,1,8,,22307,7,,,1,8,,22321,7,,,1,8,,22325,7,,,1,8,,22337,7,,,1,8,,22344,7,,,1,8,,22352,7,,,1,48,,22357,7,,,1,8,,22364,7,,,1,8,,22372,7,,,1,9,,22385,7,,,1,8,,22390,7,,,1,9,,22256,7,,,1,9,,22268,7,,,1,48,,22275,7,,,1,9,,22283,7,,,1,9,,22292,7,,,1,10,,22300,7,,,1,10,,22308,7,,,1,10,,22322,7,,,1,10,,22326,7,,,1,50,,22338,7,,,1,10,,22345,7,,,1,10,,22353,7,,,1,10,,22365,7,,,1,10,,22373,7,,,1,10,,22386,7,,,1,50,,22391,7,,,1,10,,22257,7,,,1,10,,22269,7,,,1,10,,22284,7,,,1
200,'GLOBAUX-01-S',538,,22463,7,,,1,6,,22473,7,,,1,6,,22483,7,,,1,6,,22498,7,,,1,46,,22509,7,,,1,6,,22518,7,,,1,6,,22532,7,,,1,6,,22534,7,,,1,5,,22554,7,,,1,5,,22571,7,,,1,5,,22573,7,,,1,5,,22580,7,,,1,5,,22582,7,,,1,4,,22594,7,,,1,4,,22600,7,,,1,4,,22606,7,,,1,44,,22607,7,,,1,4,,22613,7,,,1,3,,22622,7,,,1,4,,22392,7,,,1,3,,22393,7,,,1,4,,22403,7,,,1,3,,22411,7,,,1,3,,22412,7,,,1,4,,22421,7,,,1,3,,22423,7,,,1,4,,22428,7,,,1,3,,22436,7,,,1,3,,22444,7,,,1,4,,22456,7,,,1,3,,22461,7,,,1,3,,22462,7,,,1,3,,22464,7,,,1,4,,22474,7,,,1,43,,22484,7,,,1,3,,22492,7,,,1,3,,22494,7,,,1,4,,22499,7,,,1,3,,22504,7,,,1,3,,22510,7,,,1,3,,22515,7,,,1,4,,22519,7,,,1,3,,22527,7,,,1,3,,22533,7,,,1,3,,22535,7,,,1,4,,22540,7,,,1,3,,22555,7,,,1,3,,22564,7,,,1,3,,22572,7,,,1,4,,22574,7,,,1,4,,22575,7,,,1,4,,22583,7,,,1,43,,22590,7,,,1,4,,22595,7,,,1,4,,22601,7,,,1,3,,22608,7,,,1,4,,22614,7,,,1,4,,22623,7,,,1,4,,22630,7,,,1,4,,22394,7,,,1,4,,22404,7,,,1,4,,22413,7,,,1,4,,22420,7,,,1,4,,22424,7,,,1,5,,22437,7,,,1,5,,22445,7,,,1,45,,22457,7,,,1,6,,22465,7,,,1,6,,22475,7,,,1,6,,22485,7,,,1,6,,22495,7,,,1,6,,22505,7,,,1,6,,22511,7,,,1,6,,22520,7,,,1,6,,22528,7,,,1,6,,22541,7,,,1,46,,22556,7,,,1,6,,22565,7,,,1,6,,22576,7,,,1,6,,22584,7,,,1,6,,22596,7,,,1,6,,22602,7,,,1,6,,22615,7,,,1,6,,22624,7,,,1,6,,22395,7,,,1,6,,22405,7,,,1,46,,22414,7,,,1,6,,22425,7,,,1,6,,22438,7,,,1,6,,22446,7,,,1,6,,22458,7,,,1,6,,22466,7,,,1,6,,22476,7,,,1,6,,22486,7,,,1,6,,22496,7,,,1,6,,22506,7,,,1,46,,22512,7,,,1,6,,22521,7,,,1,6,,22529,7,,,1,6,,22542,7,,,1,6,,22557,7,,,1,6,,22566,7,,,1,6,,22577,7,,,1,6,,22585,7,,,1,6,,22597,7,,,1,6,,22603,7,,,1,46,,22616,7,,,1,6,,22625,7,,,1,6,,22396,7,,,1,6,,22406,7,,,1,6,,22415,7,,,1,6,,22426,7,,,1,6,,22439,7,,,1,6,,22447,7,,,1,6,,22459,7,,,1,6,,22467,7,,,1,46,,22477,7,,,1,5,,22487,7,,,1,4,,22497,7,,,1,5,,22500,7,,,1,4,,22507,7,,,1,5,,22513,7,,,1,4,,22516,7,,,1,4,,22522,7,,,1,4,,22530,7,,,1,3,,22536,7,,,1,4,,22543,7,,,1,3,,22547,7,,,1,3,,22558,7,,,1,3,,22562,7,,,1,3,,22567,7,,,1,3,,22578,7,,,1,43,,22581,7,,,1,3,,22586,7,,,1,3,,22591,7,,,1,3,,22598,7,,,1,3,,22604,7,,,1,3,,22609,7,,,1,3,,22617,7,,,1,2,,22618,7,,,1,3,,22626,7,,,1,3,,22397,7,,,1,3,,22398,7,,,1,3,,22399,7,,,1,3,,22400,7,,,1,3,,22407,7,,,1,3,,22416,7,,,1,3,,22422,7,,,1,3,,22427,7,0,5,1,3,,22429,7,,,1,3,,22433,7,,,1,2,,22440,7,,,1,3,,22448,7,0,5,1,43,,22449,7,,,1,3,,22453,7,,,1,3,,22460,7,,,1,3,,22468,7,0,5,1,3,,22469,7,,,1,3,,22478,7,,,1,3,,22482,7,0,5,1,3,,22488,7,,,1,3,,22493,7,0,5,1,3,,22501,7,,,1,3,,22508,7,,,1,3,,22514,7,,,1,3,,22517,7,,,1,4,,22523,7,,,1,3,,22531,7,,,1,4,,22537,7,,,1,3,,22544,7,,,1,4,,22548,7,,,1,3,,22551,7,,,1,44,,22559,7,,,1,4,,22563,7,,,1,4,,22568,7,,,1,4,,22579,7,,,1,4,,22587,7,,,1,4,,22592,7,,,1,4,,22599,7,,,1,4,,22605,7,,,1,4,,22610,7,,,1,4,,22619,7,,,1,5,,22627,7,,,1,5,,22401,7,,,1,5,,22408,7,,,1,5,,22417,7,,,1,45,,22430,7,,,1,6,,22434,7,,,1,6,,22441,7,,,1,6,,22450,7,,,1,6,,22454,7,,,1,6,,22470,7,,,1,6,,22479,7,,,1,6,,22489,7,,,1,6,,22502,7,,,1,6,,22524,7,,,1,46,,22538,7,,,1,6,,22545,7,,,1,6,,22549,7,,,1,6,,22552,7,,,1,6,,22560,7,,,1,6,,22569,7,,,1,6,,22588,7,,,1,6,,22593,7,,,1,6,,22611,7,,,1,6,,22620,7,,,1,46,,22628,7,,,1,6,,22402,7,,,1,6,,22409,7,,,1,6,,22418,7,,,1,6,,22431,7,,,1,6,,22435,7,,,1,6,,22442,7,,,1,6,,22451,7,,,1,6,,22455,7,,,1,6,,22471,7,,,1,46,,22480,7,,,1,6,,22490,7,,,1,6,,22503,7,,,1,6,,22525,7,,,1,6,,22539,7,,,1,6,,22546,7,,,1,6,,22550,7,,,1,6,,22553,7,,,1,7,,22561,7,,,1,7,,22570,7,,,1,47,,22589,7,,,1,7,,22612,7,,,1,7,,22621,7,,,1,7,,22629,7,,,1,7,,22410,7,,,1,8,,22419,7,,,1,8,,22432,7,,,1,8,,22443,7,,,1,48,,22452,7,,,1,8,,22472,7,,,1,8,,22481,7,,,1,8,,22491,7,,,1,8,,22526,7,,,1
201,'GLOBAUX-01-A',601,,22741,25,,,1,10,,22748,25,,,1,9,,22757,25,,,1,10,,22769,25,,,1,10,,22778,25,,,1,9,,22631,25,,,1,10,,22645,25,,,1,50,,22658,25,,,1,10,,22666,25,,,1,10,,22669,25,,,1,9,,22688,25,,,1,10,,22696,25,,,1,10,,22704,25,,,1,49,,22712,25,,,1,10,,22719,25,,,1,9,,22727,25,,,1,9,,22733,25,,,1,8,,22749,25,,,1,9,,22758,25,,,1,49,,22770,25,,,1,9,,22779,25,,,1,8,,22632,25,,,1,9,,22646,25,,,1,9,,22659,25,,,1,8,,22667,25,,,1,9,,22670,25,,,1,48,,22677,25,,,1,9,,22689,25,,,1,9,,22697,25,,,1,8,,22705,25,,,1,9,,22713,25,,,1,9,,22720,25,,,1,9,,22728,25,,,1,48,,22734,25,,,1,8,,22750,25,,,1,8,,22759,25,,,1,7,,22771,25,,,1,8,,22780,25,,,1,8,,22633,25,,,1,7,,22640,25,,,1,8,,22647,25,,,1,47,,22660,25,,,1,7,,22668,25,,,1,7,,22671,25,,,1,7,,22678,25,,,1,7,,22682,25,,,1,7,,22690,25,,,1,7,,22698,25,,,1,7,,22706,25,,,1,6,,22714,25,,,1,47,,22721,25,,,1,7,,22729,25,,,1,6,,22735,25,,,1,6,,22742,25,,,1,7,,22751,25,,,1,6,,22760,25,,,1,7,,22763,25,,,1,6,,22772,25,,,1,7,,22781,25,,,1,46,,22634,25,,,1,7,,22641,25,,,1,6,,22648,25,,,1,6,,22653,25,,,1,7,,22661,25,,,1,6,,22672,25,,,1,7,,22679,25,,,1,6,,22683,25,,,1,7,,22691,25,,,1,46,,22699,25,,,1,6,,22707,25,,,1,7,,22715,25,,,1,6,,22722,25,,,1,7,,22730,25,,,1,6,,22736,25,,,1,6,,22743,25,,,1,7,,22752,25,,,1,6,,22761,25,,,1,7,,22764,25,,,1,46,,22773,25,,,1,7,,22782,25,,,1,6,,22635,25,,,1,6,,22642,25,,,1,7,,22649,25,,,1,6,,22654,25,,,1,7,,22662,25,,,1,6,,22673,25,,,1,7,,22680,25,,,1,46,,22684,25,,,1,6,,22692,25,,,1,7,,22700,25,,,1,6,,22708,25,,,1,7,,22716,25,,,1,6,,22723,25,,,1,7,,22731,25,,,1,6,,22737,25,,,1,6,,22744,25,,,1,47,,22753,25,,,1,6,,22762,25,,,1,6,,22765,25,,,1,7,,22774,25,,,1,6,,22783,25,,,1,7,,22636,25,,,1,6,,22643,25,,,1,6,,22650,25,,,1,7,,22655,25,,,1,6,,22663,25,,,1,46,,22674,25,,,1,7,,22681,25,,,1,7,,22685,25,,,1,7,,22693,25,,,1,8,,22701,25,,,1,7,,22709,25,,,1,7,,22717,25,,,1,7,,22724,25,,,1,48,,22732,25,,,1,7,,22738,25,,,1,8,,22745,25,,,1,7,,22754,25,,,1,8,,22766,25,,,1,7,,22775,25,,,1,8,,22637,25,,,1,8,,22644,25,,,1,47,,22651,25,,,1,8,,22656,25,,,1,8,,22664,25,,,1,8,,22675,25,,,1,8,,22686,25,,,1,8,,22694,25,,,1,8,,22702,25,,,1,9,,22710,25,,,1,48,,22718,25,,,1,10,,22725,25,,,1,9,,22739,25,,,1,9,,22746,25,,,1,10,,22755,25,,,1,9,,22767,25,,,1,50,,22776,25,,,1,9,,22638,25,,,1,10,,22652,25,,,1,9,,22657,25,,,1,9,,22665,25,,,1,10,,22676,25,,,1,50,,22687,25,,,1,10,,22695,25,,,1,9,,22703,25,,,1,10,,22711,25,,,1,10,,22726,25,,,1,10,,22740,25,,,1,50,,22747,25,,,1,10,,22756,25,,,1,10,,22768,25,,,1,10,,22777,25,,,1,13,,22639,25,,,1
201,'GLOBAUX-01-F1',601,,22877,25,,,1,9,,22890,25,,,1,9,,22898,25,,,1,10,,22906,25,,,1,9,,22911,25,,,1,9,,22784,25,,,1,10,,22792,25,,,1,49,,22809,25,,,1,9,,22817,25,,,1,10,,22825,25,,,1,9,,22833,25,,,1,10,,22841,25,,,1,9,,22846,25,,,1,49,,22859,25,,,1,10,,22862,25,,,1,9,,22878,25,,,1,10,,22891,25,,,1,9,,22899,25,,,1,9,,22907,25,,,1,10,,22912,25,,,1,49,,22785,25,,,1,9,,22793,25,,,1,9,,22803,25,,,1,8,,22810,25,,,1,9,,22818,25,,,1,9,,22826,25,,,1,49,,22834,25,,,1,8,,22842,25,,,1,9,,22847,25,,,1,9,,22860,25,,,1,8,,22863,25,,,1,9,,22870,25,,,1,8,,22879,25,,,1,49,,22892,25,,,1,9,,22900,25,,,1,8,,22908,25,,,1,9,,22913,25,,,1,8,,22786,25,,,1,9,,22794,25,,,1,9,,22804,25,,,1,48,,22811,25,,,1,9,,22819,25,,,1,9,,22827,25,,,1,8,,22835,25,,,1,8,,22843,25,,,1,8,,22848,25,,,1,8,,22861,25,,,1,8,,22864,25,,,1,48,,22871,25,,,1,8,,22880,25,,,1,7,,22886,25,,,1,7,,22893,25,,,1,6,,22901,25,,,1,7,,22909,25,,,1,7,,22914,25,,,1,7,,22919,25,,,1,47,,22787,25,,,1,7,,22795,25,,,1,6,,22798,25,,,1,7,,22805,25,,,1,7,,22812,25,,,1,7,,22820,25,,,1,7,,22828,25,,,1,7,,22836,25,,,1,7,,22844,25,,,1,46,,22849,25,,,1,7,,22854,25,,,1,7,,22865,25,,,1,7,,22872,25,,,1,7,,22881,25,,,1,7,,22887,25,,,1,7,,22894,25,,,1,7,,22902,25,,,1,6,,22910,25,,,1,47,,22915,25,,,1,7,,22920,25,,,1,7,,22788,25,,,1,7,,22796,25,,,1,6,,22799,25,,,1,8,,22806,25,,,1,7,,22813,25,,,1,7,,22821,25,,,1,48,,22829,25,,,1,7,,22837,25,,,1,7,,22845,25,,,1,8,,22850,25,,,1,7,,22855,25,,,1,7,,22866,25,,,1,8,,22873,25,,,1,7,,22882,25,,,1,47,,22888,25,,,1,8,,22895,25,,,1,7,,22903,25,,,1,8,,22916,25,,,1,8,,22921,25,,,1,7,,22789,25,,,1,8,,22797,25,,,1,8,,22800,25,,,1,47,,22807,25,,,1,8,,22814,25,,,1,8,,22822,25,,,1,8,,22830,25,,,1,7,,22838,25,,,1,8,,22851,25,,,1,8,,22856,25,,,1,8,,22867,25,,,1,48,,22874,25,,,1,8,,22883,25,,,1,7,,22889,25,,,1,9,,22896,25,,,1,8,,22904,25,,,1,8,,22917,25,,,1,9,,22922,25,,,1,48,,22790,25,,,1,9,,22801,25,,,1,8,,22808,25,,,1,9,,22815,25,,,1,9,,22823,25,,,1,8,,22831,25,,,1,9,,22839,25,,,1,49,,22852,25,,,1,9,,22857,25,,,1,9,,22868,25,,,1,10,,22875,25,,,1,10,,22884,25,,,1,10,,22897,25,,,1,49,,22905,25,,,1,10,,22918,25,,,1,10,,22923,25,,,1,10,,22791,25,,,1,10,,22802,25,,,1,10,,22816,25,,,1,50,,22824,25,,,1,10,,22832,25,,,1,10,,22840,25,,,1,10,,22853,25,,,1,10,,22858,25,,,1,10,,22869,25,,,1,50,,22876,25,,,1,14,,22885,25,,,1
201,'GLOBAUX-01-F2',601,,23017,25,,,1,9,,23030,25,,,1,9,,23038,25,,,1,10,,23046,25,,,1,9,,23051,25,,,1,9,,22924,25,,,1,10,,22932,25,,,1,49,,22949,25,,,1,9,,22957,25,,,1,10,,22965,25,,,1,9,,22973,25,,,1,10,,22981,25,,,1,9,,22986,25,,,1,49,,22999,25,,,1,10,,23002,25,,,1,9,,23018,25,,,1,10,,23031,25,,,1,9,,23039,25,,,1,9,,23047,25,,,1,10,,23052,25,,,1,49,,22925,25,,,1,9,,22933,25,,,1,9,,22943,25,,,1,8,,22950,25,,,1,9,,22958,25,,,1,9,,22966,25,,,1,49,,22974,25,,,1,8,,22982,25,,,1,9,,22987,25,,,1,9,,23000,25,,,1,8,,23003,25,,,1,9,,23010,25,,,1,8,,23019,25,,,1,49,,23032,25,,,1,9,,23040,25,,,1,8,,23048,25,,,1,9,,23053,25,,,1,8,,22926,25,,,1,9,,22934,25,,,1,9,,22944,25,,,1,48,,22951,25,,,1,9,,22959,25,,,1,9,,22967,25,,,1,8,,22975,25,,,1,8,,22983,25,,,1,8,,22988,25,,,1,8,,23001,25,,,1,8,,23004,25,,,1,48,,23011,25,,,1,8,,23020,25,,,1,7,,23026,25,,,1,7,,23033,25,,,1,6,,23041,25,,,1,7,,23049,25,,,1,7,,23054,25,,,1,7,,23059,25,,,1,47,,22927,25,,,1,7,,22935,25,,,1,6,,22938,25,,,1,7,,22945,25,,,1,7,,22952,25,,,1,7,,22960,25,,,1,7,,22968,25,,,1,7,,22976,25,,,1,7,,22984,25,,,1,46,,22989,25,,,1,7,,22994,25,,,1,7,,23005,25,,,1,7,,23012,25,,,1,7,,23021,25,,,1,7,,23027,25,,,1,7,,23034,25,,,1,7,,23042,25,,,1,6,,23050,25,,,1,47,,23055,25,,,1,7,,23060,25,,,1,7,,22928,25,,,1,7,,22936,25,,,1,6,,22939,25,,,1,8,,22946,25,,,1,7,,22953,25,,,1,7,,22961,25,,,1,48,,22969,25,,,1,7,,22977,25,,,1,7,,22985,25,,,1,8,,22990,25,,,1,7,,22995,25,,,1,7,,23006,25,,,1,8,,23013,25,,,1,7,,23022,25,,,1,47,,23028,25,,,1,8,,23035,25,,,1,7,,23043,25,,,1,8,,23056,25,,,1,8,,23061,25,,,1,7,,22929,25,,,1,8,,22937,25,,,1,8,,22940,25,,,1,47,,22947,25,,,1,8,,22954,25,,,1,8,,22962,25,,,1,8,,22970,25,,,1,7,,22978,25,,,1,8,,22991,25,,,1,8,,22996,25,,,1,8,,23007,25,,,1,48,,23014,25,,,1,8,,23023,25,,,1,7,,23029,25,,,1,9,,23036,25,,,1,8,,23044,25,,,1,8,,23057,25,,,1,9,,23062,25,,,1,48,,22930,25,,,1,9,,22941,25,,,1,8,,22948,25,,,1,9,,22955,25,,,1,9,,22963,25,,,1,8,,22971,25,,,1,9,,22979,25,,,1,49,,22992,25,,,1,9,,22997,25,,,1,9,,23008,25,,,1,10,,23015,25,,,1,10,,23024,25,,,1,10,,23037,25,,,1,49,,23045,25,,,1,10,,23058,25,,,1,10,,23063,25,,,1,10,,22931,25,,,1,10,,22942,25,,,1,10,,22956,25,,,1,50,,22964,25,,,1,10,,22972,25,,,1,10,,22980,25,,,1,10,,22993,25,,,1,10,,22998,25,,,1,10,,23009,25,,,1,50,,23016,25,,,1,14,,23025,25,,,1
201,'GLOBAUX-01-I',601,,23157,25,,,1,9,,23170,25,,,1,9,,23178,25,,,1,10,,23186,25,,,1,9,,23191,25,,,1,9,,23064,25,,,1,10,,23072,25,,,1,49,,23089,25,,,1,9,,23097,25,,,1,10,,23105,25,,,1,9,,23113,25,,,1,10,,23121,25,,,1,9,,23126,25,,,1,49,,23139,25,,,1,10,,23142,25,,,1,9,,23158,25,,,1,10,,23171,25,,,1,9,,23179,25,,,1,9,,23187,25,,,1,10,,23192,25,,,1,49,,23065,25,,,1,9,,23073,25,,,1,9,,23083,25,,,1,8,,23090,25,,,1,9,,23098,25,,,1,9,,23106,25,,,1,49,,23114,25,,,1,8,,23122,25,,,1,9,,23127,25,,,1,9,,23140,25,,,1,8,,23143,25,,,1,9,,23150,25,,,1,8,,23159,25,,,1,49,,23172,25,,,1,9,,23180,25,,,1,8,,23188,25,,,1,9,,23193,25,,,1,8,,23066,25,,,1,9,,23074,25,,,1,9,,23084,25,,,1,48,,23091,25,,,1,9,,23099,25,,,1,9,,23107,25,,,1,8,,23115,25,,,1,8,,23123,25,,,1,8,,23128,25,,,1,8,,23141,25,,,1,8,,23144,25,,,1,48,,23151,25,,,1,8,,23160,25,,,1,7,,23166,25,,,1,7,,23173,25,,,1,6,,23181,25,,,1,7,,23189,25,,,1,7,,23194,25,,,1,7,,23199,25,,,1,47,,23067,25,,,1,7,,23075,25,,,1,6,,23078,25,,,1,7,,23085,25,,,1,7,,23092,25,,,1,7,,23100,25,,,1,7,,23108,25,,,1,7,,23116,25,,,1,7,,23124,25,,,1,46,,23129,25,,,1,7,,23134,25,,,1,7,,23145,25,,,1,7,,23152,25,,,1,7,,23161,25,,,1,7,,23167,25,,,1,7,,23174,25,,,1,7,,23182,25,,,1,6,,23190,25,,,1,47,,23195,25,,,1,7,,23200,25,,,1,7,,23068,25,,,1,7,,23076,25,,,1,6,,23079,25,,,1,8,,23086,25,,,1,7,,23093,25,,,1,7,,23101,25,,,1,48,,23109,25,,,1,7,,23117,25,,,1,7,,23125,25,,,1,8,,23130,25,,,1,7,,23135,25,,,1,7,,23146,25,,,1,8,,23153,25,,,1,7,,23162,25,,,1,47,,23168,25,,,1,8,,23175,25,,,1,7,,23183,25,,,1,8,,23196,25,,,1,8,,23201,25,,,1,7,,23069,25,,,1,8,,23077,25,,,1,8,,23080,25,,,1,47,,23087,25,,,1,8,,23094,25,,,1,8,,23102,25,,,1,8,,23110,25,,,1,7,,23118,25,,,1,8,,23131,25,,,1,8,,23136,25,,,1,8,,23147,25,,,1,48,,23154,25,,,1,8,,23163,25,,,1,7,,23169,25,,,1,9,,23176,25,,,1,8,,23184,25,,,1,8,,23197,25,,,1,9,,23202,25,,,1,48,,23070,25,,,1,9,,23081,25,,,1,8,,23088,25,,,1,9,,23095,25,,,1,9,,23103,25,,,1,8,,23111,25,,,1,9,,23119,25,,,1,49,,23132,25,,,1,9,,23137,25,,,1,9,,23148,25,,,1,10,,23155,25,,,1,10,,23164,25,,,1,10,,23177,25,,,1,49,,23185,25,,,1,10,,23198,25,,,1,10,,23203,25,,,1,10,,23071,25,,,1,10,,23082,25,,,1,10,,23096,25,,,1,50,,23104,25,,,1,10,,23112,25,,,1,10,,23120,25,,,1,10,,23133,25,,,1,10,,23138,25,,,1,10,,23149,25,,,1,50,,23156,25,,,1,14,,23165,25,,,1
201,'GLOBAUX-01-S',600,,23391,25,,,1,6,,23405,25,,,1,6,,23411,25,,,1,6,,23418,25,,,1,6,,23424,25,,,1,6,,23204,25,,,1,6,,23206,25,,,1,6,,23224,25,,,1,6,,23226,25,,,1,5,,23238,25,,,1,5,,23243,25,,,1,45,,23251,25,,,1,6,,23276,25,,,1,4,,23277,25,,,1,4,,23279,25,,,1,4,,23288,25,,,1,4,,23297,25,,,1,4,,23305,25,,,1,3,,23308,25,,,1,4,,23313,25,,,1,4,,23322,25,,,1,3,,23327,25,,,1,3,,23331,25,,,1,3,,23339,25,,,1,3,,23344,25,,,1,3,,23346,25,,,1,3,,23351,25,,,1,43,,23366,25,,,1,3,,23375,22,,,1,3,,23383,25,,,1,3,,23384,25,,,1,3,,23385,22,,,1,3,,23390,25,,,1,3,,23392,25,,,1,3,,23394,25,,,1,3,,23401,22,,,1,3,,23406,25,,,1,3,,23412,25,,,1,3,,23417,25,,,1,3,,23419,25,,,1,2,,23425,25,,,1,3,,23434,25,,,1,3,,23442,22,,,1,3,,23205,25,,,1,3,,23207,25,,,1,2,,23216,25,,,1,3,,23225,25,,,1,3,,23227,25,,,1,43,,23234,22,,,1,3,,23235,25,,,1,3,,23239,25,,,1,2,,23244,25,,,1,3,,23252,25,,,1,3,,23259,25,,,1,3,,23260,25,,,1,3,,23271,25,,,1,3,,23278,25,,,1,4,,23280,25,,,1,3,,23289,25,,,1,3,,23298,25,,,1,4,,23306,25,,,1,3,,23309,25,,,1,4,,23314,25,,,1,4,,23318,25,,,1,3,,23323,25,,,1,4,,23328,25,,,1,44,,23332,25,,,1,4,,23340,25,,,1,5,,23345,25,,,1,5,,23352,25,,,1,5,,23367,25,,,1,5,,23376,25,,,1,5,,23386,25,,,1,5,,23395,25,,,1,5,,23407,25,,,1,6,,23413,25,,,1,6,,23426,25,,,1,6,,23435,25,,,1,46,,23208,25,,,1,6,,23217,25,,,1,6,,23228,25,,,1,6,,23240,25,,,1,6,,23253,25,,,1,6,,23261,25,,,1,6,,23272,25,,,1,6,,23281,25,,,1,7,,23290,25,,,1,6,,23299,25,,,1,46,,23310,25,,,1,6,,23319,25,,,1,6,,23324,25,,,1,6,,23333,25,,,1,6,,23341,25,,,1,6,,23353,25,,,1,6,,23368,25,,,1,6,,23377,25,,,1,6,,23387,25,,,1,6,,23396,25,,,1,46,,23408,25,,,1,6,,23414,25,,,1,6,,23427,25,,,1,6,,23436,25,,,1,6,,23209,25,,,1,6,,23218,25,,,1,6,,23229,25,,,1,6,,23241,25,,,1,6,,23254,25,,,1,6,,23262,25,,,1,46,,23273,25,,,1,6,,23282,25,,,1,6,,23291,25,,,1,6,,23300,25,,,1,6,,23311,25,,,1,6,,23320,25,,,1,6,,23325,25,,,1,6,,23334,25,,,1,6,,23342,25,,,1,6,,23354,25,,,1,46,,23369,25,,,1,6,,23378,25,,,1,6,,23388,25,,,1,6,,23397,25,,,1,6,,23409,25,,,1,5,,23415,25,,,1,5,,23428,25,,,1,5,,23437,25,,,1,5,,23210,25,,,1,5,,23212,25,,,1,5,,23219,25,,,1,44,,23230,25,,,1,4,,23236,25,,,1,3,,23242,25,,,1,4,,23248,25,,,1,3,,23255,25,,,1,3,,23263,25,,,1,3,,23267,25,,,1,4,,23274,25,,,1,3,,23283,25,,,1,3,,23284,25,,,1,3,,23292,25,,,1,4,,23296,25,,,1,3,,23301,25,,,1,3,,23307,25,,,1,3,,23312,25,,,1,4,,23315,25,,,1,3,,23321,25,,,1,3,,23326,25,,,1,43,,23329,25,,,1,3,,23335,25,,,1,4,,23343,25,,,1,3,,23347,25,,,1,3,,23355,25,,,1,3,,23358,25,,,1,3,,23362,25,,,1,4,,23370,25,,,1,3,,23374,25,,,1,3,,23379,25,,,1,3,,23389,25,,,1,3,,23393,25,,,1,3,,23398,25,,,1,4,,23402,25,,,1,3,,23410,25,,,1,3,,23416,25,,,1,3,,23420,25,,,1,3,,23429,25,,,1,44,,23430,25,,,1,3,,23438,25,,,1,4,,23211,25,,,1,4,,23213,25,,,1,3,,23220,25,,,1,4,,23231,25,,,1,4,,23237,25,,,1,4,,23245,25,,,1,4,,23249,25,,,1,4,,23256,25,,,1,5,,23264,25,,,1,4,,23268,25,,,1,5,,23275,25,,,1,5,,23285,25,,,1,4,,23293,25,,,1,45,,23302,25,,,1,5,,23316,25,,,1,5,,23330,25,,,1,5,,23336,25,,,1,5,,23348,25,,,1,5,,23356,25,,,1,5,,23359,25,,,1,5,,23363,25,,,1,6,,23371,25,,,1,6,,23380,25,,,1,6,,23399,25,,,1,46,,23403,25,,,1,6,,23421,25,,,1,6,,23431,25,,,1,6,,23439,25,,,1,6,,23214,25,,,1,6,,23221,25,,,1,6,,23232,25,,,1,6,,23246,25,,,1,6,,23250,25,,,1,6,,23257,25,,,1,46,,23265,25,,,1,6,,23269,25,,,1,6,,23286,25,,,1,6,,23294,25,,,1,6,,23303,25,,,1,6,,23317,25,,,1,6,,23337,25,,,1,6,,23349,25,,,1,6,,23357,25,,,1,6,,23360,25,,,1,46,,23364,25,,,1,6,,23372,25,,,1,6,,23381,25,,,1,6,,23400,25,,,1,6,,23404,25,,,1,6,,23422,25,,,1,6,,23432,25,,,1,6,,23440,25,,,1,6,,23215,25,,,1,6,,23222,25,,,1,46,,23233,25,,,1,7,,23247,25,,,1,7,,23258,25,,,1,7,,23266,25,,,1,7,,23270,25,,,1,7,,23287,25,,,1,7,,23295,25,,,1,7,,23304,25,,,1,7,,23338,25,,,1,48,,23350,25,,,1,8,,23361,25,,,1,7,,23365,25,,,1,8,,23373,25,,,1,8,,23382,25,,,1,8,,23423,25,,,1,9,,23433,25,,,1,48,,23441,25,,,1,12,,23223,25,,,1
