200,'GLOBAUX-01-A',555,,21847,18,,,1,49,,21851,18,,,1,10,,21872,18,,,1,10,,21881,18,,,1,10,,21890,18,,,1,10,,21905,18,,,1,9,,21919,18,,,1,50,,21927,18,,,1,10,,21933,18,,,1,10,,21941,18,,,1,10,,21952,18,,,1,10,,21960,18,,,1,9,,21811,18,,,1,49,,21825,18,,,1,9,,21839,18,,,1,9,,21848,18,,,1,9,,21852,18,,,1,9,,21860,18,,,1,8,,21873,18,,,1,9,,21882,18,,,1,49,,21891,18,,,1,8,,21898,18,,,1,9,,21906,18,,,1,8,,21913,18,,,1,9,,21920,18,,,1,8,,21934,18,,,1,9,,21942,18,,,1,48,,21953,18,,,1,9,,21961,18,,,1,8,,21812,18,,,1,9,,21826,18,,,1,8,,21840,18,,,1,9,,21849,18,,,1,8,,21853,18,,,1,49,,21861,18,,,1,8,,21874,18,,,1,9,,21883,18,,,1,8,,21892,18,,,1,8,,21899,18,,,1,7,,21907,18,,,1,8,,21914,18,,,1,8,,21921,18,,,1,48,,21935,18,,,1,7,,21943,18,,,1,8,,21954,18,,,1,8,,21962,18,,,1,7,,21813,18,,,1,8,,21819,18,,,1,7,,21827,18,,,1,8,,21841,18,,,1,47,,21850,18,,,1,7,,21854,18,,,1,7,,21862,18,,,1,8,,21866,18,,,1,7,,21875,18,,,1,6,,21884,18,,,1,7,,21893,18,,,1,6,,21900,18,,,1,47,,21908,18,,,1,6,,21915,18,,,1,7,,21922,18,,,1,6,,21928,18,,,1,6,,21936,18,,,1,7,,21944,18,,,1,6,,21947,18,,,1,7,,21955,18,,,1,6,,21963,18,,,1,7,,21814,18,,,1,46,,21820,18,,,1,7,,21828,18,,,1,6,,21833,18,,,1,6,,21842,18,,,1,7,,21855,18,,,1,7,,21863,18,,,1,6,,21867,18,,,1,6,,21876,18,,,1,7,,21885,18,,,1,46,,21894,18,,,1,7,,21901,18,,,1,6,,21909,18,,,1,7,,21916,18,,,1,6,,21923,18,,,1,7,,21929,18,,,1,6,,21937,18,,,1,7,,21945,18,,,1,6,,21948,18,,,1,46,,21956,18,,,1,7,,21964,18,,,1,6,,21815,18,,,1,7,,21821,18,,,1,6,,21829,18,,,1,6,,21834,18,,,1,7,,21843,18,,,1,6,,21856,18,,,1,7,,21864,18,,,1,6,,21868,18,,,1,46,,21877,18,,,1,6,,21886,18,,,1,7,,21895,18,,,1,6,,21902,18,,,1,7,,21910,18,,,1,6,,21917,18,,,1,6,,21924,18,,,1,7,,21930,18,,,1,6,,21938,18,,,1,46,,21946,18,,,1,7,,21949,18,,,1,6,,21957,18,,,1,6,,21965,18,,,1,7,,21816,18,,,1,6,,21822,18,,,1,6,,21830,18,,,1,7,,21835,18,,,1,6,,21844,18,,,1,48,,21857,18,,,1,7,,21865,18,,,1,7,,21869,18,,,1,8,,21878,18,,,1,7,,21887,18,,,1,8,,21896,18,,,1,7,,21903,18,,,1,7,,21911,18,,,1,48,,21918,18,,,1,7,,21925,18,,,1,8,,21931,18,,,1,7,,21939,18,,,1,7,,21950,18,,,1,8,,21958,18,,,1,8,,21817,18,,,1,7,,21823,18,,,1,48,,21831,18,,,1,8,,21836,18,,,1,8,,21845,18,,,1,8,,21858,18,,,1,9,,21870,18,,,1,9,,21879,18,,,1,9,,21888,18,,,1,49,,21897,18,,,1,9,,21904,18,,,1,9,,21912,18,,,1,9,,21926,18,,,1,10,,21932,18,,,1,9,,21940,18,,,1,10,,21951,18,,,1,49,,21959,18,,,1,10,,21818,18,,,1,10,,21832,18,,,1,10,,21837,18,,,1,10,,21846,18,,,1,10,,21859,18,,,1,50,,21871,18,,,1,10,,21880,18,,,1,13,,21889,18,,,1
200,'GLOBAUX-01-F1',554,,22001,18,,,1,50,,22009,18,,,1,9,,22017,18,,,1,9,,22025,18,,,1,9,,22031,18,,,1,10,,22043,18,,,1,9,,22047,18,,,1,9,,22062,18,,,1,50,,22074,18,,,1,9,,22082,18,,,1,9,,22090,18,,,1,9,,22095,18,,,1,10,,21966,18,,,1,9,,21975,18,,,1,49,,21993,18,,,1,9,,22002,18,,,1,10,,22010,18,,,1,9,,22018,18,,,1,9,,22026,18,,,1,10,,22032,18,,,1,49,,22044,18,,,1,9,,22048,18,,,1,9,,22055,18,,,1,8,,22063,18,,,1,9,,22075,18,,,1,8,,22083,18,,,1,9,,22091,18,,,1,49,,22096,18,,,1,8,,21967,18,,,1,9,,21976,18,,,1,8,,21986,18,,,1,9,,21994,18,,,1,9,,22003,18,,,1,8,,22011,18,,,1,49,,22019,18,,,1,8,,22027,18,,,1,9,,22033,18,,,1,8,,22045,18,,,1,9,,22049,18,,,1,9,,22056,18,,,1,8,,22064,18,,,1,49,,22076,18,,,1,9,,22084,18,,,1,8,,22092,18,,,1,9,,22097,18,,,1,8,,21968,18,,,1,9,,21977,18,,,1,8,,21987,18,,,1,48,,21995,18,,,1,7,,22004,18,,,1,8,,22012,18,,,1,8,,22020,18,,,1,8,,22028,18,,,1,8,,22034,18,,,1,8,,22046,18,,,1,8,,22050,18,,,1,48,,22057,18,,,1,8,,22065,18,,,1,8,,22070,18,,,1,7,,22077,18,,,1,7,,22085,18,,,1,7,,22093,18,,,1,6,,22098,18,,,1,7,,22103,18,,,1,47,,21969,18,,,1,7,,21978,18,,,1,7,,21981,18,,,1,7,,21988,18,,,1,7,,21996,18,,,1,6,,22005,18,,,1,7,,22013,18,,,1,7,,22021,18,,,1,7,,22029,18,,,1,47,,22035,18,,,1,7,,22039,18,,,1,7,,22051,18,,,1,6,,22058,18,,,1,7,,22066,18,,,1,7,,22071,18,,,1,7,,22078,18,,,1,7,,22086,18,,,1,7,,22094,18,,,1,46,,22099,18,,,1,7,,22104,18,,,1,7,,21970,18,,,1,7,,21979,18,,,1,7,,21982,18,,,1,7,,21989,18,,,1,6,,21997,18,,,1,8,,22006,18,,,1,7,,22014,18,,,1,47,,22022,18,,,1,8,,22030,18,,,1,7,,22036,18,,,1,7,,22040,18,,,1,8,,22052,18,,,1,7,,22059,18,,,1,7,,22067,18,,,1,8,,22072,18,,,1,47,,22079,18,,,1,8,,22087,18,,,1,7,,22100,18,,,1,8,,22105,18,,,1,8,,21971,18,,,1,8,,21980,18,,,1,8,,21983,18,,,1,7,,21990,18,,,1,48,,21998,18,,,1,8,,22007,18,,,1,8,,22015,18,,,1,8,,22023,18,,,1,8,,22037,18,,,1,8,,22041,18,,,1,8,,22053,18,,,1,48,,22060,18,,,1,8,,22068,18,,,1,8,,22073,18,,,1,8,,22080,18,,,1,8,,22088,18,,,1,8,,22101,18,,,1,9,,22106,18,,,1,49,,21972,18,,,1,8,,21984,18,,,1,9,,21991,18,,,1,8,,21999,18,,,1,9,,22008,18,,,1,10,,22016,18,,,1,10,,22024,18,,,1,50,,22038,18,,,1,10,,22042,18,,,1,10,,22054,18,,,1,10,,22061,18,,,1,10,,22069,18,,,1,10,,22081,18,,,1,50,,22089,18,,,1,10,,22102,18,,,1,10,,22107,18,,,1,10,,21973,18,,,1,10,,21985,18,,,1,13,,22000,18,,,1
200,'GLOBAUX-01-F2',554,,22143,18,,,1,50,,22151,18,,,1,9,,22159,18,,,1,9,,22167,18,,,1,9,,22173,18,,,1,10,,22185,18,,,1,9,,22189,18,,,1,9,,22204,18,,,1,50,,22216,18,,,1,9,,22224,18,,,1,9,,22232,18,,,1,9,,22237,18,,,1,10,,22108,18,,,1,9,,22117,18,,,1,49,,22135,18,,,1,9,,22144,18,,,1,10,,22152,18,,,1,9,,22160,18,,,1,9,,22168,18,,,1,10,,22174,18,,,1,49,,22186,18,,,1,9,,22190,18,,,1,9,,22197,18,,,1,8,,22205,18,,,1,9,,22217,18,,,1,8,,22225,18,,,1,9,,22233,18,,,1,49,,22238,18,,,1,8,,22109,18,,,1,9,,22118,18,,,1,8,,22128,18,,,1,9,,22136,18,,,1,9,,22145,18,,,1,8,,22153,18,,,1,49,,22161,18,,,1,8,,22169,18,,,1,9,,22175,18,,,1,8,,22187,18,,,1,9,,22191,18,,,1,9,,22198,18,,,1,8,,22206,18,,,1,49,,22218,18,,,1,9,,22226,18,,,1,8,,22234,18,,,1,9,,22239,18,,,1,8,,22110,18,,,1,9,,22119,18,,,1,8,,22129,18,,,1,48,,22137,18,,,1,7,,22146,18,,,1,8,,22154,18,,,1,8,,22162,18,,,1,8,,22170,18,,,1,8,,22176,18,,,1,8,,22188,18,,,1,8,,22192,18,,,1,48,,22199,18,,,1,8,,22207,18,,,1,8,,22212,18,,,1,7,,22219,18,,,1,7,,22227,18,,,1,7,,22235,18,,,1,6,,22240,18,,,1,7,,22245,18,,,1,47,,22111,18,,,1,7,,22120,18,,,1,7,,22123,18,,,1,7,,22130,18,,,1,7,,22138,18,,,1,6,,22147,18,,,1,7,,22155,18,,,1,7,,22163,18,,,1,7,,22171,18,,,1,47,,22177,18,,,1,7,,22181,18,,,1,7,,22193,18,,,1,6,,22200,18,,,1,7,,22208,18,,,1,7,,22213,18,,,1,7,,22220,18,,,1,7,,22228,18,,,1,7,,22236,18,,,1,46,,22241,18,,,1,7,,22246,18,,,1,7,,22112,18,,,1,7,,22121,18,,,1,7,,22124,18,,,1,7,,22131,18,,,1,6,,22139,18,,,1,8,,22148,18,,,1,7,,22156,18,,,1,47,,22164,18,,,1,8,,22172,18,,,1,7,,22178,18,,,1,7,,22182,18,,,1,8,,22194,18,,,1,7,,22201,18,,,1,7,,22209,18,,,1,8,,22214,18,,,1,47,,22221,18,,,1,8,,22229,18,,,1,7,,22242,18,,,1,8,,22247,18,,,1,8,,22113,18,,,1,8,,22122,18,,,1,8,,22125,18,,,1,7,,22132,18,,,1,48,,22140,18,,,1,8,,22149,18,,,1,8,,22157,18,,,1,8,,22165,18,,,1,8,,22179,18,,,1,8,,22183,18,,,1,8,,22195,18,,,1,48,,22202,18,,,1,8,,22210,18,,,1,8,,22215,18,,,1,8,,22222,18,,,1,8,,22230,18,,,1,8,,22243,18,,,1,9,,22248,18,,,1,49,,22114,18,,,1,8,,22126,18,,,1,9,,22133,18,,,1,8,,22141,18,,,1,9,,22150,18,,,1,10,,22158,18,,,1,10,,22166,18,,,1,50,,22180,18,,,1,10,,22184,18,,,1,10,,22196,18,,,1,10,,22203,18,,,1,10,,22211,18,,,1,10,,22223,18,,,1,50,,22231,18,,,1,10,,22244,18,,,1,10,,22249,18,,,1,10,,22115,18,,,1,10,,22127,18,,,1,13,,22142,18,,,1
200,'GLOBAUX-01-I',554,,22285,18,,,1,50,,22293,18,,,1,9,,22301,18,,,1,9,,22309,18,,,1,9,,22315,18,,,1,10,,22327,18,,,1,9,,22331,18,,,1,9,,22346,18,,,1,50,,22358,18,,,1,9,,22366,18,,,1,9,,22374,18,,,1,9,,22379,18,,,1,10,,22250,18,,,1,9,,22259,18,,,1,49,,22277,18,,,1,9,,22286,18,,,1,10,,22294,18,,,1,9,,22302,18,,,1,9,,22310,18,,,1,10,,22316,18,,,1,49,,22328,18,,,1,9,,22332,18,,,1,9,,22339,18,,,1,8,,22347,18,,,1,9,,22359,18,,,1,8,,22367,18,,,1,9,,22375,18,,,1,49,,22380,18,,,1,8,,22251,18,,,1,9,,22260,18,,,1,8,,22270,18,,,1,9,,22278,18,,,1,9,,22287,18,,,1,8,,22295,18,,,1,49,,22303,18,,,1,8,,22311,18,,,1,9,,22317,18,,,1,8,,22329,18,,,1,9,,22333,18,,,1,9,,22340,18,,,1,8,,22348,18,,,1,49,,22360,18,,,1,9,,22368,18,,,1,8,,22376,18,,,1,9,,22381,18,,,1,8,,22252,18,,,1,9,,22261,18,,,1,8,,22271,18,,,1,48,,22279,18,,,1,7,,22288,18,,,1,8,,22296,18,,,1,8,,22304,18,,,1,8,,22312,18,,,1,8,,22318,18,,,1,8,,22330,18,,,1,8,,22334,18,,,1,48,,22341,18,,,1,8,,22349,18,,,1,8,,22354,18,,,1,7,,22361,18,,,1,7,,22369,18,,,1,7,,22377,18,,,1,6,,22382,18,,,1,7,,22387,18,,,1,47,,22253,18,,,1,7,,22262,18,,,1,7,,22265,18,,,1,7,,22272,18,,,1,7,,22280,18,,,1,6,,22289,18,,,1,7,,22297,18,,,1,7,,22305,18,,,1,7,,22313,18,,,1,47,,22319,18,,,1,7,,22323,18,,,1,7,,22335,18,,,1,6,,22342,18,,,1,7,,22350,18,,,1,7,,22355,18,,,1,7,,22362,18,,,1,7,,22370,18,,,1,7,,22378,18,,,1,46,,22383,18,,,1,7,,22388,18,,,1,7,,22254,18,,,1,7,,22263,18,,,1,7,,22266,18,,,1,7,,22273,18,,,1,6,,22281,18,,,1,8,,22290,18,,,1,7,,22298,18,,,1,47,,22306,18,,,1,8,,22314,18,,,1,7,,22320,18,,,1,7,,22324,18,,,1,8,,22336,18,,,1,7,,22343,18,,,1,7,,22351,18,,,1,8,,22356,18,,,1,47,,22363,18,,,1,8,,22371,18,,,1,7,,22384,18,,,1,8,,22389,18,,,1,8,,22255,18,,,1,8,,22264,18,,,1,8,,22267,18,,,1,7,,22274,18,,,1,48,,22282,18,,,1,8,,22291,18,,,1,8,,22299,18,,,1,8,,22307,18,,,1,8,,22321,18,,,1,8,,22325,18,,,1,8,,22337,18,,,1,48,,22344,18,,,1,8,,22352,18,,,1,8,,22357,18,,,1,8,,22364,18,,,1,8,,22372,18,,,1,8,,22385,18,,,1,9,,22390,18,,,1,49,,22256,18,,,1,8,,22268,18,,,1,9,,22275,18,,,1,8,,22283,18,,,1,9,,22292,18,,,1,10,,22300,18,,,1,10,,22308,18,,,1,50,,22322,18,,,1,10,,22326,18,,,1,10,,22338,18,,,1,10,,22345,18,,,1,10,,22353,18,,,1,10,,22365,18,,,1,50,,22373,18,,,1,10,,22386,18,,,1,10,,22391,18,,,1,10,,22257,18,,,1,10,,22269,18,,,1,13,,22284,18,,,1
200,'GLOBAUX-01-S',554,,22463,18,,,1,46,,22473,18,,,1,6,,22483,18,,,1,6,,22498,18,,,1,6,,22509,18,,,1,6,,22518,18,,,1,6,,22532,18,,,1,6,,22534,18,,,1,5,,22554,18,,,1,5,,22571,18,,,1,5,,22573,18,,,1,5,,22580,18,,,1,45,,22582,18,,,1,4,,22594,18,,,1,4,,22600,18,,,1,4,,22606,18,,,1,4,,22607,18,,,1,4,,22613,18,,,1,3,,22622,18,,,1,4,,22392,18,,,1,3,,22393,18,,,1,4,,22403,18,,,1,3,,22411,18,,,1,4,,22412,18,,,1,3,,22421,18,,,1,4,,22423,18,,,1,3,,22428,18,,,1,4,,22436,18,,,1,3,,22444,18,,,1,43,,22456,18,,,1,3,,22461,18,,,1,4,,22462,18,,,1,3,,22464,18,,,1,3,,22474,18,,,1,3,,22484,18,,,1,4,,22492,18,,,1,3,,22494,18,,,1,3,,22499,18,,,1,4,,22504,18,,,1,3,,22510,18,,,1,3,,22515,18,,,1,3,,22519,18,,,1,3,,22527,18,,,1,4,,22533,18,,,1,3,,22535,18,,,1,3,,22540,18,,,1,3,,22555,18,,,1,44,,22564,18,,,1,3,,22572,18,,,1,4,,22574,18,,,1,3,,22575,18,,,1,4,,22583,18,,,1,4,,22590,18,,,1,4,,22595,18,,,1,3,,22601,18,,,1,4,,22608,18,,,1,4,,22614,18,,,1,4,,22623,18,,,1,3,,22630,18,,,1,4,,22394,18,,,1,4,,22404,18,,,1,4,,22413,18,,,1,4,,22420,18,,,1,44,,22424,18,,,1,5,,22437,18,,,1,5,,22445,18,,,1,5,,22457,18,,,1,6,,22465,18,,,1,6,,22475,18,,,1,6,,22485,18,,,1,6,,22495,18,,,1,6,,22505,18,,,1,6,,22511,18,,,1,6,,22520,18,,,1,46,,22528,18,,,1,6,,22541,18,,,1,6,,22556,18,,,1,6,,22565,18,,,1,6,,22576,18,,,1,6,,22584,18,,,1,6,,22596,18,,,1,6,,22602,18,,,1,6,,22615,18,,,1,6,,22624,18,,,1,46,,22395,18,,,1,6,,22405,18,,,1,6,,22414,18,,,1,6,,22425,18,,,1,6,,22438,18,,,1,6,,22446,18,,,1,6,,22458,18,,,1,6,,22466,18,,,1,6,,22476,18,,,1,6,,22486,18,,,1,46,,22496,18,,,1,6,,22506,18,,,1,6,,22512,18,,,1,6,,22521,18,,,1,6,,22529,18,,,1,6,,22542,18,,,1,7,,22557,18,,,1,6,,22566,18,,,1,6,,22577,18,,,1,6,,22585,18,,,1,46,,22597,18,,,1,6,,22603,18,,,1,6,,22616,18,,,1,6,,22625,18,,,1,6,,22396,18,,,1,6,,22406,18,,,1,6,,22415,18,,,1,6,,22426,18,,,1,6,,22439,18,,,1,6,,22447,18,,,1,46,,22459,18,,,1,6,,22467,18,,,1,5,,22477,18,,,1,5,,22487,18,,,1,5,,22497,18,,,1,4,,22500,18,,,1,5,,22507,18,,,1,4,,22513,18,,,1,5,,22516,18,,,1,4,,22522,18,,,1,3,,22530,18,,,1,4,,22536,18,,,1,3,,22543,18,,,1,44,,22547,18,,,1,3,,22558,18,,,1,3,,22562,18,,,1,3,,22567,18,,,1,3,,22578,18,,,1,3,,22581,18,,,1,3,,22586,18,,,1,3,,22591,18,,,1,3,,22598,18,,,1,3,,22604,18,,,1,2,,22609,18,,,1,3,,22617,18,,,1,3,,22618,18,,,1,3,,22626,18,,,1,3,,22397,18,,,1,3,,22398,18,,,1,3,,22399,18,,,1,3,,22400,18,,,1,3,,22407,18,,,1,3,,22416,18,,,1,43,,22422,18,,,1,3,,22427,18,0,5,1,3,,22429,18,,,1,2,,22433,18,,,1,3,,22440,18,,,1,3,,22448,18,0,5,1,3,,22449,18,,,1,3,,22453,18,,,1,3,,22460,18,,,1,3,,22468,18,0,5,1,3,,22469,18,,,1,3,,22478,18,,,1,3,,22482,18,0,5,1,3,,22488,18,,,1,2,,22493,18,0,5,1,3,,22501,18,,,1,3,,22508,18,,,1,4,,22514,18,,,1,3,,22517,18,,,1,4,,22523,18,,,1,43,,22531,18,,,1,3,,22537,18,,,1,4,,22544,18,,,1,3,,22548,18,,,1,4,,22551,18,,,1,4,,22559,18,,,1,4,,22563,18,,,1,4,,22568,18,,,1,4,,22579,18,,,1,3,,22587,18,,,1,4,,22592,18,,,1,4,,22599,18,,,1,4,,22605,18,,,1,4,,22610,18,,,1,4,,22619,18,,,1,5,,22627,18,,,1,45,,22401,18,,,1,5,,22408,18,,,1,5,,22417,18,,,1,5,,22430,18,,,1,6,,22434,18,,,1,6,,22441,18,,,1,6,,22450,18,,,1,6,,22454,18,,,1,6,,22470,18,,,1,6,,22479,18,,,1,46,,22489,18,,,1,6,,22502,18,,,1,6,,22524,18,,,1,6,,22538,18,,,1,6,,22545,18,,,1,6,,22549,18,,,1,6,,22552,18,,,1,6,,22560,18,,,1,6,,22569,18,,,1,6,,22588,18,,,1,46,,22593,18,,,1,6,,22611,18,,,1,6,,22620,18,,,1,6,,22628,18,,,1,6,,22402,18,,,1,6,,22409,18,,,1,6,,22418,18,,,1,6,,22431,18,,,1,6,,22435,18,,,1,6,,22442,18,,,1,46,,22451,18,,,1,6,,22455,18,,,1,6,,22471,18,,,1,6,,22480,18,,,1,6,,22490,18,,,1,6,,22503,18,,,1,6,,22525,18,,,1,6,,22539,18,,,1,6,,22546,18,,,1,5,,22550,18,,,1,47,,22553,18,,,1,7,,22561,18,,,1,7,,22570,18,,,1,7,,22589,18,,,1,7,,22612,18,,,1,7,,22621,18,,,1,7,,22629,18,,,1,7,,22410,18,,,1,8,,22419,18,,,1,48,,22432,18,,,1,8,,22443,18,,,1,8,,22452,18,,,1,8,,22472,18,,,1,8,,22481,18,,,1,8,,22491,18,,,1,12,,22526,18,,,1
201,'GLOBAUX-01-A',545,,22741,14,,,1,10,,22748,14,,,1,49,,22757,14,,,1,10,,22769,14,,,1,10,,22778,14,,,1,9,,22631,14,,,1,10,,22645,14,,,1,10,,22658,14,,,1,49,,22666,14,,,1,10,,22669,14,,,1,10,,22688,14,,,1,9,,22696,14,,,1,10,,22704,14,,,1,9,,22712,14,,,1,50,,22719,14,,,1,9,,22727,14,,,1,9,,22733,14,,,1,9,,22749,14,,,1,8,,22758,14,,,1,9,,22770,14,,,1,9,,22779,14,,,1,49,,22632,14,,,1,8,,22646,14,,,1,9,,22659,14,,,1,8,,22667,14,,,1,9,,22670,14,,,1,9,,22677,14,,,1,8,,22689,14,,,1,49,,22697,14,,,1,9,,22705,14,,,1,9,,22713,14,,,1,8,,22720,14,,,1,9,,22728,14,,,1,9,,22734,14,,,1,8,,22750,14,,,1,47,,22759,14,,,1,8,,22771,14,,,1,8,,22780,14,,,1,7,,22633,14,,,1,8,,22640,14,,,1,7,,22647,14,,,1,7,,22660,14,,,1,7,,22668,14,,,1,47,,22671,14,,,1,7,,22678,14,,,1,7,,22682,14,,,1,7,,22690,14,,,1,7,,22698,14,,,1,7,,22706,14,,,1,7,,22714,14,,,1,7,,22721,14,,,1,6,,22729,14,,,1,47,,22735,14,,,1,6,,22742,14,,,1,6,,22751,14,,,1,7,,22760,14,,,1,6,,22763,14,,,1,7,,22772,14,,,1,6,,22781,14,,,1,6,,22634,14,,,1,7,,22641,14,,,1,6,,22648,14,,,1,47,,22653,14,,,1,6,,22661,14,,,1,7,,22672,14,,,1,6,,22679,14,,,1,6,,22683,14,,,1,7,,22691,14,,,1,6,,22699,14,,,1,7,,22707,14,,,1,6,,22715,14,,,1,46,,22722,14,,,1,7,,22730,14,,,1,6,,22736,14,,,1,7,,22743,14,,,1,6,,22752,14,,,1,6,,22761,14,,,1,7,,22764,14,,,1,6,,22773,14,,,1,7,,22782,14,,,1,46,,22635,14,,,1,7,,22642,14,,,1,6,,22649,14,,,1,6,,22654,14,,,1,7,,22662,14,,,1,6,,22673,14,,,1,7,,22680,14,,,1,6,,22684,14,,,1,7,,22692,14,,,1,6,,22700,14,,,1,46,,22708,14,,,1,7,,22716,14,,,1,6,,22723,14,,,1,7,,22731,14,,,1,6,,22737,14,,,1,6,,22744,14,,,1,7,,22753,14,,,1,6,,22762,14,,,1,7,,22765,14,,,1,46,,22774,14,,,1,6,,22783,14,,,1,7,,22636,14,,,1,6,,22643,14,,,1,7,,22650,14,,,1,6,,22655,14,,,1,6,,22663,14,,,1,7,,22674,14,,,1,6,,22681,14,,,1,48,,22685,14,,,1,7,,22693,14,,,1,7,,22701,14,,,1,7,,22709,14,,,1,8,,22717,14,,,1,7,,22724,14,,,1,7,,22732,14,,,1,8,,22738,14,,,1,47,,22745,14,,,1,8,,22754,14,,,1,7,,22766,14,,,1,8,,22775,14,,,1,8,,22637,14,,,1,7,,22644,14,,,1,8,,22651,14,,,1,8,,22656,14,,,1,48,,22664,14,,,1,8,,22675,14,,,1,8,,22686,14,,,1,8,,22694,14,,,1,8,,22702,14,,,1,8,,22710,14,,,1,9,,22718,14,,,1,49,,22725,14,,,1,10,,22739,14,,,1,9,,22746,14,,,1,10,,22755,14,,,1,9,,22767,14,,,1,9,,22776,14,,,1,10,,22638,14,,,1,49,,22652,14,,,1,10,,22657,14,,,1,9,,22665,14,,,1,10,,22676,14,,,1,10,,22687,14,,,1,10,,22695,14,,,1,49,,22703,14,,,1,10,,22711,14,,,1,10,,22726,14,,,1,10,,22740,14,,,1,10,,22747,14,,,1,10,,22756,14,,,1,50,,22768,14,,,1,10,,22777,14,,,1,14,,22639,14,,,1
201,'GLOBAUX-01-F1',545,,22877,14,,,1,9,,22890,14,,,1,50,,22898,14,,,1,9,,22906,14,,,1,9,,22911,14,,,1,10,,22784,14,,,1,9,,22792,14,,,1,9,,22809,14,,,1,50,,22817,14,,,1,9,,22825,14,,,1,9,,22833,14,,,1,10,,22841,14,,,1,9,,22846,14,,,1,9,,22859,14,,,1,10,,22862,14,,,1,49,,22878,14,,,1,10,,22891,14,,,1,9,,22899,14,,,1,9,,22907,14,,,1,10,,22912,14,,,1,9,,22785,14,,,1,49,,22793,14,,,1,9,,22803,14,,,1,8,,22810,14,,,1,9,,22818,14,,,1,9,,22826,14,,,1,9,,22834,14,,,1,8,,22842,14,,,1,49,,22847,14,,,1,8,,22860,14,,,1,9,,22863,14,,,1,9,,22870,14,,,1,8,,22879,14,,,1,9,,22892,14,,,1,8,,22900,14,,,1,49,,22908,14,,,1,9,,22913,14,,,1,8,,22786,14,,,1,9,,22794,14,,,1,8,,22804,14,,,1,9,,22811,14,,,1,9,,22819,14,,,1,48,,22827,14,,,1,9,,22835,14,,,1,8,,22843,14,,,1,8,,22848,14,,,1,8,,22861,14,,,1,8,,22864,14,,,1,8,,22871,14,,,1,8,,22880,14,,,1,46,,22886,14,,,1,7,,22893,14,,,1,7,,22901,14,,,1,7,,22909,14,,,1,7,,22914,14,,,1,7,,22919,14,,,1,6,,22787,14,,,1,7,,22795,14,,,1,47,,22798,14,,,1,7,,22805,14,,,1,7,,22812,14,,,1,7,,22820,14,,,1,6,,22828,14,,,1,7,,22836,14,,,1,7,,22844,14,,,1,7,,22849,14,,,1,7,,22854,14,,,1,47,,22865,14,,,1,6,,22872,14,,,1,7,,22881,14,,,1,7,,22887,14,,,1,7,,22894,14,,,1,7,,22902,14,,,1,7,,22910,14,,,1,7,,22915,14,,,1,6,,22920,14,,,1,47,,22788,14,,,1,7,,22796,14,,,1,7,,22799,14,,,1,7,,22806,14,,,1,7,,22813,14,,,1,8,,22821,14,,,1,7,,22829,14,,,1,7,,22837,14,,,1,48,,22845,14,,,1,7,,22850,14,,,1,7,,22855,14,,,1,8,,22866,14,,,1,7,,22873,14,,,1,7,,22882,14,,,1,8,,22888,14,,,1,7,,22895,14,,,1,48,,22903,14,,,1,7,,22916,14,,,1,8,,22921,14,,,1,8,,22789,14,,,1,8,,22797,14,,,1,7,,22800,14,,,1,8,,22807,14,,,1,8,,22814,14,,,1,48,,22822,14,,,1,7,,22830,14,,,1,8,,22838,14,,,1,8,,22851,14,,,1,8,,22856,14,,,1,8,,22867,14,,,1,7,,22874,14,,,1,8,,22883,14,,,1,48,,22889,14,,,1,8,,22896,14,,,1,9,,22904,14,,,1,8,,22917,14,,,1,9,,22922,14,,,1,8,,22790,14,,,1,9,,22801,14,,,1,48,,22808,14,,,1,9,,22815,14,,,1,8,,22823,14,,,1,9,,22831,14,,,1,9,,22839,14,,,1,9,,22852,14,,,1,9,,22857,14,,,1,48,,22868,14,,,1,10,,22875,14,,,1,10,,22884,14,,,1,10,,22897,14,,,1,10,,22905,14,,,1,10,,22918,14,,,1,50,,22923,14,,,1,10,,22791,14,,,1,10,,22802,14,,,1,10,,22816,14,,,1,10,,22824,14,,,1,10,,22832,14,,,1,50,,22840,14,,,1,10,,22853,14,,,1,10,,22858,14,,,1,10,,22869,14,,,1,10,,22876,14,,,1,14,,22885,14,,,1
201,'GLOBAUX-01-F2',545,,23017,14,,,1,9,,23030,14,,,1,50,,23038,14,,,1,9,,23046,14,,,1,9,,23051,14,,,1,10,,22924,14,,,1,9,,22932,14,,,1,9,,22949,14,,,1,50,,22957,14,,,1,9,,22965,14,,,1,9,,22973,14,,,1,10,,22981,14,,,1,9,,22986,14,,,1,9,,22999,14,,,1,10,,23002,14,,,1,49,,23018,14,,,1,10,,23031,14,,,1,9,,23039,14,,,1,9,,23047,14,,,1,10,,23052,14,,,1,9,,22925,14,,,1,49,,22933,14,,,1,9,,22943,14,,,1,8,,22950,14,,,1,9,,22958,14,,,1,9,,22966,14,,,1,9,,22974,14,,,1,8,,22982,14,,,1,49,,22987,14,,,1,8,,23000,14,,,1,9,,23003,14,,,1,9,,23010,14,,,1,8,,23019,14,,,1,9,,23032,14,,,1,8,,23040,14,,,1,49,,23048,14,,,1,9,,23053,14,,,1,8,,22926,14,,,1,9,,22934,14,,,1,8,,22944,14,,,1,9,,22951,14,,,1,9,,22959,14,,,1,48,,22967,14,,,1,9,,22975,14,,,1,8,,22983,14,,,1,8,,22988,14,,,1,8,,23001,14,,,1,8,,23004,14,,,1,8,,23011,14,,,1,8,,23020,14,,,1,46,,23026,14,,,1,7,,23033,14,,,1,7,,23041,14,,,1,7,,23049,14,,,1,7,,23054,14,,,1,7,,23059,14,,,1,6,,22927,14,,,1,7,,22935,14,,,1,47,,22938,14,,,1,7,,22945,14,,,1,7,,22952,14,,,1,7,,22960,14,,,1,6,,22968,14,,,1,7,,22976,14,,,1,7,,22984,14,,,1,7,,22989,14,,,1,7,,22994,14,,,1,47,,23005,14,,,1,6,,23012,14,,,1,7,,23021,14,,,1,7,,23027,14,,,1,7,,23034,14,,,1,7,,23042,14,,,1,7,,23050,14,,,1,7,,23055,14,,,1,6,,23060,14,,,1,47,,22928,14,,,1,7,,22936,14,,,1,7,,22939,14,,,1,7,,22946,14,,,1,7,,22953,14,,,1,8,,22961,14,,,1,7,,22969,14,,,1,7,,22977,14,,,1,48,,22985,14,,,1,7,,22990,14,,,1,7,,22995,14,,,1,8,,23006,14,,,1,7,,23013,14,,,1,7,,23022,14,,,1,8,,23028,14,,,1,7,,23035,14,,,1,48,,23043,14,,,1,7,,23056,14,,,1,8,,23061,14,,,1,8,,22929,14,,,1,8,,22937,14,,,1,7,,22940,14,,,1,8,,22947,14,,,1,8,,22954,14,,,1,48,,22962,14,,,1,7,,22970,14,,,1,8,,22978,14,,,1,8,,22991,14,,,1,8,,22996,14,,,1,8,,23007,14,,,1,7,,23014,14,,,1,8,,23023,14,,,1,48,,23029,14,,,1,8,,23036,14,,,1,9,,23044,14,,,1,8,,23057,14,,,1,9,,23062,14,,,1,8,,22930,14,,,1,9,,22941,14,,,1,48,,22948,14,,,1,9,,22955,14,,,1,8,,22963,14,,,1,9,,22971,14,,,1,9,,22979,14,,,1,9,,22992,14,,,1,9,,22997,14,,,1,48,,23008,14,,,1,10,,23015,14,,,1,10,,23024,14,,,1,10,,23037,14,,,1,10,,23045,14,,,1,10,,23058,14,,,1,50,,23063,14,,,1,10,,22931,14,,,1,10,,22942,14,,,1,10,,22956,14,,,1,10,,22964,14,,,1,10,,22972,14,,,1,50,,22980,14,,,1,10,,22993,14,,,1,10,,22998,14,,,1,10,,23009,14,,,1,10,,23016,14,,,1,14,,23025,14,,,1
201,'GLOBAUX-01-I',545,,23157,14,,,1,9,,23170,14,,,1,50,,23178,14,,,1,9,,23186,14,,,1,9,,23191,14,,,1,10,,23064,14,,,1,9,,23072,14,,,1,9,,23089,14,,,1,50,,23097,14,,,1,9,,23105,14,,,1,9,,23113,14,,,1,10,,23121,14,,,1,9,,23126,14,,,1,9,,23139,14,,,1,10,,23142,14,,,1,49,,23158,14,,,1,10,,23171,14,,,1,9,,23179,14,,,1,9,,23187,14,,,1,10,,23192,14,,,1,9,,23065,14,,,1,49,,23073,14,,,1,9,,23083,14,,,1,8,,23090,14,,,1,9,,23098,14,,,1,9,,23106,14,,,1,9,,23114,14,,,1,8,,23122,14,,,1,49,,23127,14,,,1,8,,23140,14,,,1,9,,23143,14,,,1,9,,23150,14,,,1,8,,23159,14,,,1,9,,23172,14,,,1,8,,23180,14,,,1,49,,23188,14,,,1,9,,23193,14,,,1,8,,23066,14,,,1,9,,23074,14,,,1,8,,23084,14,,,1,9,,23091,14,,,1,9,,23099,14,,,1,48,,23107,14,,,1,9,,23115,14,,,1,8,,23123,14,,,1,8,,23128,14,,,1,8,,23141,14,,,1,8,,23144,14,,,1,8,,23151,14,,,1,8,,23160,14,,,1,46,,23166,14,,,1,7,,23173,14,,,1,7,,23181,14,,,1,7,,23189,14,,,1,7,,23194,14,,,1,7,,23199,14,,,1,6,,23067,14,,,1,7,,23075,14,,,1,47,,23078,14,,,1,7,,23085,14,,,1,7,,23092,14,,,1,7,,23100,14,,,1,6,,23108,14,,,1,7,,23116,14,,,1,7,,23124,14,,,1,7,,23129,14,,,1,7,,23134,14,,,1,47,,23145,14,,,1,6,,23152,14,,,1,7,,23161,14,,,1,7,,23167,14,,,1,7,,23174,14,,,1,7,,23182,14,,,1,7,,23190,14,,,1,7,,23195,14,,,1,6,,23200,14,,,1,47,,23068,14,,,1,7,,23076,14,,,1,7,,23079,14,,,1,7,,23086,14,,,1,7,,23093,14,,,1,8,,23101,14,,,1,7,,23109,14,,,1,7,,23117,14,,,1,48,,23125,14,,,1,7,,23130,14,,,1,7,,23135,14,,,1,8,,23146,14,,,1,7,,23153,14,,,1,7,,23162,14,,,1,8,,23168,14,,,1,7,,23175,14,,,1,48,,23183,14,,,1,7,,23196,14,,,1,8,,23201,14,,,1,8,,23069,14,,,1,8,,23077,14,,,1,7,,23080,14,,,1,8,,23087,14,,,1,8,,23094,14,,,1,48,,23102,14,,,1,7,,23110,14,,,1,8,,23118,14,,,1,8,,23131,14,,,1,8,,23136,14,,,1,8,,23147,14,,,1,7,,23154,14,,,1,8,,23163,14,,,1,48,,23169,14,,,1,8,,23176,14,,,1,9,,23184,14,,,1,8,,23197,14,,,1,9,,23202,14,,,1,8,,23070,14,,,1,9,,23081,14,,,1,48,,23088,14,,,1,9,,23095,14,,,1,8,,23103,14,,,1,9,,23111,14,,,1,9,,23119,14,,,1,9,,23132,14,,,1,9,,23137,14,,,1,48,,23148,14,,,1,10,,23155,14,,,1,10,,23164,14,,,1,10,,23177,14,,,1,10,,23185,14,,,1,10,,23198,14,,,1,50,,23203,14,,,1,10,,23071,14,,,1,10,,23082,14,,,1,10,,23096,14,,,1,10,,23104,14,,,1,10,,23112,14,,,1,50,,23120,14,,,1,10,,23133,14,,,1,10,,23138,14,,,1,10,,23149,14,,,1,10,,23156,14,,,1,14,,23165,14,,,1
201,'GLOBAUX-01-S',544,,23391,14,,,1,6,,23405,14,,,1,6,,23411,14,,,1,46,,23418,14,,,1,6,,23424,14,,,1,6,,23204,14,,,1,6,,23206,14,,,1,6,,23224,14,,,1,6,,23226,14,,,1,5,,23238,14,,,1,5,,23243,14,,,1,5,,23251,14,,,1,6,,23276,14,,,1,4,,23277,14,,,1,44,,23279,14,,,1,4,,23288,14,,,1,4,,23297,14,,,1,4,,23305,14,,,1,3,,23308,14,,,1,4,,23313,14,,,1,3,,23322,14,,,1,4,,23327,14,,,1,3,,23331,14,,,1,3,,23339,14,,,1,3,,23344,14,,,1,3,,23346,14,,,1,3,,23351,14,,,1,3,,23366,14,,,1,3,,23375,11,,,1,2,,23383,14,,,1,4,,23384,14,,,1,3,,23385,11,,,1,2,,23390,14,,,1,43,,23392,14,,,1,3,,23394,14,,,1,3,,23401,11,,,1,3,,23406,14,,,1,3,,23412,14,,,1,3,,23417,14,,,1,3,,23419,14,,,1,3,,23425,14,,,1,3,,23434,14,,,1,3,,23442,11,,,1,3,,23205,14,,,1,3,,23207,14,,,1,2,,23216,14,,,1,3,,23225,14,,,1,3,,23227,14,,,1,3,,23234,11,,,1,3,,23235,14,,,1,3,,23239,14,,,1,2,,23244,14,,,1,3,,23252,14,,,1,43,,23259,14,,,1,3,,23260,14,,,1,3,,23271,14,,,1,3,,23278,14,,,1,4,,23280,14,,,1,3,,23289,14,,,1,3,,23298,14,,,1,4,,23306,14,,,1,3,,23309,14,,,1,4,,23314,14,,,1,4,,23318,14,,,1,4,,23323,14,,,1,3,,23328,14,,,1,4,,23332,14,,,1,4,,23340,14,,,1,5,,23345,14,,,1,5,,23352,14,,,1,45,,23367,14,,,1,5,,23376,14,,,1,5,,23386,14,,,1,5,,23395,14,,,1,6,,23407,14,,,1,6,,23413,14,,,1,6,,23426,14,,,1,6,,23435,14,,,1,6,,23208,14,,,1,6,,23217,14,,,1,46,,23228,14,,,1,5,,23240,14,,,1,6,,23253,14,,,1,6,,23261,14,,,1,7,,23272,14,,,1,6,,23281,14,,,1,6,,23290,14,,,1,6,,23299,14,,,1,6,,23310,14,,,1,6,,23319,14,,,1,46,,23324,14,,,1,6,,23333,14,,,1,6,,23341,14,,,1,6,,23353,14,,,1,6,,23368,14,,,1,6,,23377,14,,,1,6,,23387,14,,,1,6,,23396,14,,,1,6,,23408,14,,,1,6,,23414,14,,,1,46,,23427,14,,,1,6,,23436,14,,,1,6,,23209,14,,,1,6,,23218,14,,,1,6,,23229,14,,,1,6,,23241,14,,,1,6,,23254,14,,,1,6,,23262,14,,,1,6,,23273,14,,,1,6,,23282,14,,,1,46,,23291,14,,,1,6,,23300,14,,,1,6,,23311,14,,,1,6,,23320,14,,,1,6,,23325,14,,,1,6,,23334,14,,,1,6,,23342,14,,,1,6,,23354,14,,,1,6,,23369,14,,,1,6,,23378,14,,,1,46,,23388,14,,,1,6,,23397,14,,,1,6,,23409,14,,,1,5,,23415,14,,,1,5,,23428,14,,,1,5,,23437,14,,,1,5,,23210,14,,,1,5,,23212,14,,,1,4,,23219,14,,,1,5,,23230,14,,,1,3,,23236,14,,,1,4,,23242,14,,,1,3,,23248,14,,,1,44,,23255,14,,,1,3,,23263,14,,,1,3,,23267,14,,,1,3,,23274,14,,,1,4,,23283,14,,,1,3,,23284,14,,,1,3,,23292,14,,,1,3,,23296,14,,,1,4,,23301,14,,,1,3,,23307,14,,,1,3,,23312,14,,,1,3,,23315,14,,,1,4,,23321,14,,,1,3,,23326,14,,,1,3,,23329,14,,,1,3,,23335,14,,,1,3,,23343,14,,,1,3,,23347,14,,,1,4,,23355,14,,,1,43,,23358,14,,,1,3,,23362,14,,,1,3,,23370,14,,,1,3,,23374,14,,,1,4,,23379,14,,,1,3,,23389,14,,,1,3,,23393,14,,,1,3,,23398,14,,,1,3,,23402,14,,,1,3,,23410,14,,,1,4,,23416,14,,,1,3,,23420,14,,,1,3,,23429,14,,,1,3,,23430,14,,,1,4,,23438,14,,,1,4,,23211,14,,,1,3,,23213,14,,,1,4,,23220,14,,,1,44,,23231,14,,,1,4,,23237,14,,,1,4,,23245,14,,,1,3,,23249,14,,,1,5,,23256,14,,,1,4,,23264,14,,,1,5,,23268,14,,,1,5,,23275,14,,,1,5,,23285,14,,,1,4,,23293,14,,,1,5,,23302,14,,,1,5,,23316,14,,,1,5,,23330,14,,,1,45,,23336,14,,,1,5,,23348,14,,,1,5,,23356,14,,,1,5,,23359,14,,,1,5,,23363,14,,,1,6,,23371,14,,,1,6,,23380,14,,,1,6,,23399,14,,,1,6,,23403,14,,,1,6,,23421,14,,,1,6,,23431,14,,,1,46,,23439,14,,,1,6,,23214,14,,,1,6,,23221,14,,,1,6,,23232,14,,,1,6,,23246,14,,,1,6,,23250,14,,,1,6,,23257,14,,,1,6,,23265,14,,,1,6,,23269,14,,,1,6,,23286,14,,,1,46,,23294,14,,,1,6,,23303,14,,,1,6,,23317,14,,,1,6,,23337,14,,,1,6,,23349,14,,,1,6,,23357,14,,,1,6,,23360,14,,,1,6,,23364,14,,,1,6,,23372,14,,,1,6,,23381,14,,,1,46,,23400,14,,,1,6,,23404,14,,,1,6,,23422,14,,,1,6,,23432,14,,,1,6,,23440,14,,,1,6,,23215,14,,,1,6,,23222,14,,,1,6,,23233,14,,,1,7,,23247,14,,,1,7,,23258,14,,,1,47,,23266,14,,,1,7,,23270,14,,,1,7,,23287,14,,,1,7,,23295,14,,,1,7,,23304,14,,,1,7,,23338,14,,,1,8,,23350,14,,,1,8,,23361,14,,,1,48,,23365,14,,,1,8,,23373,14,,,1,8,,23382,14,,,1,8,,23423,14,,,1,8,,23433,14,,,1,8,,23441,14,,,1,13,,23223,14,,,1
