400,'GLOBAUX-01-A',536,,23503,3,4,,1,10,,23443,3,4,,1,10,,23504,3,4,,1,50,,23444,3,4,,1,10,,23505,3,4,,1,10,,23445,3,4,,1,10,,23506,3,4,,1,10,,23446,3,4,,1,10,,23507,3,4,,1,50,,23447,3,4,,1,10,,23508,3,4,,1,10,,23448,3,4,,1,10,,23509,3,4,,1,10,,23449,3,4,,1,10,,23510,3,4,,1,50,,23450,3,4,,1,10,,23511,3,4,,1,10,,23451,3,4,,1,10,,23512,3,4,,1,10,,23452,3,4,,1,10,,23513,3,4,,1,50,,23453,3,4,,1,10,,23514,3,4,,1,10,,23454,3,4,,1,10,,23515,3,4,,1,10,,23455,3,4,,1,10,,23516,3,4,,1,50,,23456,3,4,,1,10,,23517,3,4,,1,10,,23457,3,4,,1,10,,23518,3,4,,1,10,,23458,3,4,,1,10,,23519,3,4,,1,50,,23459,3,4,,1,10,,23520,3,4,,1,10,,23460,3,4,,1,10,,23521,3,4,,1,10,,23461,3,4,,1,10,,23522,3,4,,1,50,,23462,3,4,,1,10,,23523,3,4,,1,10,,23463,3,4,,1,10,,23524,3,4,,1,10,,23464,3,4,,1,10,,23525,3,4,,1,50,,23465,3,4,,1,10,,23526,3,4,,1,10,,23466,3,4,,1,10,,23527,3,4,,1,10,,23467,3,4,,1,10,,23528,3,4,,1,50,,23468,3,4,,1,10,,23529,3,4,,1,10,,23469,3,4,,1,10,,23530,3,4,,1,10,,23470,3,4,,1,10,,23531,3,4,,1,50,,23471,3,4,,1,10,,23532,3,4,,1,10,,23472,3,4,,1,10,,23533,3,4,,1,10,,23473,3,4,,1,10,,23534,3,4,,1,50,,23474,3,4,,1,10,,23535,3,4,,1,10,,23475,3,4,,1,10,,23536,3,4,,1,10,,23476,3,4,,1,10,,23537,3,4,,1,50,,23477,3,4,,1,10,,23538,3,4,,1,10,,23478,3,4,,1,10,,23539,3,4,,1,10,,23479,3,4,,1,10,,23540,3,4,,1,50,,23480,3,4,,1,10,,23541,3,4,,1,10,,23481,3,4,,1,10,,23542,3,4,,1,10,,23482,3,4,,1,10,,23543,3,4,,1,50,,23483,3,4,,1,10,,23544,3,4,,1,10,,23484,3,4,,1,10,,23545,3,4,,1,10,,23485,3,4,,1,10,,23546,3,4,,1,50,,23486,3,4,,1,10,,23547,3,4,,1,10,,23487,3,4,,1,10,,23548,3,4,,1,10,,23488,3,4,,1,10,,23549,3,4,,1,50,,23489,3,4,,1,10,,23550,3,4,,1,10,,23490,3,4,,1,10,,23551,3,4,,1,10,,23491,3,4,,1,10,,23552,3,4,,1,50,,23492,3,4,,1,10,,23553,3,4,,1,10,,23493,3,4,,1,10,,23554,3,4,,1,10,,23494,3,4,,1,10,,23555,3,4,,1,50,,23495,3,4,,1,10,,23556,3,4,,1,10,,23496,3,4,,1,10,,23557,3,4,,1,10,,23497,3,4,,1,10,,23558,3,4,,1,50,,23498,3,4,,1,10,,23559,3,4,,1,10,,23499,3,4,,1,10,,23560,3,4,,1,10,,23500,3,4,,1,10,,23561,3,4,,1,50,,23501,3,4,,1,10,,23562,3,4,,1,8,,23502,3,4,,1,12,,23563,3,4,,1
400,'GLOBAUX-01-F1',536,,23623,3,4,,1,10,,23564,3,4,,1,10,,23624,3,4,,1,50,,23565,3,4,,1,10,,23625,3,4,,1,10,,23566,3,4,,1,10,,23626,3,4,,1,10,,23567,3,4,,1,10,,23627,3,4,,1,50,,23568,3,4,,1,10,,23628,3,4,,1,10,,23569,3,4,,1,10,,23629,3,4,,1,10,,23570,3,4,,1,10,,23630,3,4,,1,50,,23571,3,4,,1,10,,23631,3,4,,1,10,,23572,3,4,,1,10,,23632,3,4,,1,10,,23573,3,4,,1,10,,23633,3,4,,1,50,,23574,3,4,,1,10,,23634,3,4,,1,10,,23575,3,4,,1,10,,23635,3,4,,1,10,,23576,3,4,,1,10,,23636,3,4,,1,50,,23577,3,4,,1,10,,23637,3,4,,1,10,,23578,3,4,,1,10,,23638,3,4,,1,10,,23579,3,4,,1,10,,23639,3,4,,1,50,,23580,3,4,,1,10,,23640,3,4,,1,10,,23581,3,4,,1,10,,23641,3,4,,1,10,,23582,3,4,,1,10,,23642,3,4,,1,50,,23583,3,4,,1,10,,23643,3,4,,1,10,,23584,3,4,,1,10,,23644,3,4,,1,10,,23585,3,4,,1,10,,23645,3,4,,1,50,,23586,3,4,,1,10,,23646,3,4,,1,10,,23587,3,4,,1,10,,23647,3,4,,1,10,,23588,3,4,,1,10,,23648,3,4,,1,50,,23589,3,4,,1,10,,23649,3,4,,1,10,,23590,3,4,,1,10,,23650,3,4,,1,10,,23591,3,4,,1,10,,23651,3,4,,1,50,,23592,3,4,,1,10,,23652,3,4,,1,10,,23593,3,4,,1,10,,23653,3,4,,1,10,,23594,3,4,,1,10,,23654,3,4,,1,50,,23595,3,4,,1,10,,23655,3,4,,1,10,,23596,3,4,,1,10,,23656,3,4,,1,10,,23597,3,4,,1,10,,23657,3,4,,1,50,,23598,3,4,,1,10,,23658,3,4,,1,10,,23599,3,4,,1,10,,23659,3,4,,1,10,,23600,3,4,,1,10,,23660,3,4,,1,50,,23601,3,4,,1,10,,23661,3,4,,1,10,,23602,3,4,,1,10,,23662,3,4,,1,10,,23603,3,4,,1,10,,23663,3,4,,1,50,,23604,3,4,,1,10,,23664,3,4,,1,10,,23605,3,4,,1,10,,23665,3,4,,1,10,,23606,3,4,,1,10,,23666,3,4,,1,50,,23607,3,4,,1,10,,23667,3,4,,1,10,,23608,3,4,,1,10,,23668,3,4,,1,10,,23609,3,4,,1,10,,23669,3,4,,1,50,,23610,3,4,,1,10,,23670,3,4,,1,10,,23611,3,4,,1,10,,23671,3,4,,1,10,,23612,3,4,,1,10,,23672,3,4,,1,50,,23613,3,4,,1,10,,23673,3,4,,1,10,,23614,3,4,,1,10,,23674,3,4,,1,10,,23615,3,4,,1,10,,23675,3,4,,1,50,,23616,3,4,,1,10,,23676,3,4,,1,10,,23617,3,4,,1,10,,23677,3,4,,1,10,,23618,3,4,,1,10,,23678,3,4,,1,50,,23619,3,4,,1,10,,23679,3,4,,1,10,,23620,3,4,,1,10,,23680,3,4,,1,10,,23621,3,4,,1,8,,23681,3,4,,1,52,,23622,3,4,,1
400,'GLOBAUX-01-F2',536,,23741,3,4,,1,10,,23682,3,4,,1,10,,23742,3,4,,1,50,,23683,3,4,,1,10,,23743,3,4,,1,10,,23684,3,4,,1,10,,23744,3,4,,1,10,,23685,3,4,,1,10,,23745,3,4,,1,50,,23686,3,4,,1,10,,23746,3,4,,1,10,,23687,3,4,,1,10,,23747,3,4,,1,10,,23688,3,4,,1,10,,23748,3,4,,1,50,,23689,3,4,,1,10,,23749,3,4,,1,10,,23690,3,4,,1,10,,23750,3,4,,1,10,,23691,3,4,,1,10,,23751,3,4,,1,50,,23692,3,4,,1,10,,23752,3,4,,1,10,,23693,3,4,,1,10,,23753,3,4,,1,10,,23694,3,4,,1,10,,23754,3,4,,1,50,,23695,3,4,,1,10,,23755,3,4,,1,10,,23696,3,4,,1,10,,23756,3,4,,1,10,,23697,3,4,,1,10,,23757,3,4,,1,50,,23698,3,4,,1,10,,23758,3,4,,1,10,,23699,3,4,,1,10,,23759,3,4,,1,10,,23700,3,4,,1,10,,23760,3,4,,1,50,,23701,3,4,,1,10,,23761,3,4,,1,10,,23702,3,4,,1,10,,23762,3,4,,1,10,,23703,3,4,,1,10,,23763,3,4,,1,50,,23704,3,4,,1,10,,23764,3,4,,1,10,,23705,3,4,,1,10,,23765,3,4,,1,10,,23706,3,4,,1,10,,23766,3,4,,1,50,,23707,3,4,,1,10,,23767,3,4,,1,10,,23708,3,4,,1,10,,23768,3,4,,1,10,,23709,3,4,,1,10,,23769,3,4,,1,50,,23710,3,4,,1,10,,23770,3,4,,1,10,,23711,3,4,,1,10,,23771,3,4,,1,10,,23712,3,4,,1,10,,23772,3,4,,1,50,,23713,3,4,,1,10,,23773,3,4,,1,10,,23714,3,4,,1,10,,23774,3,4,,1,10,,23715,3,4,,1,10,,23775,3,4,,1,50,,23716,3,4,,1,10,,23776,3,4,,1,10,,23717,3,4,,1,10,,23777,3,4,,1,10,,23718,3,4,,1,10,,23778,3,4,,1,50,,23719,3,4,,1,10,,23779,3,4,,1,10,,23720,3,4,,1,10,,23780,3,4,,1,10,,23721,3,4,,1,10,,23781,3,4,,1,50,,23722,3,4,,1,10,,23782,3,4,,1,10,,23723,3,4,,1,10,,23783,3,4,,1,10,,23724,3,4,,1,10,,23784,3,4,,1,50,,23725,3,4,,1,10,,23785,3,4,,1,10,,23726,3,4,,1,10,,23786,3,4,,1,10,,23727,3,4,,1,10,,23787,3,4,,1,50,,23728,3,4,,1,10,,23788,3,4,,1,10,,23729,3,4,,1,10,,23789,3,4,,1,10,,23730,3,4,,1,10,,23790,3,4,,1,50,,23731,3,4,,1,10,,23791,3,4,,1,10,,23732,3,4,,1,10,,23792,3,4,,1,10,,23733,3,4,,1,10,,23793,3,4,,1,50,,23734,3,4,,1,10,,23794,3,4,,1,10,,23735,3,4,,1,10,,23795,3,4,,1,10,,23736,3,4,,1,10,,23796,3,4,,1,50,,23737,3,4,,1,10,,23797,3,4,,1,10,,23738,3,4,,1,10,,23798,3,4,,1,10,,23739,3,4,,1,8,,23799,3,4,,1,52,,23740,3,4,,1
400,'GLOBAUX-01-I',536,,23859,3,4,,1,10,,23800,3,4,,1,10,,23860,3,4,,1,50,,23801,3,4,,1,10,,23861,3,4,,1,10,,23802,3,4,,1,10,,23862,3,4,,1,10,,23803,3,4,,1,10,,23863,3,4,,1,50,,23804,3,4,,1,10,,23864,3,4,,1,10,,23805,3,4,,1,10,,23865,3,4,,1,10,,23806,3,4,,1,10,,23866,3,4,,1,50,,23807,3,4,,1,10,,23867,3,4,,1,10,,23808,3,4,,1,10,,23868,3,4,,1,10,,23809,3,4,,1,10,,23869,3,4,,1,50,,23810,3,4,,1,10,,23870,3,4,,1,10,,23811,3,4,,1,10,,23871,3,4,,1,10,,23812,3,4,,1,10,,23872,3,4,,1,50,,23813,3,4,,1,10,,23873,3,4,,1,10,,23814,3,4,,1,10,,23874,3,4,,1,10,,23815,3,4,,1,10,,23875,3,4,,1,50,,23816,3,4,,1,10,,23876,3,4,,1,10,,23817,3,4,,1,10,,23877,3,4,,1,10,,23818,3,4,,1,10,,23878,3,4,,1,50,,23819,3,4,,1,10,,23879,3,4,,1,10,,23820,3,4,,1,10,,23880,3,4,,1,10,,23821,3,4,,1,10,,23881,3,4,,1,50,,23822,3,4,,1,10,,23882,3,4,,1,10,,23823,3,4,,1,10,,23883,3,4,,1,10,,23824,3,4,,1,10,,23884,3,4,,1,50,,23825,3,4,,1,10,,23885,3,4,,1,10,,23826,3,4,,1,10,,23886,3,4,,1,10,,23827,3,4,,1,10,,23887,3,4,,1,50,,23828,3,4,,1,10,,23888,3,4,,1,10,,23829,3,4,,1,10,,23889,3,4,,1,10,,23830,3,4,,1,10,,23890,3,4,,1,50,,23831,3,4,,1,10,,23891,3,4,,1,10,,23832,3,4,,1,10,,23892,3,4,,1,10,,23833,3,4,,1,10,,23893,3,4,,1,50,,23834,3,4,,1,10,,23894,3,4,,1,10,,23835,3,4,,1,10,,23895,3,4,,1,10,,23836,3,4,,1,10,,23896,3,4,,1,50,,23837,3,4,,1,10,,23897,3,4,,1,10,,23838,3,4,,1,10,,23898,3,4,,1,10,,23839,3,4,,1,10,,23899,3,4,,1,50,,23840,3,4,,1,10,,23900,3,4,,1,10,,23841,3,4,,1,10,,23901,3,4,,1,10,,23842,3,4,,1,10,,23902,3,4,,1,50,,23843,3,4,,1,10,,23903,3,4,,1,10,,23844,3,4,,1,10,,23904,3,4,,1,10,,23845,3,4,,1,10,,23905,3,4,,1,50,,23846,3,4,,1,10,,23906,3,4,,1,10,,23847,3,4,,1,10,,23907,3,4,,1,10,,23848,3,4,,1,10,,23908,3,4,,1,50,,23849,3,4,,1,10,,23909,3,4,,1,10,,23850,3,4,,1,10,,23910,3,4,,1,10,,23851,3,4,,1,10,,23911,3,4,,1,50,,23852,3,4,,1,10,,23912,3,4,,1,10,,23853,3,4,,1,10,,23913,3,4,,1,10,,23854,3,4,,1,10,,23914,3,4,,1,50,,23855,3,4,,1,10,,23915,3,4,,1,10,,23856,3,4,,1,10,,23916,3,4,,1,10,,23857,3,4,,1,8,,23917,3,4,,1,52,,23858,3,4,,1
400,'GLOBAUX-01-S',536,,23996,3,4,,1,10,,23918,3,4,,1,10,,23997,3,4,,1,50,,23919,3,4,,1,10,,23998,3,4,,1,10,,23920,3,4,,1,10,,23999,3,4,,1,10,,23921,3,4,,1,5,,23959,3,4,,1,5,,24000,3,4,,1,45,,24038,3,4,,1,5,,23922,3,4,,1,4,,23960,3,4,,1,5,,24001,3,4,,1,5,,24039,3,4,,1,5,,23923,3,4,,1,4,,23961,3,4,,1,5,,24002,3,4,,1,5,,24040,3,4,,1,5,,23924,3,4,,1,4,,23962,3,4,,1,5,,24003,3,4,,1,5,,24041,3,4,,1,45,,23925,3,4,,1,4,,23963,3,4,,1,5,,24004,3,4,,1,5,,24042,3,4,,1,5,,23926,3,4,,1,4,,23964,3,4,,1,5,,24005,3,4,,1,5,,24043,3,4,,1,5,,23927,3,4,,1,4,,23965,3,4,,1,5,,24006,3,4,,1,5,,24044,3,4,,1,45,,23928,3,4,,1,6,,23966,3,4,,1,7,,24007,3,4,,1,10,,23929,3,4,,1,10,,24008,3,4,,1,10,,23930,3,4,,1,10,,24009,3,4,,1,50,,23931,3,4,,1,10,,24010,3,4,,1,10,,23932,3,4,,1,10,,24011,3,4,,1,10,,23933,3,4,,1,10,,24012,3,4,,1,50,,23934,3,4,,1,10,,24013,3,4,,1,10,,23935,3,4,,1,10,,24014,3,4,,1,10,,23936,3,4,,1,10,,24015,3,4,,1,50,,23937,3,4,,1,10,,24016,3,4,,1,10,,23938,3,4,,1,10,,24017,3,4,,1,10,,23939,3,4,,1,10,,24018,3,4,,1,50,,23940,3,4,,1,10,,24019,3,4,,1,10,,23941,3,4,,1,10,,24020,3,4,,1,10,,23942,3,4,,1,10,,24021,3,4,,1,50,,23943,3,4,,1,10,,24022,3,4,,1,10,,23944,3,4,,1,10,,24023,3,4,,1,10,,23945,3,4,,1,10,,24024,3,4,,1,50,,23946,3,4,,1,10,,24025,3,4,,1,6,,24045,3,4,,1,5,,23947,3,4,,1,5,,23967,3,4,,1,5,,24026,3,4,,1,4,,24046,3,4,,1,5,,23948,3,4,,1,5,,23968,3,4,,1,5,,24027,3,4,,1,4,,24047,3,4,,1,45,,23949,3,4,,1,5,,23969,3,4,,1,5,,24028,3,4,,1,4,,24048,3,4,,1,5,,23950,3,4,,1,5,,23970,3,4,,1,5,,24029,3,4,,1,4,,24049,3,4,,1,5,,23951,3,4,,1,5,,23971,3,4,,1,5,,24030,3,4,,1,4,,24050,3,4,,1,5,,23952,3,4,,1,45,,23972,3,4,,1,5,,24031,3,4,,1,4,,24051,3,4,,1,5,,23953,3,4,,1,5,,23973,3,4,,1,5,,24032,3,4,,1,4,,24052,3,4,,1,5,,23954,3,4,,1,5,,23974,3,4,,1,5,,24033,3,4,,1,4,,24053,3,4,,1,5,,23955,3,4,,1,45,,23975,3,4,,1,5,,24034,3,4,,1,4,,24054,3,4,,1,5,,23956,3,4,,1,5,,23976,3,4,,1,5,,24035,3,4,,1,5,,24055,3,4,,1,7,,23957,3,4,,1,6,,23977,3,4,,1,7,,24036,3,4,,1,7,,24056,3,4,,1,46,,23958,3,4,,1,7,,23978,3,4,,1,7,,24037,3,4,,1,9,,24057,3,4,,1,10,,23979,3,4,,1,10,,24058,3,4,,1,10,,23980,3,4,,1,50,,24059,3,4,,1,10,,23981,3,4,,1,10,,24060,3,4,,1,10,,23982,3,4,,1,10,,24061,3,4,,1,10,,23983,3,4,,1,50,,24062,3,4,,1,10,,23984,3,4,,1,10,,24063,3,4,,1,10,,23985,3,4,,1,10,,24064,3,4,,1,10,,23986,3,4,,1,50,,24065,3,4,,1,10,,23987,3,4,,1,10,,24066,3,4,,1,10,,23988,3,4,,1,10,,24067,3,4,,1,10,,23989,3,4,,1,50,,24068,3,4,,1,10,,23990,3,4,,1,10,,24069,3,4,,1,10,,23991,3,4,,1,10,,24070,3,4,,1,10,,23992,3,4,,1,50,,24071,3,4,,1,10,,23993,3,4,,1,10,,24072,3,4,,1,10,,23994,3,4,,1,10,,24073,3,4,,1,8,,23995,3,4,,1,52,,24074,3,4,,1
401,'GLOBAUX-01-A',530,,24075,1,,,1,10,,24136,1,,,1,10,,24076,1,,,1,50,,24137,1,,,1,10,,24077,1,,,1,10,,24138,1,,,1,10,,24078,1,,,1,10,,24139,1,,,1,10,,24079,1,,,1,50,,24140,1,,,1,10,,24080,1,,,1,10,,24141,1,,,1,10,,24081,1,,,1,10,,24142,1,,,1,10,,24082,1,,,1,50,,24143,1,,,1,10,,24083,1,,,1,10,,24144,1,,,1,10,,24084,1,,,1,10,,24145,1,,,1,10,,24085,1,,,1,50,,24146,1,,,1,10,,24086,1,,,1,10,,24147,1,,,1,10,,24087,1,,,1,10,,24148,1,,,1,10,,24088,1,,,1,50,,24149,1,,,1,10,,24089,1,,,1,10,,24150,1,,,1,10,,24090,1,,,1,10,,24151,1,,,1,10,,24091,1,,,1,50,,24152,1,,,1,10,,24092,1,,,1,10,,24153,1,,,1,10,,24093,1,,,1,10,,24154,1,,,1,10,,24094,1,,,1,50,,24155,1,,,1,10,,24095,1,,,1,10,,24156,1,,,1,10,,24096,1,,,1,10,,24157,1,,,1,10,,24097,1,,,1,50,,24158,1,,,1,10,,24098,1,,,1,10,,24159,1,,,1,10,,24099,1,,,1,10,,24160,1,,,1,10,,24100,1,,,1,50,,24161,1,,,1,10,,24101,1,,,1,10,,24162,1,,,1,10,,24102,1,,,1,10,,24163,1,,,1,10,,24103,1,,,1,50,,24164,1,,,1,10,,24104,1,,,1,10,,24165,1,,,1,10,,24105,1,,,1,10,,24166,1,,,1,10,,24106,1,,,1,50,,24167,1,,,1,10,,24107,1,,,1,10,,24168,1,,,1,10,,24108,1,,,1,10,,24169,1,,,1,10,,24109,1,,,1,50,,24170,1,,,1,10,,24110,1,,,1,10,,24171,1,,,1,10,,24111,1,,,1,10,,24172,1,,,1,10,,24112,1,,,1,50,,24173,1,,,1,10,,24113,1,,,1,10,,24174,1,,,1,10,,24114,1,,,1,10,,24175,1,,,1,10,,24115,1,,,1,50,,24176,1,,,1,10,,24116,1,,,1,10,,24177,1,,,1,10,,24117,1,,,1,10,,24178,1,,,1,10,,24118,1,,,1,50,,24179,1,,,1,10,,24119,1,,,1,10,,24180,1,,,1,10,,24120,1,,,1,10,,24181,1,,,1,10,,24121,1,,,1,50,,24182,1,,,1,10,,24122,1,,,1,10,,24183,1,,,1,10,,24123,1,,,1,10,,24184,1,,,1,10,,24124,1,,,1,50,,24185,1,,,1,10,,24125,1,,,1,10,,24186,1,,,1,10,,24126,1,,,1,10,,24187,1,,,1,10,,24127,1,,,1,50,,24188,1,,,1,10,,24128,1,,,1,10,,24189,1,,,1,10,,24129,1,,,1,10,,24190,1,,,1,10,,24130,1,,,1,50,,24191,1,,,1,10,,24131,1,,,1,10,,24192,1,,,1,10,,24132,1,,,1,10,,24193,1,,,1,10,,24133,1,,,1,50,,24194,1,,,1,10,,24134,1,,,1,10,,24195,1,,,1,10,,24135,1,,,1
401,'GLOBAUX-01-F1',530,,24196,1,,,1,10,,24255,1,,,1,10,,24197,1,,,1,50,,24256,1,,,1,10,,24198,1,,,1,10,,24257,1,,,1,10,,24199,1,,,1,10,,24258,1,,,1,10,,24200,1,,,1,50,,24259,1,,,1,10,,24201,1,,,1,10,,24260,1,,,1,10,,24202,1,,,1,10,,24261,1,,,1,10,,24203,1,,,1,50,,24262,1,,,1,10,,24204,1,,,1,10,,24263,1,,,1,10,,24205,1,,,1,10,,24264,1,,,1,10,,24206,1,,,1,50,,24265,1,,,1,10,,24207,1,,,1,10,,24266,1,,,1,10,,24208,1,,,1,10,,24267,1,,,1,10,,24209,1,,,1,50,,24268,1,,,1,10,,24210,1,,,1,10,,24269,1,,,1,10,,24211,1,,,1,10,,24270,1,,,1,10,,24212,1,,,1,50,,24271,1,,,1,10,,24213,1,,,1,10,,24272,1,,,1,10,,24214,1,,,1,10,,24273,1,,,1,10,,24215,1,,,1,50,,24274,1,,,1,10,,24216,1,,,1,10,,24275,1,,,1,10,,24217,1,,,1,10,,24276,1,,,1,10,,24218,1,,,1,50,,24277,1,,,1,10,,24219,1,,,1,10,,24278,1,,,1,10,,24220,1,,,1,10,,24279,1,,,1,10,,24221,1,,,1,50,,24280,1,,,1,10,,24222,1,,,1,10,,24281,1,,,1,10,,24223,1,,,1,10,,24282,1,,,1,10,,24224,1,,,1,50,,24283,1,,,1,10,,24225,1,,,1,10,,24284,1,,,1,10,,24226,1,,,1,10,,24285,1,,,1,10,,24227,1,,,1,50,,24286,1,,,1,10,,24228,1,,,1,10,,24287,1,,,1,10,,24229,1,,,1,10,,24288,1,,,1,10,,24230,1,,,1,50,,24289,1,,,1,10,,24231,1,,,1,10,,24290,1,,,1,10,,24232,1,,,1,10,,24291,1,,,1,10,,24233,1,,,1,50,,24292,1,,,1,10,,24234,1,,,1,10,,24293,1,,,1,10,,24235,1,,,1,10,,24294,1,,,1,10,,24236,1,,,1,50,,24295,1,,,1,10,,24237,1,,,1,10,,24296,1,,,1,10,,24238,1,,,1,10,,24297,1,,,1,10,,24239,1,,,1,50,,24298,1,,,1,10,,24240,1,,,1,10,,24299,1,,,1,10,,24241,1,,,1,10,,24300,1,,,1,10,,24242,1,,,1,50,,24301,1,,,1,10,,24243,1,,,1,10,,24302,1,,,1,10,,24244,1,,,1,10,,24303,1,,,1,10,,24245,1,,,1,50,,24304,1,,,1,10,,24246,1,,,1,10,,24305,1,,,1,10,,24247,1,,,1,10,,24306,1,,,1,10,,24248,1,,,1,50,,24307,1,,,1,10,,24249,1,,,1,10,,24308,1,,,1,10,,24250,1,,,1,10,,24309,1,,,1,10,,24251,1,,,1,50,,24310,1,,,1,10,,24252,1,,,1,10,,24311,1,,,1,10,,24253,1,,,1,10,,24312,1,,,1,10,,24254,1,,,1,50,,24313,1,,,1
401,'GLOBAUX-01-F2',530,,24314,1,,,1,10,,24373,1,,,1,10,,24315,1,,,1,50,,24374,1,,,1,10,,24316,1,,,1,10,,24375,1,,,1,10,,24317,1,,,1,10,,24376,1,,,1,10,,24318,1,,,1,50,,24377,1,,,1,10,,24319,1,,,1,10,,24378,1,,,1,10,,24320,1,,,1,10,,24379,1,,,1,10,,24321,1,,,1,50,,24380,1,,,1,10,,24322,1,,,1,10,,24381,1,,,1,10,,24323,1,,,1,10,,24382,1,,,1,10,,24324,1,,,1,50,,24383,1,,,1,10,,24325,1,,,1,10,,24384,1,,,1,10,,24326,1,,,1,10,,24385,1,,,1,10,,24327,1,,,1,50,,24386,1,,,1,10,,24328,1,,,1,10,,24387,1,,,1,10,,24329,1,,,1,10,,24388,1,,,1,10,,24330,1,,,1,50,,24389,1,,,1,10,,24331,1,,,1,10,,24390,1,,,1,10,,24332,1,,,1,10,,24391,1,,,1,10,,24333,1,,,1,50,,24392,1,,,1,10,,24334,1,,,1,10,,24393,1,,,1,10,,24335,1,,,1,10,,24394,1,,,1,10,,24336,1,,,1,50,,24395,1,,,1,10,,24337,1,,,1,10,,24396,1,,,1,10,,24338,1,,,1,10,,24397,1,,,1,10,,24339,1,,,1,50,,24398,1,,,1,10,,24340,1,,,1,10,,24399,1,,,1,10,,24341,1,,,1,10,,24400,1,,,1,10,,24342,1,,,1,50,,24401,1,,,1,10,,24343,1,,,1,10,,24402,1,,,1,10,,24344,1,,,1,10,,24403,1,,,1,10,,24345,1,,,1,50,,24404,1,,,1,10,,24346,1,,,1,10,,24405,1,,,1,10,,24347,1,,,1,10,,24406,1,,,1,10,,24348,1,,,1,50,,24407,1,,,1,10,,24349,1,,,1,10,,24408,1,,,1,10,,24350,1,,,1,10,,24409,1,,,1,10,,24351,1,,,1,50,,24410,1,,,1,10,,24352,1,,,1,10,,24411,1,,,1,10,,24353,1,,,1,10,,24412,1,,,1,10,,24354,1,,,1,50,,24413,1,,,1,10,,24355,1,,,1,10,,24414,1,,,1,10,,24356,1,,,1,10,,24415,1,,,1,10,,24357,1,,,1,50,,24416,1,,,1,10,,24358,1,,,1,10,,24417,1,,,1,10,,24359,1,,,1,10,,24418,1,,,1,10,,24360,1,,,1,50,,24419,1,,,1,10,,24361,1,,,1,10,,24420,1,,,1,10,,24362,1,,,1,10,,24421,1,,,1,10,,24363,1,,,1,50,,24422,1,,,1,10,,24364,1,,,1,10,,24423,1,,,1,10,,24365,1,,,1,10,,24424,1,,,1,10,,24366,1,,,1,50,,24425,1,,,1,10,,24367,1,,,1,10,,24426,1,,,1,10,,24368,1,,,1,10,,24427,1,,,1,10,,24369,1,,,1,50,,24428,1,,,1,10,,24370,1,,,1,10,,24429,1,,,1,10,,24371,1,,,1,10,,24430,1,,,1,10,,24372,1,,,1,50,,24431,1,,,1
401,'GLOBAUX-01-I',530,,24432,1,,,1,10,,24491,1,,,1,10,,24433,1,,,1,50,,24492,1,,,1,10,,24434,1,,,1,10,,24493,1,,,1,10,,24435,1,,,1,10,,24494,1,,,1,10,,24436,1,,,1,50,,24495,1,,,1,10,,24437,1,,,1,10,,24496,1,,,1,10,,24438,1,,,1,10,,24497,1,,,1,10,,24439,1,,,1,50,,24498,1,,,1,10,,24440,1,,,1,10,,24499,1,,,1,10,,24441,1,,,1,10,,24500,1,,,1,10,,24442,1,,,1,50,,24501,1,,,1,10,,24443,1,,,1,10,,24502,1,,,1,10,,24444,1,,,1,10,,24503,1,,,1,10,,24445,1,,,1,50,,24504,1,,,1,10,,24446,1,,,1,10,,24505,1,,,1,10,,24447,1,,,1,10,,24506,1,,,1,10,,24448,1,,,1,50,,24507,1,,,1,10,,24449,1,,,1,10,,24508,1,,,1,10,,24450,1,,,1,10,,24509,1,,,1,10,,24451,1,,,1,50,,24510,1,,,1,10,,24452,1,,,1,10,,24511,1,,,1,10,,24453,1,,,1,10,,24512,1,,,1,10,,24454,1,,,1,50,,24513,1,,,1,10,,24455,1,,,1,10,,24514,1,,,1,10,,24456,1,,,1,10,,24515,1,,,1,10,,24457,1,,,1,50,,24516,1,,,1,10,,24458,1,,,1,10,,24517,1,,,1,10,,24459,1,,,1,10,,24518,1,,,1,10,,24460,1,,,1,50,,24519,1,,,1,10,,24461,1,,,1,10,,24520,1,,,1,10,,24462,1,,,1,10,,24521,1,,,1,10,,24463,1,,,1,50,,24522,1,,,1,10,,24464,1,,,1,10,,24523,1,,,1,10,,24465,1,,,1,10,,24524,1,,,1,10,,24466,1,,,1,50,,24525,1,,,1,10,,24467,1,,,1,10,,24526,1,,,1,10,,24468,1,,,1,10,,24527,1,,,1,10,,24469,1,,,1,50,,24528,1,,,1,10,,24470,1,,,1,10,,24529,1,,,1,10,,24471,1,,,1,10,,24530,1,,,1,10,,24472,1,,,1,50,,24531,1,,,1,10,,24473,1,,,1,10,,24532,1,,,1,10,,24474,1,,,1,10,,24533,1,,,1,10,,24475,1,,,1,50,,24534,1,,,1,10,,24476,1,,,1,10,,24535,1,,,1,10,,24477,1,,,1,10,,24536,1,,,1,10,,24478,1,,,1,50,,24537,1,,,1,10,,24479,1,,,1,10,,24538,1,,,1,10,,24480,1,,,1,10,,24539,1,,,1,10,,24481,1,,,1,50,,24540,1,,,1,10,,24482,1,,,1,10,,24541,1,,,1,10,,24483,1,,,1,10,,24542,1,,,1,10,,24484,1,,,1,50,,24543,1,,,1,10,,24485,1,,,1,10,,24544,1,,,1,10,,24486,1,,,1,10,,24545,1,,,1,10,,24487,1,,,1,50,,24546,1,,,1,10,,24488,1,,,1,10,,24547,1,,,1,10,,24489,1,,,1,10,,24548,1,,,1,10,,24490,1,,,1,50,,24549,1,,,1
401,'GLOBAUX-01-S',530,,24550,1,,,1,10,,24629,1,,,1,10,,24551,1,,,1,50,,24630,1,,,1,10,,24552,1,,,1,10,,24631,1,,,1,10,,24553,1,,,1,10,,24632,1,,,1,5,,24670,1,,,1,5,,24554,1,,,1,5,,24592,1,,,1,4,,24633,1,,,1,45,,24671,1,,,1,5,,24555,1,,,1,5,,24593,1,,,1,4,,24634,1,,,1,5,,24672,1,,,1,5,,24556,1,,,1,5,,24594,1,,,1,4,,24635,1,,,1,5,,24673,1,,,1,5,,24557,1,,,1,5,,24595,1,,,1,4,,24636,1,,,1,45,,24674,1,,,1,5,,24558,1,,,1,5,,24596,1,,,1,4,,24637,1,,,1,5,,24675,1,,,1,5,,24559,1,,,1,5,,24597,1,,,1,4,,24638,1,,,1,5,,24676,1,,,1,5,,24560,1,,,1,5,,24598,1,,,1,5,,24639,1,,,1,46,,24677,1,,,1,7,,24561,1,,,1,10,,24640,1,,,1,10,,24562,1,,,1,10,,24641,1,,,1,10,,24563,1,,,1,10,,24642,1,,,1,50,,24564,1,,,1,10,,24643,1,,,1,10,,24565,1,,,1,10,,24644,1,,,1,10,,24566,1,,,1,10,,24645,1,,,1,50,,24567,1,,,1,10,,24646,1,,,1,10,,24568,1,,,1,10,,24647,1,,,1,10,,24569,1,,,1,10,,24648,1,,,1,50,,24570,1,,,1,10,,24649,1,,,1,10,,24571,1,,,1,10,,24650,1,,,1,10,,24572,1,,,1,10,,24651,1,,,1,50,,24573,1,,,1,10,,24652,1,,,1,10,,24574,1,,,1,10,,24653,1,,,1,10,,24575,1,,,1,10,,24654,1,,,1,50,,24576,1,,,1,10,,24655,1,,,1,10,,24577,1,,,1,10,,24656,1,,,1,10,,24578,1,,,1,10,,24657,1,,,1,50,,24579,1,,,1,5,,24599,1,,,1,5,,24658,1,,,1,5,,24678,1,,,1,5,,24580,1,,,1,5,,24600,1,,,1,5,,24659,1,,,1,5,,24679,1,,,1,4,,24581,1,,,1,5,,24601,1,,,1,5,,24660,1,,,1,45,,24680,1,,,1,4,,24582,1,,,1,5,,24602,1,,,1,5,,24661,1,,,1,5,,24681,1,,,1,4,,24583,1,,,1,5,,24603,1,,,1,5,,24662,1,,,1,5,,24682,1,,,1,4,,24584,1,,,1,5,,24604,1,,,1,5,,24663,1,,,1,5,,24683,1,,,1,44,,24585,1,,,1,5,,24605,1,,,1,5,,24664,1,,,1,5,,24684,1,,,1,4,,24586,1,,,1,5,,24606,1,,,1,5,,24665,1,,,1,5,,24685,1,,,1,4,,24587,1,,,1,5,,24607,1,,,1,5,,24666,1,,,1,5,,24686,1,,,1,4,,24588,1,,,1,45,,24608,1,,,1,5,,24667,1,,,1,5,,24687,1,,,1,4,,24589,1,,,1,6,,24609,1,,,1,6,,24668,1,,,1,7,,24688,1,,,1,7,,24590,1,,,1,6,,24610,1,,,1,7,,24669,1,,,1,47,,24689,1,,,1,7,,24591,1,,,1,9,,24611,1,,,1,10,,24690,1,,,1,10,,24612,1,,,1,10,,24691,1,,,1,50,,24613,1,,,1,10,,24692,1,,,1,10,,24614,1,,,1,10,,24693,1,,,1,10,,24615,1,,,1,10,,24694,1,,,1,50,,24616,1,,,1,10,,24695,1,,,1,10,,24617,1,,,1,10,,24696,1,,,1,10,,24618,1,,,1,10,,24697,1,,,1,50,,24619,1,,,1,10,,24698,1,,,1,10,,24620,1,,,1,10,,24699,1,,,1,10,,24621,1,,,1,10,,24700,1,,,1,50,,24622,1,,,1,10,,24701,1,,,1,10,,24623,1,,,1,10,,24702,1,,,1,10,,24624,1,,,1,10,,24703,1,,,1,50,,24625,1,,,1,10,,24704,1,,,1,10,,24626,1,,,1,10,,24705,1,,,1,10,,24627,1,,,1,10,,24706,1,,,1,50,,24628,1,,,1
