100,'GLOBAUX-01-A',544,,20201,11,,,1,10,,20211,11,,,1,50,,20229,11,,,1,10,,20236,11,,,1,10,,20246,11,,,1,10,,20269,11,,,1,11,,20287,11,,,1,10,,20297,11,,,1,50,,20304,11,,,1,10,,20314,11,,,1,10,,20331,11,,,1,10,,20341,11,,,1,10,,20202,11,,,1,10,,20212,11,,,1,50,,20230,11,,,1,10,,20237,11,,,1,10,,20247,11,,,1,9,,20270,11,,,1,10,,20278,11,,,1,9,,20288,11,,,1,49,,20298,11,,,1,9,,20305,11,,,1,8,,20315,11,,,1,9,,20332,11,,,1,8,,20342,11,,,1,9,,20203,11,,,1,8,,20213,11,,,1,48,,20221,11,,,1,9,,20231,11,,,1,8,,20238,11,,,1,9,,20248,11,,,1,7,,20263,11,,,1,8,,20271,11,,,1,8,,20279,11,,,1,7,,20289,11,,,1,48,,20299,11,,,1,8,,20306,11,,,1,7,,20316,11,,,1,8,,20333,11,,,1,8,,20343,11,,,1,7,,20204,11,,,1,8,,20214,11,,,1,8,,20222,11,,,1,47,,20232,11,,,1,7,,20239,11,,,1,7,,20249,11,,,1,6,,20256,11,,,1,7,,20264,11,,,1,6,,20272,11,,,1,7,,20280,11,,,1,6,,20290,11,,,1,7,,20300,11,,,1,46,,20307,11,,,1,7,,20317,11,,,1,7,,20324,11,,,1,6,,20334,11,,,1,7,,20344,11,,,1,6,,20205,11,,,1,7,,20215,11,,,1,6,,20223,11,,,1,7,,20233,11,,,1,46,,20240,11,,,1,7,,20250,11,,,1,6,,20257,11,,,1,6,,20265,11,,,1,7,,20273,11,,,1,6,,20281,11,,,1,7,,20291,11,,,1,6,,20301,11,,,1,7,,20308,11,,,1,46,,20318,11,,,1,7,,20325,11,,,1,6,,20335,11,,,1,7,,20345,11,,,1,6,,20206,11,,,1,7,,20216,11,,,1,6,,20224,11,,,1,7,,20234,11,,,1,6,,20241,11,,,1,47,,20251,11,,,1,6,,20258,11,,,1,7,,20266,11,,,1,6,,20274,11,,,1,7,,20282,11,,,1,6,,20292,11,,,1,7,,20302,11,,,1,6,,20309,11,,,1,7,,20319,11,,,1,6,,20326,11,,,1,47,,20336,11,,,1,6,,20346,11,,,1,7,,20207,11,,,1,6,,20217,11,,,1,7,,20225,11,,,1,6,,20235,11,,,1,7,,20242,11,,,1,6,,20252,11,,,1,7,,20259,11,,,1,46,,20267,11,,,1,7,,20275,11,,,1,6,,20283,11,,,1,7,,20293,11,,,1,6,,20303,11,,,1,7,,20310,11,,,1,7,,20320,11,,,1,7,,20327,11,,,1,7,,20337,11,,,1,48,,20347,11,,,1,8,,20208,11,,,1,7,,20218,11,,,1,8,,20226,11,,,1,7,,20243,11,,,1,8,,20253,11,,,1,8,,20260,11,,,1,7,,20268,11,,,1,48,,20276,11,,,1,8,,20284,11,,,1,8,,20294,11,,,1,8,,20311,11,,,1,9,,20321,11,,,1,8,,20328,11,,,1,9,,20338,11,,,1,48,,20348,11,,,1,8,,20209,11,,,1,9,,20219,11,,,1,8,,20227,11,,,1,9,,20244,11,,,1,8,,20254,11,,,1,8,,20261,11,,,1,49,,20277,11,,,1,8,,20285,11,,,1,9,,20295,11,,,1,9,,20312,11,,,1,10,,20322,11,,,1,10,,20329,11,,,1,50,,20339,11,,,1,10,,20349,11,,,1,10,,20210,11,,,1,10,,20220,11,,,1,10,,20228,11,,,1,10,,20245,11,,,1,50,,20255,11,,,1,10,,20262,11,,,1,10,,20286,11,,,1,10,,20296,11,,,1,10,,20313,11,,,1,10,,20323,11,,,1,50,,20330,11,,,1,10,,20340,11,,,1,10,,20350,11,,,1
100,'GLOBAUX-01-F1',544,,20351,11,,,1,10,,20361,11,,,1,50,,20368,11,,,1,10,,20393,11,,,1,10,,20403,11,,,1,10,,20413,11,,,1,10,,20435,11,,,1,10,,20445,11,,,1,50,,20454,11,,,1,10,,20463,11,,,1,10,,20472,11,,,1,11,,20481,11,,,1,10,,20352,11,,,1,10,,20362,11,,,1,50,,20369,11,,,1,10,,20394,11,,,1,9,,20404,11,,,1,9,,20414,11,,,1,10,,20429,11,,,1,9,,20436,11,,,1,49,,20446,11,,,1,10,,20455,11,,,1,9,,20464,11,,,1,9,,20473,11,,,1,9,,20482,11,,,1,8,,20353,11,,,1,9,,20363,11,,,1,48,,20370,11,,,1,9,,20385,11,,,1,8,,20395,11,,,1,9,,20405,11,,,1,8,,20415,11,,,1,9,,20430,11,,,1,8,,20437,11,,,1,48,,20447,11,,,1,9,,20456,11,,,1,8,,20465,11,,,1,9,,20474,11,,,1,8,,20483,11,,,1,8,,20354,11,,,1,8,,20364,11,,,1,48,,20371,11,,,1,8,,20378,11,,,1,7,,20386,11,,,1,8,,20396,11,,,1,8,,20406,11,,,1,7,,20416,11,,,1,8,,20431,11,,,1,8,,20438,11,,,1,47,,20448,11,,,1,8,,20457,11,,,1,8,,20466,11,,,1,7,,20475,11,,,1,8,,20484,11,,,1,8,,20355,11,,,1,7,,20365,11,,,1,8,,20372,11,,,1,48,,20379,11,,,1,7,,20387,11,,,1,8,,20397,11,,,1,7,,20407,11,,,1,7,,20417,11,,,1,7,,20423,11,,,1,7,,20432,11,,,1,7,,20439,11,,,1,47,,20449,11,,,1,7,,20458,11,,,1,7,,20467,11,,,1,7,,20476,11,,,1,7,,20485,11,,,1,7,,20356,11,,,1,7,,20366,11,,,1,7,,20373,11,,,1,7,,20380,11,,,1,47,,20388,11,,,1,7,,20398,11,,,1,7,,20408,11,,,1,7,,20418,11,,,1,7,,20424,11,,,1,7,,20433,11,,,1,7,,20440,11,,,1,7,,20450,11,,,1,7,,20459,11,,,1,47,,20468,11,,,1,7,,20477,11,,,1,7,,20486,11,,,1,7,,20357,11,,,1,7,,20367,11,,,1,7,,20374,11,,,1,7,,20381,11,,,1,7,,20389,11,,,1,47,,20399,11,,,1,7,,20409,11,,,1,7,,20419,11,,,1,7,,20425,11,,,1,7,,20434,11,,,1,7,,20441,11,,,1,7,,20451,11,,,1,8,,20460,11,,,1,49,,20469,11,,,1,8,,20478,11,,,1,9,,20487,11,,,1,8,,20358,11,,,1,9,,20375,11,,,1,8,,20382,11,,,1,8,,20390,11,,,1,49,,20400,11,,,1,8,,20410,11,,,1,9,,20420,11,,,1,8,,20426,11,,,1,8,,20442,11,,,1,9,,20452,11,,,1,8,,20461,11,,,1,9,,20470,11,,,1,48,,20479,11,,,1,8,,20488,11,,,1,9,,20359,11,,,1,8,,20376,11,,,1,9,,20383,11,,,1,8,,20391,11,,,1,9,,20401,11,,,1,49,,20411,11,,,1,9,,20421,11,,,1,9,,20427,11,,,1,9,,20443,11,,,1,9,,20453,11,,,1,9,,20462,11,,,1,49,,20471,11,,,1,9,,20480,11,,,1,10,,20489,11,,,1,10,,20360,11,,,1,10,,20377,11,,,1,10,,20384,11,,,1,50,,20392,11,,,1,10,,20402,11,,,1,10,,20412,11,,,1,10,,20422,11,,,1,10,,20428,11,,,1,10,,20444,11,,,1
100,'GLOBAUX-01-F2',544,,20490,11,,,1,10,,20500,11,,,1,50,,20507,11,,,1,10,,20532,11,,,1,10,,20542,11,,,1,10,,20552,11,,,1,10,,20574,11,,,1,10,,20584,11,,,1,50,,20593,11,,,1,10,,20602,11,,,1,10,,20611,11,,,1,11,,20620,11,,,1,10,,20491,11,,,1,10,,20501,11,,,1,50,,20508,11,,,1,10,,20533,11,,,1,9,,20543,11,,,1,9,,20553,11,,,1,10,,20568,11,,,1,9,,20575,11,,,1,49,,20585,11,,,1,10,,20594,11,,,1,9,,20603,11,,,1,9,,20612,11,,,1,9,,20621,11,,,1,8,,20492,11,,,1,9,,20502,11,,,1,48,,20509,11,,,1,9,,20524,11,,,1,8,,20534,11,,,1,9,,20544,11,,,1,8,,20554,11,,,1,9,,20569,11,,,1,8,,20576,11,,,1,48,,20586,11,,,1,9,,20595,11,,,1,8,,20604,11,,,1,9,,20613,11,,,1,8,,20622,11,,,1,8,,20493,11,,,1,8,,20503,11,,,1,48,,20510,11,,,1,8,,20517,11,,,1,7,,20525,11,,,1,8,,20535,11,,,1,8,,20545,11,,,1,7,,20555,11,,,1,8,,20570,11,,,1,8,,20577,11,,,1,47,,20587,11,,,1,8,,20596,11,,,1,8,,20605,11,,,1,7,,20614,11,,,1,8,,20623,11,,,1,8,,20494,11,,,1,7,,20504,11,,,1,8,,20511,11,,,1,48,,20518,11,,,1,7,,20526,11,,,1,8,,20536,11,,,1,7,,20546,11,,,1,7,,20556,11,,,1,7,,20562,11,,,1,7,,20571,11,,,1,7,,20578,11,,,1,47,,20588,11,,,1,7,,20597,11,,,1,7,,20606,11,,,1,7,,20615,11,,,1,7,,20624,11,,,1,7,,20495,11,,,1,7,,20505,11,,,1,7,,20512,11,,,1,7,,20519,11,,,1,47,,20527,11,,,1,7,,20537,11,,,1,7,,20547,11,,,1,7,,20557,11,,,1,7,,20563,11,,,1,7,,20572,11,,,1,7,,20579,11,,,1,7,,20589,11,,,1,7,,20598,11,,,1,47,,20607,11,,,1,7,,20616,11,,,1,7,,20625,11,,,1,7,,20496,11,,,1,7,,20506,11,,,1,7,,20513,11,,,1,7,,20520,11,,,1,7,,20528,11,,,1,47,,20538,11,,,1,7,,20548,11,,,1,7,,20558,11,,,1,7,,20564,11,,,1,7,,20573,11,,,1,7,,20580,11,,,1,7,,20590,11,,,1,8,,20599,11,,,1,49,,20608,11,,,1,8,,20617,11,,,1,9,,20626,11,,,1,8,,20497,11,,,1,9,,20514,11,,,1,8,,20521,11,,,1,8,,20529,11,,,1,49,,20539,11,,,1,8,,20549,11,,,1,9,,20559,11,,,1,8,,20565,11,,,1,8,,20581,11,,,1,9,,20591,11,,,1,8,,20600,11,,,1,9,,20609,11,,,1,48,,20618,11,,,1,8,,20627,11,,,1,9,,20498,11,,,1,8,,20515,11,,,1,9,,20522,11,,,1,8,,20530,11,,,1,9,,20540,11,,,1,49,,20550,11,,,1,9,,20560,11,,,1,9,,20566,11,,,1,9,,20582,11,,,1,9,,20592,11,,,1,9,,20601,11,,,1,49,,20610,11,,,1,9,,20619,11,,,1,10,,20628,11,,,1,10,,20499,11,,,1,10,,20516,11,,,1,10,,20523,11,,,1,50,,20531,11,,,1,10,,20541,11,,,1,10,,20551,11,,,1,10,,20561,11,,,1,10,,20567,11,,,1,10,,20583,11,,,1
100,'GLOBAUX-01-I',544,,20629,11,,,1,10,,20639,11,,,1,50,,20646,11,,,1,10,,20671,11,,,1,10,,20681,11,,,1,10,,20691,11,,,1,10,,20713,11,,,1,10,,20723,11,,,1,50,,20732,11,,,1,10,,20741,11,,,1,10,,20750,11,,,1,11,,20759,11,,,1,10,,20630,11,,,1,10,,20640,11,,,1,50,,20647,11,,,1,10,,20672,11,,,1,9,,20682,11,,,1,9,,20692,11,,,1,10,,20707,11,,,1,9,,20714,11,,,1,49,,20724,11,,,1,10,,20733,11,,,1,9,,20742,11,,,1,9,,20751,11,,,1,9,,20760,11,,,1,8,,20631,11,,,1,9,,20641,11,,,1,48,,20648,11,,,1,9,,20663,11,,,1,8,,20673,11,,,1,9,,20683,11,,,1,8,,20693,11,,,1,9,,20708,11,,,1,8,,20715,11,,,1,48,,20725,11,,,1,9,,20734,11,,,1,8,,20743,11,,,1,9,,20752,11,,,1,8,,20761,11,,,1,8,,20632,11,,,1,8,,20642,11,,,1,48,,20649,11,,,1,8,,20656,11,,,1,7,,20664,11,,,1,8,,20674,11,,,1,8,,20684,11,,,1,7,,20694,11,,,1,8,,20709,11,,,1,8,,20716,11,,,1,47,,20726,11,,,1,8,,20735,11,,,1,8,,20744,11,,,1,7,,20753,11,,,1,8,,20762,11,,,1,8,,20633,11,,,1,7,,20643,11,,,1,8,,20650,11,,,1,48,,20657,11,,,1,7,,20665,11,,,1,8,,20675,11,,,1,7,,20685,11,,,1,7,,20695,11,,,1,7,,20701,11,,,1,7,,20710,11,,,1,7,,20717,11,,,1,47,,20727,11,,,1,7,,20736,11,,,1,7,,20745,11,,,1,7,,20754,11,,,1,7,,20763,11,,,1,7,,20634,11,,,1,7,,20644,11,,,1,7,,20651,11,,,1,7,,20658,11,,,1,47,,20666,11,,,1,7,,20676,11,,,1,7,,20686,11,,,1,7,,20696,11,,,1,7,,20702,11,,,1,7,,20711,11,,,1,7,,20718,11,,,1,7,,20728,11,,,1,7,,20737,11,,,1,47,,20746,11,,,1,7,,20755,11,,,1,7,,20764,11,,,1,7,,20635,11,,,1,7,,20645,11,,,1,7,,20652,11,,,1,7,,20659,11,,,1,7,,20667,11,,,1,47,,20677,11,,,1,7,,20687,11,,,1,7,,20697,11,,,1,7,,20703,11,,,1,7,,20712,11,,,1,7,,20719,11,,,1,7,,20729,11,,,1,8,,20738,11,,,1,49,,20747,11,,,1,8,,20756,11,,,1,9,,20765,11,,,1,8,,20636,11,,,1,9,,20653,11,,,1,8,,20660,11,,,1,8,,20668,11,,,1,49,,20678,11,,,1,8,,20688,11,,,1,9,,20698,11,,,1,8,,20704,11,,,1,8,,20720,11,,,1,9,,20730,11,,,1,8,,20739,11,,,1,9,,20748,11,,,1,48,,20757,11,,,1,8,,20766,11,,,1,9,,20637,11,,,1,8,,20654,11,,,1,9,,20661,11,,,1,8,,20669,11,,,1,9,,20679,11,,,1,49,,20689,11,,,1,9,,20699,11,,,1,9,,20705,11,,,1,9,,20721,11,,,1,9,,20731,11,,,1,9,,20740,11,,,1,49,,20749,11,,,1,9,,20758,11,,,1,10,,20767,11,,,1,10,,20638,11,,,1,10,,20655,11,,,1,10,,20662,11,,,1,50,,20670,11,,,1,10,,20680,11,,,1,10,,20690,11,,,1,10,,20700,11,,,1,10,,20706,11,,,1,10,,20722,11,,,1
100,'GLOBAUX-01-S',545,,20768,11,,,1,6,,20796,11,,,1,7,,20806,11,,,1,47,,20826,11,,,1,7,,20848,11,,,1,6,,20852,11,,,1,7,,20859,11,,,1,7,,20870,11,,,1,5,,20876,11,,,1,4,,20893,11,,,1,4,,20902,11,,,1,4,,20905,11,,,1,4,,20913,11,,,1,3,,20930,11,,,1,44,,20936,11,,,1,3,,20946,11,,,1,3,,20948,11,,,1,3,,20950,11,,,1,4,,20952,11,,,1,3,,20968,11,,,1,3,,20977,11,,,1,3,,20979,11,,,1,4,,20997,11,,,1,3,,21003,11,,,1,3,,21004,11,,,1,4,,20769,11,,,1,3,,20787,11,,,1,3,,20789,11,,,1,3,,20797,11,,,1,4,,20807,11,,,1,3,,20808,11,,,1,3,,20809,11,,,1,3,,20811,11,,,1,43,,20812,11,,,1,3,,20827,11,,,1,3,,20833,11,,,1,3,,20839,11,,,1,3,,20849,11,,,1,3,,20853,11,,,1,3,,20860,11,,,1,3,,20865,11,,,1,3,,20871,11,,,1,3,,20877,11,,,1,3,,20894,11,,,1,3,,20903,11,,,1,4,,20906,11,,,1,3,,20912,11,,,1,3,,20914,11,,,1,3,,20931,11,,,1,3,,20937,11,,,1,4,,20947,11,,,1,3,,20949,11,,,1,43,,20951,11,,,1,3,,20955,11,,,1,4,,20960,11,,,1,3,,20969,11,,,1,4,,20978,11,,,1,4,,20984,11,,,1,3,,20998,11,,,1,4,,21005,11,,,1,4,,20770,11,,,1,4,,20780,11,,,1,5,,20790,11,,,1,5,,20798,11,,,1,5,,20810,11,,,1,5,,20813,11,,,1,5,,20828,11,,,1,46,,20840,11,,,1,6,,20854,11,,,1,6,,20866,11,,,1,6,,20878,11,,,1,6,,20895,11,,,1,6,,20907,11,,,1,6,,20915,11,,,1,6,,20932,11,,,1,6,,20938,11,,,1,6,,20956,11,,,1,46,,20961,11,,,1,6,,20970,11,,,1,6,,20985,11,,,1,6,,20999,11,,,1,6,,20771,11,,,1,6,,20781,11,,,1,6,,20791,11,,,1,6,,20799,11,,,1,6,,20814,11,,,1,6,,20829,11,,,1,46,,20841,11,,,1,6,,20855,11,,,1,6,,20867,11,,,1,6,,20879,11,,,1,6,,20896,11,,,1,6,,20908,11,,,1,6,,20916,11,,,1,6,,20933,11,,,1,6,,20939,11,,,1,6,,20957,11,,,1,46,,20962,11,,,1,6,,20971,11,,,1,6,,20986,11,,,1,6,,21000,11,,,1,6,,20772,11,,,1,6,,20782,11,,,1,6,,20792,11,,,1,6,,20800,11,,,1,6,,20815,11,,,1,6,,20830,11,,,1,46,,20842,11,,,1,6,,20856,11,,,1,6,,20868,11,,,1,6,,20880,11,,,1,6,,20897,11,,,1,6,,20909,11,,,1,6,,20917,11,,,1,6,,20934,11,,,1,6,,20940,11,,,1,6,,20958,11,,,1,46,,20963,11,,,1,6,,20972,11,,,1,5,,20987,11,,,1,4,,20989,11,,,1,4,,21001,11,,,1,4,,20773,11,,,1,4,,20775,11,,,1,4,,20783,11,,,1,4,,20793,11,,,1,4,,20795,11,,,1,4,,20801,11,,,1,4,,20816,11,,,1,4,,20821,11,,,1,3,,20831,11,,,1,43,,20834,11,,,1,3,,20843,11,,,1,4,,20850,11,,,1,3,,20857,11,,,1,3,,20869,11,,,1,3,,20872,11,,,1,3,,20881,11,,,1,3,,20886,11,,,1,3,,20891,11,,,1,3,,20898,11,,,1,3,,20904,11,,,1,3,,20910,11,,,1,3,,20918,11,,,1,3,,20923,11,,,1,2,,20925,11,,,1,3,,20935,11,,,1,3,,20941,11,,,1,3,,20953,11,,,1,2,,20954,11,,,1,3,,20959,11,,,1,43,,20964,11,,,1,3,,20973,11,,,1,2,,20980,11,,,1,3,,20983,11,,,1,3,,20988,11,,,1,3,,20990,11,,,1,2,,20993,11,,,1,3,,21002,11,,,1,3,,20774,11,,,1,3,,20776,11,,,1,3,,20784,11,,,1,3,,20788,11,,,1,3,,20794,11,,,1,3,,20802,11,,,1,4,,20817,11,,,1,3,,20822,11,,,1,4,,20832,11,,,1,3,,20835,11,,,1,4,,20844,11,,,1,4,,20851,11,,,1,43,,20858,11,,,1,4,,20861,11,,,1,4,,20873,11,,,1,4,,20882,11,,,1,4,,20887,11,,,1,4,,20892,11,,,1,4,,20899,11,,,1,4,,20911,11,,,1,4,,20919,11,,,1,4,,20924,11,,,1,4,,20926,11,,,1,4,,20942,11,,,1,6,,20965,11,,,1,5,,20974,11,,,1,46,,20981,11,,,1,6,,20991,11,,,1,6,,20994,11,,,1,6,,20777,11,,,1,6,,20785,11,,,1,6,,20803,11,,,1,6,,20818,11,,,1,6,,20823,11,,,1,6,,20836,11,,,1,6,,20845,11,,,1,46,,20862,11,,,1,6,,20874,11,,,1,6,,20883,11,,,1,6,,20888,11,,,1,6,,20900,11,,,1,6,,20920,11,,,1,6,,20927,11,,,1,6,,20943,11,,,1,6,,20966,11,,,1,6,,20975,11,,,1,46,,20982,11,,,1,6,,20992,11,,,1,6,,20995,11,,,1,6,,20778,11,,,1,7,,20786,11,,,1,6,,20804,11,,,1,6,,20819,11,,,1,6,,20824,11,,,1,6,,20837,11,,,1,6,,20846,11,,,1,46,,20863,11,,,1,6,,20875,11,,,1,6,,20884,11,,,1,6,,20889,11,,,1,7,,20901,11,,,1,6,,20921,11,,,1,7,,20928,11,,,1,8,,20944,11,,,1,8,,20967,11,,,1,48,,20976,11,,,1,8,,20996,11,,,1,8,,20779,11,,,1,8,,20805,11,,,1,8,,20820,11,,,1,8,,20825,11,,,1,8,,20838,11,,,1,47,,20847,11,,,1,8,,20864,11,,,1,8,,20885,11,,,1,8,,20890,11,,,1,8,,20922,11,,,1,8,,20929,11,,,1,8,,20945,11,,,1
101,'GLOBAUX-01-A',550,,21092,17,,,1,50,,21102,17,,,1,10,,21109,17,,,1,10,,21119,17,,,1,10,,21136,17,,,1,10,,21146,17,,,1,10,,21006,17,,,1,50,,21016,17,,,1,10,,21035,17,,,1,10,,21042,17,,,1,10,,21052,17,,,1,10,,21074,17,,,1,10,,21082,17,,,1,9,,21093,17,,,1,49,,21103,17,,,1,10,,21110,17,,,1,9,,21120,17,,,1,9,,21137,17,,,1,8,,21147,17,,,1,9,,21007,17,,,1,48,,21017,17,,,1,8,,21026,17,,,1,9,,21036,17,,,1,8,,21043,17,,,1,9,,21053,17,,,1,8,,21075,17,,,1,9,,21083,17,,,1,48,,21094,17,,,1,9,,21104,17,,,1,8,,21111,17,,,1,8,,21121,17,,,1,9,,21138,17,,,1,8,,21148,17,,,1,9,,21008,17,,,1,8,,21018,17,,,1,48,,21027,17,,,1,8,,21037,17,,,1,7,,21044,17,,,1,8,,21054,17,,,1,8,,21069,17,,,1,7,,21076,17,,,1,8,,21084,17,,,1,48,,21095,17,,,1,7,,21105,17,,,1,8,,21112,17,,,1,7,,21122,17,,,1,6,,21129,17,,,1,7,,21139,17,,,1,6,,21149,17,,,1,7,,21009,17,,,1,6,,21019,17,,,1,47,,21028,17,,,1,6,,21038,17,,,1,7,,21045,17,,,1,6,,21055,17,,,1,7,,21062,17,,,1,6,,21070,17,,,1,7,,21077,17,,,1,6,,21085,17,,,1,7,,21096,17,,,1,46,,21106,17,,,1,7,,21113,17,,,1,7,,21123,17,,,1,6,,21130,17,,,1,7,,21140,17,,,1,6,,21150,17,,,1,7,,21010,17,,,1,6,,21020,17,,,1,7,,21029,17,,,1,6,,21039,17,,,1,47,,21046,17,,,1,6,,21056,17,,,1,7,,21063,17,,,1,6,,21071,17,,,1,7,,21078,17,,,1,6,,21086,17,,,1,7,,21097,17,,,1,6,,21107,17,,,1,7,,21114,17,,,1,46,,21124,17,,,1,7,,21131,17,,,1,6,,21141,17,,,1,6,,21151,17,,,1,7,,21011,17,,,1,6,,21021,17,,,1,7,,21030,17,,,1,6,,21040,17,,,1,7,,21047,17,,,1,47,,21057,17,,,1,6,,21064,17,,,1,7,,21072,17,,,1,6,,21079,17,,,1,7,,21087,17,,,1,6,,21098,17,,,1,6,,21108,17,,,1,7,,21115,17,,,1,6,,21125,17,,,1,47,,21132,17,,,1,6,,21142,17,,,1,7,,21152,17,,,1,6,,21012,17,,,1,7,,21022,17,,,1,6,,21031,17,,,1,7,,21041,17,,,1,6,,21048,17,,,1,7,,21058,17,,,1,48,,21065,17,,,1,8,,21073,17,,,1,7,,21080,17,,,1,8,,21088,17,,,1,7,,21099,17,,,1,8,,21116,17,,,1,8,,21126,17,,,1,8,,21133,17,,,1,48,,21143,17,,,1,9,,21153,17,,,1,8,,21013,17,,,1,8,,21023,17,,,1,9,,21032,17,,,1,8,,21049,17,,,1,9,,21059,17,,,1,48,,21066,17,,,1,8,,21081,17,,,1,9,,21089,17,,,1,8,,21100,17,,,1,9,,21117,17,,,1,8,,21127,17,,,1,9,,21134,17,,,1,49,,21144,17,,,1,9,,21154,17,,,1,10,,21014,17,,,1,9,,21024,17,,,1,9,,21033,17,,,1,10,,21050,17,,,1,10,,21060,17,,,1,49,,21067,17,,,1,10,,21090,17,,,1,10,,21101,17,,,1,10,,21118,17,,,1,10,,21128,17,,,1,10,,21135,17,,,1,50,,21145,17,,,1,10,,21155,17,,,1,10,,21015,17,,,1,10,,21025,17,,,1,10,,21034,17,,,1,10,,21051,17,,,1,50,,21061,17,,,1,10,,21068,17,,,1,14,,21091,17,,,1
101,'GLOBAUX-01-F1',550,,21236,17,,,1,50,,21246,17,,,1,10,,21255,17,,,1,10,,21265,17,,,1,10,,21275,17,,,1,10,,21285,17,,,1,10,,21156,17,,,1,50,,21166,17,,,1,10,,21173,17,,,1,10,,21198,17,,,1,10,,21207,17,,,1,10,,21216,17,,,1,10,,21230,17,,,1,9,,21237,17,,,1,49,,21247,17,,,1,10,,21256,17,,,1,9,,21266,17,,,1,9,,21276,17,,,1,9,,21286,17,,,1,8,,21157,17,,,1,49,,21167,17,,,1,8,,21174,17,,,1,9,,21190,17,,,1,8,,21199,17,,,1,8,,21208,17,,,1,9,,21217,17,,,1,8,,21231,17,,,1,49,,21238,17,,,1,8,,21248,17,,,1,9,,21257,17,,,1,8,,21267,17,,,1,8,,21277,17,,,1,9,,21287,17,,,1,8,,21158,17,,,1,49,,21168,17,,,1,8,,21175,17,,,1,9,,21191,17,,,1,8,,21200,17,,,1,9,,21209,17,,,1,8,,21218,17,,,1,9,,21232,17,,,1,8,,21239,17,,,1,48,,21249,17,,,1,9,,21258,17,,,1,8,,21268,17,,,1,9,,21278,17,,,1,7,,21288,17,,,1,8,,21159,17,,,1,8,,21169,17,,,1,47,,21176,17,,,1,8,,21183,17,,,1,8,,21192,17,,,1,7,,21201,17,,,1,8,,21210,17,,,1,8,,21219,17,,,1,7,,21233,17,,,1,8,,21240,17,,,1,48,,21250,17,,,1,7,,21259,17,,,1,8,,21269,17,,,1,8,,21279,17,,,1,7,,21289,17,,,1,8,,21160,17,,,1,8,,21170,17,,,1,7,,21177,17,,,1,48,,21184,17,,,1,8,,21193,17,,,1,7,,21202,17,,,1,7,,21211,17,,,1,7,,21220,17,,,1,7,,21225,17,,,1,7,,21234,17,,,1,7,,21241,17,,,1,47,,21251,17,,,1,7,,21260,17,,,1,7,,21270,17,,,1,7,,21280,17,,,1,7,,21290,17,,,1,6,,21161,17,,,1,7,,21171,17,,,1,7,,21178,17,,,1,7,,21185,17,,,1,47,,21194,17,,,1,7,,21203,17,,,1,7,,21212,17,,,1,7,,21221,17,,,1,7,,21226,17,,,1,7,,21235,17,,,1,7,,21242,17,,,1,7,,21252,17,,,1,47,,21261,17,,,1,7,,21271,17,,,1,7,,21281,17,,,1,7,,21291,17,,,1,7,,21162,17,,,1,7,,21172,17,,,1,7,,21179,17,,,1,7,,21186,17,,,1,9,,21195,17,,,1,48,,21204,17,,,1,8,,21213,17,,,1,9,,21222,17,,,1,8,,21227,17,,,1,9,,21243,17,,,1,8,,21253,17,,,1,8,,21262,17,,,1,49,,21272,17,,,1,8,,21282,17,,,1,9,,21292,17,,,1,8,,21163,17,,,1,8,,21180,17,,,1,9,,21187,17,,,1,8,,21196,17,,,1,49,,21205,17,,,1,8,,21214,17,,,1,8,,21223,17,,,1,9,,21228,17,,,1,8,,21244,17,,,1,9,,21254,17,,,1,8,,21263,17,,,1,49,,21273,17,,,1,8,,21283,17,,,1,8,,21293,17,,,1,9,,21164,17,,,1,9,,21181,17,,,1,10,,21188,17,,,1,10,,21197,17,,,1,50,,21206,17,,,1,10,,21215,17,,,1,10,,21224,17,,,1,10,,21229,17,,,1,10,,21245,17,,,1,10,,21264,17,,,1,50,,21274,17,,,1,10,,21284,17,,,1,10,,21294,17,,,1,10,,21165,17,,,1,10,,21182,17,,,1,54,,21189,17,,,1
101,'GLOBAUX-01-F2',550,,21375,17,,,1,50,,21385,17,,,1,10,,21394,17,,,1,10,,21404,17,,,1,10,,21414,17,,,1,10,,21424,17,,,1,10,,21295,17,,,1,50,,21305,17,,,1,10,,21312,17,,,1,10,,21337,17,,,1,10,,21346,17,,,1,10,,21355,17,,,1,10,,21369,17,,,1,9,,21376,17,,,1,49,,21386,17,,,1,10,,21395,17,,,1,9,,21405,17,,,1,9,,21415,17,,,1,9,,21425,17,,,1,8,,21296,17,,,1,49,,21306,17,,,1,8,,21313,17,,,1,9,,21329,17,,,1,8,,21338,17,,,1,8,,21347,17,,,1,9,,21356,17,,,1,8,,21370,17,,,1,49,,21377,17,,,1,8,,21387,17,,,1,9,,21396,17,,,1,8,,21406,17,,,1,8,,21416,17,,,1,9,,21426,17,,,1,8,,21297,17,,,1,49,,21307,17,,,1,8,,21314,17,,,1,9,,21330,17,,,1,8,,21339,17,,,1,9,,21348,17,,,1,8,,21357,17,,,1,9,,21371,17,,,1,8,,21378,17,,,1,48,,21388,17,,,1,9,,21397,17,,,1,8,,21407,17,,,1,9,,21417,17,,,1,7,,21427,17,,,1,8,,21298,17,,,1,8,,21308,17,,,1,47,,21315,17,,,1,8,,21322,17,,,1,8,,21331,17,,,1,7,,21340,17,,,1,8,,21349,17,,,1,8,,21358,17,,,1,7,,21372,17,,,1,8,,21379,17,,,1,48,,21389,17,,,1,7,,21398,17,,,1,8,,21408,17,,,1,8,,21418,17,,,1,7,,21428,17,,,1,8,,21299,17,,,1,8,,21309,17,,,1,7,,21316,17,,,1,48,,21323,17,,,1,8,,21332,17,,,1,7,,21341,17,,,1,7,,21350,17,,,1,7,,21359,17,,,1,7,,21364,17,,,1,7,,21373,17,,,1,7,,21380,17,,,1,47,,21390,17,,,1,7,,21399,17,,,1,7,,21409,17,,,1,7,,21419,17,,,1,7,,21429,17,,,1,6,,21300,17,,,1,7,,21310,17,,,1,7,,21317,17,,,1,7,,21324,17,,,1,47,,21333,17,,,1,7,,21342,17,,,1,7,,21351,17,,,1,7,,21360,17,,,1,7,,21365,17,,,1,7,,21374,17,,,1,7,,21381,17,,,1,7,,21391,17,,,1,47,,21400,17,,,1,7,,21410,17,,,1,7,,21420,17,,,1,7,,21430,17,,,1,7,,21301,17,,,1,7,,21311,17,,,1,7,,21318,17,,,1,7,,21325,17,,,1,9,,21334,17,,,1,48,,21343,17,,,1,8,,21352,17,,,1,9,,21361,17,,,1,8,,21366,17,,,1,9,,21382,17,,,1,8,,21392,17,,,1,8,,21401,17,,,1,49,,21411,17,,,1,8,,21421,17,,,1,9,,21431,17,,,1,8,,21302,17,,,1,8,,21319,17,,,1,9,,21326,17,,,1,8,,21335,17,,,1,49,,21344,17,,,1,8,,21353,17,,,1,8,,21362,17,,,1,9,,21367,17,,,1,8,,21383,17,,,1,9,,21393,17,,,1,8,,21402,17,,,1,49,,21412,17,,,1,8,,21422,17,,,1,8,,21432,17,,,1,9,,21303,17,,,1,9,,21320,17,,,1,10,,21327,17,,,1,10,,21336,17,,,1,50,,21345,17,,,1,10,,21354,17,,,1,10,,21363,17,,,1,10,,21368,17,,,1,10,,21384,17,,,1,10,,21403,17,,,1,50,,21413,17,,,1,10,,21423,17,,,1,10,,21433,17,,,1,10,,21304,17,,,1,10,,21321,17,,,1,54,,21328,17,,,1
101,'GLOBAUX-01-I',550,,21514,17,,,1,50,,21524,17,,,1,10,,21533,17,,,1,10,,21543,17,,,1,10,,21553,17,,,1,10,,21563,17,,,1,10,,21434,17,,,1,50,,21444,17,,,1,10,,21451,17,,,1,10,,21476,17,,,1,10,,21485,17,,,1,10,,21494,17,,,1,10,,21508,17,,,1,9,,21515,17,,,1,49,,21525,17,,,1,10,,21534,17,,,1,9,,21544,17,,,1,9,,21554,17,,,1,9,,21564,17,,,1,8,,21435,17,,,1,49,,21445,17,,,1,8,,21452,17,,,1,9,,21468,17,,,1,8,,21477,17,,,1,8,,21486,17,,,1,9,,21495,17,,,1,8,,21509,17,,,1,49,,21516,17,,,1,8,,21526,17,,,1,9,,21535,17,,,1,8,,21545,17,,,1,8,,21555,17,,,1,9,,21565,17,,,1,8,,21436,17,,,1,49,,21446,17,,,1,8,,21453,17,,,1,9,,21469,17,,,1,8,,21478,17,,,1,9,,21487,17,,,1,8,,21496,17,,,1,9,,21510,17,,,1,8,,21517,17,,,1,48,,21527,17,,,1,9,,21536,17,,,1,8,,21546,17,,,1,9,,21556,17,,,1,7,,21566,17,,,1,8,,21437,17,,,1,8,,21447,17,,,1,47,,21454,17,,,1,8,,21461,17,,,1,8,,21470,17,,,1,7,,21479,17,,,1,8,,21488,17,,,1,8,,21497,17,,,1,7,,21511,17,,,1,8,,21518,17,,,1,48,,21528,17,,,1,7,,21537,17,,,1,8,,21547,17,,,1,8,,21557,17,,,1,7,,21567,17,,,1,8,,21438,17,,,1,8,,21448,17,,,1,7,,21455,17,,,1,48,,21462,17,,,1,8,,21471,17,,,1,7,,21480,17,,,1,7,,21489,17,,,1,7,,21498,17,,,1,7,,21503,17,,,1,7,,21512,17,,,1,7,,21519,17,,,1,47,,21529,17,,,1,7,,21538,17,,,1,7,,21548,17,,,1,7,,21558,17,,,1,7,,21568,17,,,1,6,,21439,17,,,1,7,,21449,17,,,1,7,,21456,17,,,1,7,,21463,17,,,1,47,,21472,17,,,1,7,,21481,17,,,1,7,,21490,17,,,1,7,,21499,17,,,1,7,,21504,17,,,1,7,,21513,17,,,1,7,,21520,17,,,1,7,,21530,17,,,1,47,,21539,17,,,1,7,,21549,17,,,1,7,,21559,17,,,1,7,,21569,17,,,1,7,,21440,17,,,1,7,,21450,17,,,1,7,,21457,17,,,1,7,,21464,17,,,1,9,,21473,17,,,1,48,,21482,17,,,1,8,,21491,17,,,1,9,,21500,17,,,1,8,,21505,17,,,1,9,,21521,17,,,1,8,,21531,17,,,1,8,,21540,17,,,1,49,,21550,17,,,1,8,,21560,17,,,1,9,,21570,17,,,1,8,,21441,17,,,1,8,,21458,17,,,1,9,,21465,17,,,1,8,,21474,17,,,1,49,,21483,17,,,1,8,,21492,17,,,1,8,,21501,17,,,1,9,,21506,17,,,1,8,,21522,17,,,1,9,,21532,17,,,1,8,,21541,17,,,1,49,,21551,17,,,1,8,,21561,17,,,1,8,,21571,17,,,1,9,,21442,17,,,1,9,,21459,17,,,1,10,,21466,17,,,1,10,,21475,17,,,1,50,,21484,17,,,1,10,,21493,17,,,1,10,,21502,17,,,1,10,,21507,17,,,1,10,,21523,17,,,1,10,,21542,17,,,1,50,,21552,17,,,1,10,,21562,17,,,1,10,,21572,17,,,1,10,,21443,17,,,1,10,,21460,17,,,1,54,,21467,17,,,1
101,'GLOBAUX-01-S',550,,21696,17,,,1,8,,21708,17,,,1,47,,21732,17,,,1,7,,21749,17,,,1,7,,21753,17,,,1,8,,21772,17,,,1,7,,21802,17,,,1,7,,21809,17,,,1,5,,21573,17,,,1,5,,21595,17,,,1,5,,21602,17,,,1,45,,21612,17,,,1,5,,21616,17,,,1,4,,21618,17,,,1,4,,21633,17,,,1,4,,21640,17,,,1,4,,21655,17,,,1,3,,21659,17,,,1,4,,21665,17,,,1,3,,21670,17,,,1,4,,21676,17,,,1,4,,21681,17,,,1,3,,21697,17,,,1,4,,21705,17,,,1,3,,21709,17,,,1,3,,21717,17,,,1,3,,21733,17,,,1,3,,21739,17,,,1,43,,21740,17,,,1,3,,21750,17,,,1,2,,21752,17,,,1,3,,21754,17,,,1,3,,21755,17,,,1,3,,21757,17,,,1,2,,21763,17,,,1,3,,21773,17,,,1,2,,21782,17,,,1,3,,21783,17,,,1,2,,21788,17,,,1,3,,21803,17,,,1,2,,21808,17,,,1,3,,21810,17,,,1,3,,21574,17,,,1,2,,21585,17,,,1,3,,21593,17,,,1,2,,21596,17,,,1,3,,21603,17,,,1,2,,21613,17,,,1,3,,21614,17,,,1,3,,21615,17,,,1,43,,21617,17,,,1,3,,21619,17,,,1,3,,21634,17,,,1,3,,21641,17,,,1,3,,21647,17,,,1,3,,21656,17,,,1,3,,21660,17,,,1,4,,21671,17,,,1,3,,21677,17,,,1,3,,21682,17,,,1,4,,21698,17,,,1,4,,21706,17,,,1,3,,21710,17,,,1,4,,21716,17,,,1,4,,21718,17,,,1,3,,21734,17,,,1,5,,21741,17,,,1,45,,21751,17,,,1,5,,21758,17,,,1,4,,21764,17,,,1,6,,21774,17,,,1,6,,21789,17,,,1,6,,21804,17,,,1,6,,21575,17,,,1,6,,21586,17,,,1,6,,21597,17,,,1,6,,21604,17,,,1,6,,21620,17,,,1,46,,21635,17,,,1,6,,21648,17,,,1,6,,21661,17,,,1,7,,21672,17,,,1,6,,21683,17,,,1,6,,21699,17,,,1,6,,21711,17,,,1,6,,21719,17,,,1,6,,21735,17,,,1,6,,21742,17,,,1,46,,21759,17,,,1,6,,21765,17,,,1,6,,21775,17,,,1,6,,21790,17,,,1,6,,21805,17,,,1,6,,21576,17,,,1,6,,21587,17,,,1,6,,21598,17,,,1,6,,21605,17,,,1,6,,21621,17,,,1,46,,21636,17,,,1,6,,21649,17,,,1,6,,21662,17,,,1,6,,21673,17,,,1,6,,21684,17,,,1,6,,21700,17,,,1,6,,21712,17,,,1,6,,21720,17,,,1,6,,21736,17,,,1,6,,21743,17,,,1,46,,21760,17,,,1,6,,21766,17,,,1,6,,21776,17,,,1,6,,21791,17,,,1,6,,21806,17,,,1,6,,21577,17,,,1,6,,21588,17,,,1,6,,21599,17,,,1,6,,21606,17,,,1,6,,21622,17,,,1,46,,21637,17,,,1,6,,21650,17,,,1,6,,21663,17,,,1,6,,21674,17,,,1,6,,21685,17,,,1,5,,21694,17,,,1,5,,21701,17,,,1,4,,21713,17,,,1,4,,21721,17,,,1,4,,21726,17,,,1,4,,21737,17,,,1,4,,21744,17,,,1,43,,21756,17,,,1,4,,21761,17,,,1,4,,21767,17,,,1,3,,21777,17,,,1,4,,21787,17,,,1,4,,21792,17,,,1,3,,21794,17,,,1,4,,21807,17,,,1,4,,21578,17,,,1,4,,21580,17,,,1,3,,21589,17,,,1,4,,21600,17,,,1,3,,21601,17,,,1,4,,21607,17,,,1,3,,21623,17,,,1,3,,21628,17,,,1,3,,21638,17,,,1,43,,21642,17,,,1,3,,21651,17,,,1,4,,21657,17,,,1,3,,21664,17,,,1,3,,21666,17,,,1,3,,21675,17,,,1,3,,21678,17,,,1,3,,21686,17,,,1,3,,21690,17,,,1,3,,21695,17,,,1,3,,21702,17,,,1,3,,21707,17,,,1,4,,21714,17,,,1,3,,21722,17,,,1,3,,21727,17,,,1,3,,21728,17,,,1,4,,21738,17,,,1,3,,21745,17,,,1,4,,21762,17,,,1,43,,21768,17,,,1,4,,21778,17,,,1,3,,21784,17,,,1,3,,21793,17,,,1,4,,21795,17,,,1,4,,21798,17,,,1,4,,21579,17,,,1,4,,21581,17,,,1,4,,21590,17,,,1,4,,21594,17,,,1,4,,21608,17,,,1,4,,21624,17,,,1,4,,21629,17,,,1,4,,21639,17,,,1,5,,21643,17,,,1,44,,21652,17,,,1,4,,21658,17,,,1,4,,21667,17,,,1,5,,21679,17,,,1,5,,21687,17,,,1,6,,21691,17,,,1,5,,21703,17,,,1,5,,21715,17,,,1,5,,21723,17,,,1,5,,21729,17,,,1,6,,21746,17,,,1,6,,21769,17,,,1,46,,21779,17,,,1,5,,21785,17,,,1,6,,21796,17,,,1,6,,21799,17,,,1,6,,21582,17,,,1,6,,21591,17,,,1,6,,21609,17,,,1,6,,21625,17,,,1,6,,21630,17,,,1,6,,21644,17,,,1,46,,21653,17,,,1,6,,21668,17,,,1,6,,21680,17,,,1,6,,21688,17,,,1,7,,21692,17,,,1,6,,21704,17,,,1,6,,21724,17,,,1,6,,21730,17,,,1,6,,21747,17,,,1,6,,21770,17,,,1,46,,21780,17,,,1,6,,21786,17,,,1,6,,21797,17,,,1,6,,21800,17,,,1,6,,21583,17,,,1,6,,21592,17,,,1,6,,21610,17,,,1,6,,21626,17,,,1,7,,21631,17,,,1,7,,21645,17,,,1,48,,21654,17,,,1,7,,21669,17,,,1,8,,21689,17,,,1,8,,21693,17,,,1,8,,21725,17,,,1,8,,21731,17,,,1,8,,21748,17,,,1,48,,21771,17,,,1,8,,21781,17,,,1,8,,21801,17,,,1,8,,21584,17,,,1,8,,21611,17,,,1,8,,21627,17,,,1,8,,21632,17,,,1,52,,21646,17,,,1
