200,'GLOBAUX-01-A',559,,21847,21,,,1,50,,21851,21,,,1,9,,21872,21,,,1,10,,21881,21,,,1,10,,21890,21,,,1,10,,21905,21,,,1,10,,21919,21,,,1,50,,21927,21,,,1,10,,21933,21,,,1,9,,21941,21,,,1,10,,21952,21,,,1,10,,21960,21,,,1,9,,21811,21,,,1,50,,21825,21,,,1,9,,21839,21,,,1,9,,21848,21,,,1,8,,21852,21,,,1,9,,21860,21,,,1,9,,21873,21,,,1,9,,21882,21,,,1,48,,21891,21,,,1,9,,21898,21,,,1,8,,21906,21,,,1,9,,21913,21,,,1,8,,21920,21,,,1,9,,21934,21,,,1,8,,21942,21,,,1,49,,21953,21,,,1,8,,21961,21,,,1,8,,21812,21,,,1,9,,21826,21,,,1,8,,21840,21,,,1,9,,21849,21,,,1,8,,21853,21,,,1,49,,21861,21,,,1,8,,21874,21,,,1,9,,21883,21,,,1,8,,21892,21,,,1,8,,21899,21,,,1,8,,21907,21,,,1,7,,21914,21,,,1,48,,21921,21,,,1,8,,21935,21,,,1,7,,21943,21,,,1,8,,21954,21,,,1,8,,21962,21,,,1,8,,21813,21,,,1,7,,21819,21,,,1,8,,21827,21,,,1,47,,21841,21,,,1,7,,21850,21,,,1,8,,21854,21,,,1,7,,21862,21,,,1,7,,21866,21,,,1,7,,21875,21,,,1,7,,21884,21,,,1,6,,21893,21,,,1,7,,21900,21,,,1,46,,21908,21,,,1,6,,21915,21,,,1,7,,21922,21,,,1,6,,21928,21,,,1,7,,21936,21,,,1,6,,21944,21,,,1,7,,21947,21,,,1,6,,21955,21,,,1,7,,21963,21,,,1,46,,21814,21,,,1,7,,21820,21,,,1,6,,21828,21,,,1,6,,21833,21,,,1,7,,21842,21,,,1,7,,21855,21,,,1,6,,21863,21,,,1,7,,21867,21,,,1,6,,21876,21,,,1,47,,21885,21,,,1,6,,21894,21,,,1,6,,21901,21,,,1,7,,21909,21,,,1,6,,21916,21,,,1,7,,21923,21,,,1,6,,21929,21,,,1,7,,21937,21,,,1,6,,21945,21,,,1,6,,21948,21,,,1,47,,21956,21,,,1,6,,21964,21,,,1,7,,21815,21,,,1,6,,21821,21,,,1,7,,21829,21,,,1,6,,21834,21,,,1,6,,21843,21,,,1,7,,21856,21,,,1,6,,21864,21,,,1,46,,21868,21,,,1,7,,21877,21,,,1,6,,21886,21,,,1,6,,21895,21,,,1,7,,21902,21,,,1,6,,21910,21,,,1,6,,21917,21,,,1,7,,21924,21,,,1,6,,21930,21,,,1,46,,21938,21,,,1,7,,21946,21,,,1,6,,21949,21,,,1,6,,21957,21,,,1,7,,21965,21,,,1,6,,21816,21,,,1,6,,21822,21,,,1,7,,21830,21,,,1,6,,21835,21,,,1,7,,21844,21,,,1,47,,21857,21,,,1,7,,21865,21,,,1,8,,21869,21,,,1,7,,21878,21,,,1,8,,21887,21,,,1,7,,21896,21,,,1,7,,21903,21,,,1,8,,21911,21,,,1,47,,21918,21,,,1,8,,21925,21,,,1,7,,21931,21,,,1,7,,21939,21,,,1,8,,21950,21,,,1,7,,21958,21,,,1,8,,21817,21,,,1,8,,21823,21,,,1,47,,21831,21,,,1,8,,21836,21,,,1,8,,21845,21,,,1,9,,21858,21,,,1,8,,21870,21,,,1,9,,21879,21,,,1,9,,21888,21,,,1,49,,21897,21,,,1,9,,21904,21,,,1,9,,21912,21,,,1,9,,21926,21,,,1,10,,21932,21,,,1,10,,21940,21,,,1,49,,21951,21,,,1,10,,21959,21,,,1,9,,21818,21,,,1,10,,21832,21,,,1,10,,21837,21,,,1,10,,21846,21,,,1,10,,21859,21,,,1,50,,21871,21,,,1,10,,21880,21,,,1,13,,21889,21,,,1
200,'GLOBAUX-01-F1',559,,22001,21,,,1,49,,22009,21,,,1,9,,22017,21,,,1,9,,22025,21,,,1,10,,22031,21,,,1,9,,22043,21,,,1,9,,22047,21,,,1,49,,22062,21,,,1,10,,22074,21,,,1,9,,22082,21,,,1,9,,22090,21,,,1,10,,22095,21,,,1,9,,21966,21,,,1,9,,21975,21,,,1,49,,21993,21,,,1,10,,22002,21,,,1,9,,22010,21,,,1,9,,22018,21,,,1,10,,22026,21,,,1,9,,22032,21,,,1,49,,22044,21,,,1,9,,22048,21,,,1,9,,22055,21,,,1,9,,22063,21,,,1,8,,22075,21,,,1,9,,22083,21,,,1,8,,22091,21,,,1,49,,22096,21,,,1,8,,21967,21,,,1,9,,21976,21,,,1,9,,21986,21,,,1,8,,21994,21,,,1,9,,22003,21,,,1,8,,22011,21,,,1,49,,22019,21,,,1,9,,22027,21,,,1,8,,22033,21,,,1,9,,22045,21,,,1,8,,22049,21,,,1,9,,22056,21,,,1,9,,22064,21,,,1,48,,22076,21,,,1,9,,22084,21,,,1,9,,22092,21,,,1,8,,22097,21,,,1,9,,21968,21,,,1,8,,21977,21,,,1,8,,21987,21,,,1,48,,21995,21,,,1,8,,22004,21,,,1,8,,22012,21,,,1,8,,22020,21,,,1,8,,22028,21,,,1,8,,22034,21,,,1,7,,22046,21,,,1,8,,22050,21,,,1,48,,22057,21,,,1,8,,22065,21,,,1,8,,22070,21,,,1,7,,22077,21,,,1,7,,22085,21,,,1,7,,22093,21,,,1,7,,22098,21,,,1,7,,22103,21,,,1,47,,21969,21,,,1,6,,21978,21,,,1,7,,21981,21,,,1,7,,21988,21,,,1,7,,21996,21,,,1,7,,22005,21,,,1,7,,22013,21,,,1,7,,22021,21,,,1,6,,22029,21,,,1,47,,22035,21,,,1,7,,22039,21,,,1,7,,22051,21,,,1,7,,22058,21,,,1,7,,22066,21,,,1,7,,22071,21,,,1,6,,22078,21,,,1,7,,22086,21,,,1,47,,22094,21,,,1,7,,22099,21,,,1,7,,22104,21,,,1,7,,21970,21,,,1,6,,21979,21,,,1,7,,21982,21,,,1,7,,21989,21,,,1,7,,21997,21,,,1,7,,22006,21,,,1,48,,22014,21,,,1,7,,22022,21,,,1,7,,22030,21,,,1,7,,22036,21,,,1,8,,22040,21,,,1,7,,22052,21,,,1,7,,22059,21,,,1,8,,22067,21,,,1,47,,22072,21,,,1,7,,22079,21,,,1,8,,22087,21,,,1,8,,22100,21,,,1,8,,22105,21,,,1,7,,21971,21,,,1,8,,21980,21,,,1,8,,21983,21,,,1,48,,21990,21,,,1,8,,21998,21,,,1,7,,22007,21,,,1,8,,22015,21,,,1,8,,22023,21,,,1,8,,22037,21,,,1,8,,22041,21,,,1,8,,22053,21,,,1,48,,22060,21,,,1,8,,22068,21,,,1,8,,22073,21,,,1,8,,22080,21,,,1,8,,22088,21,,,1,9,,22101,21,,,1,8,,22106,21,,,1,49,,21972,21,,,1,9,,21984,21,,,1,8,,21991,21,,,1,9,,21999,21,,,1,9,,22008,21,,,1,10,,22016,21,,,1,50,,22024,21,,,1,10,,22038,21,,,1,10,,22042,21,,,1,10,,22054,21,,,1,10,,22061,21,,,1,10,,22069,21,,,1,50,,22081,21,,,1,10,,22089,21,,,1,10,,22102,21,,,1,10,,22107,21,,,1,10,,21973,21,,,1,10,,21985,21,,,1,52,,22000,21,,,1
200,'GLOBAUX-01-F2',559,,22143,21,,,1,49,,22151,21,,,1,9,,22159,21,,,1,9,,22167,21,,,1,10,,22173,21,,,1,9,,22185,21,,,1,9,,22189,21,,,1,49,,22204,21,,,1,10,,22216,21,,,1,9,,22224,21,,,1,9,,22232,21,,,1,10,,22237,21,,,1,9,,22108,21,,,1,9,,22117,21,,,1,49,,22135,21,,,1,10,,22144,21,,,1,9,,22152,21,,,1,9,,22160,21,,,1,10,,22168,21,,,1,9,,22174,21,,,1,49,,22186,21,,,1,9,,22190,21,,,1,9,,22197,21,,,1,9,,22205,21,,,1,8,,22217,21,,,1,9,,22225,21,,,1,8,,22233,21,,,1,49,,22238,21,,,1,8,,22109,21,,,1,9,,22118,21,,,1,9,,22128,21,,,1,8,,22136,21,,,1,9,,22145,21,,,1,8,,22153,21,,,1,49,,22161,21,,,1,9,,22169,21,,,1,8,,22175,21,,,1,9,,22187,21,,,1,8,,22191,21,,,1,9,,22198,21,,,1,9,,22206,21,,,1,48,,22218,21,,,1,9,,22226,21,,,1,9,,22234,21,,,1,8,,22239,21,,,1,9,,22110,21,,,1,8,,22119,21,,,1,8,,22129,21,,,1,48,,22137,21,,,1,8,,22146,21,,,1,8,,22154,21,,,1,8,,22162,21,,,1,8,,22170,21,,,1,8,,22176,21,,,1,7,,22188,21,,,1,8,,22192,21,,,1,48,,22199,21,,,1,8,,22207,21,,,1,8,,22212,21,,,1,7,,22219,21,,,1,7,,22227,21,,,1,7,,22235,21,,,1,7,,22240,21,,,1,7,,22245,21,,,1,47,,22111,21,,,1,6,,22120,21,,,1,7,,22123,21,,,1,7,,22130,21,,,1,7,,22138,21,,,1,7,,22147,21,,,1,7,,22155,21,,,1,7,,22163,21,,,1,6,,22171,21,,,1,47,,22177,21,,,1,7,,22181,21,,,1,7,,22193,21,,,1,7,,22200,21,,,1,7,,22208,21,,,1,7,,22213,21,,,1,6,,22220,21,,,1,7,,22228,21,,,1,47,,22236,21,,,1,7,,22241,21,,,1,7,,22246,21,,,1,7,,22112,21,,,1,6,,22121,21,,,1,7,,22124,21,,,1,7,,22131,21,,,1,7,,22139,21,,,1,7,,22148,21,,,1,48,,22156,21,,,1,7,,22164,21,,,1,7,,22172,21,,,1,7,,22178,21,,,1,8,,22182,21,,,1,7,,22194,21,,,1,7,,22201,21,,,1,8,,22209,21,,,1,47,,22214,21,,,1,7,,22221,21,,,1,8,,22229,21,,,1,8,,22242,21,,,1,8,,22247,21,,,1,7,,22113,21,,,1,8,,22122,21,,,1,8,,22125,21,,,1,48,,22132,21,,,1,8,,22140,21,,,1,7,,22149,21,,,1,8,,22157,21,,,1,8,,22165,21,,,1,8,,22179,21,,,1,8,,22183,21,,,1,8,,22195,21,,,1,48,,22202,21,,,1,8,,22210,21,,,1,8,,22215,21,,,1,8,,22222,21,,,1,8,,22230,21,,,1,9,,22243,21,,,1,8,,22248,21,,,1,49,,22114,21,,,1,9,,22126,21,,,1,8,,22133,21,,,1,9,,22141,21,,,1,9,,22150,21,,,1,10,,22158,21,,,1,50,,22166,21,,,1,10,,22180,21,,,1,10,,22184,21,,,1,10,,22196,21,,,1,10,,22203,21,,,1,10,,22211,21,,,1,50,,22223,21,,,1,10,,22231,21,,,1,10,,22244,21,,,1,10,,22249,21,,,1,10,,22115,21,,,1,10,,22127,21,,,1,52,,22142,21,,,1
200,'GLOBAUX-01-I',559,,22285,21,,,1,49,,22293,21,,,1,9,,22301,21,,,1,9,,22309,21,,,1,10,,22315,21,,,1,9,,22327,21,,,1,9,,22331,21,,,1,49,,22346,21,,,1,10,,22358,21,,,1,9,,22366,21,,,1,9,,22374,21,,,1,10,,22379,21,,,1,9,,22250,21,,,1,9,,22259,21,,,1,49,,22277,21,,,1,10,,22286,21,,,1,9,,22294,21,,,1,9,,22302,21,,,1,10,,22310,21,,,1,9,,22316,21,,,1,49,,22328,21,,,1,9,,22332,21,,,1,9,,22339,21,,,1,9,,22347,21,,,1,8,,22359,21,,,1,9,,22367,21,,,1,8,,22375,21,,,1,49,,22380,21,,,1,8,,22251,21,,,1,9,,22260,21,,,1,9,,22270,21,,,1,8,,22278,21,,,1,9,,22287,21,,,1,8,,22295,21,,,1,49,,22303,21,,,1,9,,22311,21,,,1,8,,22317,21,,,1,9,,22329,21,,,1,8,,22333,21,,,1,9,,22340,21,,,1,9,,22348,21,,,1,48,,22360,21,,,1,9,,22368,21,,,1,9,,22376,21,,,1,8,,22381,21,,,1,9,,22252,21,,,1,8,,22261,21,,,1,8,,22271,21,,,1,48,,22279,21,,,1,8,,22288,21,,,1,8,,22296,21,,,1,8,,22304,21,,,1,8,,22312,21,,,1,8,,22318,21,,,1,7,,22330,21,,,1,8,,22334,21,,,1,48,,22341,21,,,1,8,,22349,21,,,1,8,,22354,21,,,1,7,,22361,21,,,1,7,,22369,21,,,1,7,,22377,21,,,1,7,,22382,21,,,1,7,,22387,21,,,1,47,,22253,21,,,1,6,,22262,21,,,1,7,,22265,21,,,1,7,,22272,21,,,1,7,,22280,21,,,1,7,,22289,21,,,1,7,,22297,21,,,1,7,,22305,21,,,1,6,,22313,21,,,1,47,,22319,21,,,1,7,,22323,21,,,1,7,,22335,21,,,1,7,,22342,21,,,1,7,,22350,21,,,1,7,,22355,21,,,1,6,,22362,21,,,1,7,,22370,21,,,1,47,,22378,21,,,1,7,,22383,21,,,1,7,,22388,21,,,1,7,,22254,21,,,1,6,,22263,21,,,1,7,,22266,21,,,1,7,,22273,21,,,1,7,,22281,21,,,1,7,,22290,21,,,1,48,,22298,21,,,1,7,,22306,21,,,1,7,,22314,21,,,1,7,,22320,21,,,1,8,,22324,21,,,1,7,,22336,21,,,1,7,,22343,21,,,1,8,,22351,21,,,1,47,,22356,21,,,1,7,,22363,21,,,1,8,,22371,21,,,1,8,,22384,21,,,1,8,,22389,21,,,1,7,,22255,21,,,1,8,,22264,21,,,1,8,,22267,21,,,1,48,,22274,21,,,1,8,,22282,21,,,1,7,,22291,21,,,1,8,,22299,21,,,1,8,,22307,21,,,1,8,,22321,21,,,1,8,,22325,21,,,1,8,,22337,21,,,1,48,,22344,21,,,1,8,,22352,21,,,1,8,,22357,21,,,1,8,,22364,21,,,1,8,,22372,21,,,1,9,,22385,21,,,1,8,,22390,21,,,1,49,,22256,21,,,1,9,,22268,21,,,1,8,,22275,21,,,1,9,,22283,21,,,1,9,,22292,21,,,1,10,,22300,21,,,1,50,,22308,21,,,1,10,,22322,21,,,1,10,,22326,21,,,1,10,,22338,21,,,1,10,,22345,21,,,1,10,,22353,21,,,1,50,,22365,21,,,1,10,,22373,21,,,1,10,,22386,21,,,1,10,,22391,21,,,1,10,,22257,21,,,1,10,,22269,21,,,1,52,,22284,21,,,1
200,'GLOBAUX-01-S',558,,22463,21,,,1,46,,22473,21,,,1,6,,22483,21,,,1,6,,22498,21,,,1,6,,22509,21,,,1,6,,22518,21,,,1,6,,22532,21,,,1,6,,22534,21,,,1,6,,22554,21,,,1,5,,22571,21,,,1,5,,22573,21,,,1,45,,22580,21,,,1,5,,22582,21,,,1,4,,22594,21,,,1,4,,22600,21,,,1,4,,22606,21,,,1,4,,22607,21,,,1,3,,22613,21,,,1,4,,22622,21,,,1,3,,22392,21,,,1,4,,22393,21,,,1,3,,22403,21,,,1,3,,22411,21,,,1,4,,22412,21,,,1,3,,22421,21,,,1,4,,22423,21,,,1,3,,22428,21,,,1,44,,22436,21,,,1,3,,22444,21,,,1,3,,22456,21,,,1,3,,22461,21,,,1,4,,22462,21,,,1,3,,22464,21,,,1,3,,22474,21,,,1,4,,22484,21,,,1,3,,22492,21,,,1,3,,22494,21,,,1,4,,22499,21,,,1,3,,22504,21,,,1,3,,22510,21,,,1,3,,22515,21,,,1,3,,22519,21,,,1,4,,22527,21,,,1,3,,22533,21,,,1,3,,22535,21,,,1,3,,22540,21,,,1,44,,22555,21,,,1,3,,22564,21,,,1,3,,22572,21,,,1,4,,22574,21,,,1,3,,22575,21,,,1,4,,22583,21,,,1,4,,22590,21,,,1,4,,22595,21,,,1,3,,22601,21,,,1,4,,22608,21,,,1,4,,22614,21,,,1,4,,22623,21,,,1,3,,22630,21,,,1,4,,22394,21,,,1,4,,22404,21,,,1,4,,22413,21,,,1,44,,22420,21,,,1,4,,22424,21,,,1,5,,22437,21,,,1,5,,22445,21,,,1,5,,22457,21,,,1,6,,22465,21,,,1,6,,22475,21,,,1,6,,22485,21,,,1,7,,22495,21,,,1,6,,22505,21,,,1,6,,22511,21,,,1,46,,22520,21,,,1,6,,22528,21,,,1,6,,22541,21,,,1,6,,22556,21,,,1,6,,22565,21,,,1,6,,22576,21,,,1,6,,22584,21,,,1,6,,22596,21,,,1,6,,22602,21,,,1,6,,22615,21,,,1,46,,22624,21,,,1,6,,22395,21,,,1,6,,22405,21,,,1,6,,22414,21,,,1,6,,22425,21,,,1,6,,22438,21,,,1,6,,22446,21,,,1,6,,22458,21,,,1,6,,22466,21,,,1,6,,22476,21,,,1,46,,22486,21,,,1,6,,22496,21,,,1,6,,22506,21,,,1,6,,22512,21,,,1,6,,22521,21,,,1,6,,22529,21,,,1,6,,22542,21,,,1,6,,22557,21,,,1,6,,22566,21,,,1,6,,22577,21,,,1,46,,22585,21,,,1,6,,22597,21,,,1,6,,22603,21,,,1,6,,22616,21,,,1,6,,22625,21,,,1,6,,22396,21,,,1,6,,22406,21,,,1,6,,22415,21,,,1,6,,22426,21,,,1,6,,22439,21,,,1,46,,22447,21,,,1,6,,22459,21,,,1,6,,22467,21,,,1,6,,22477,21,,,1,5,,22487,21,,,1,4,,22497,21,,,1,5,,22500,21,,,1,4,,22507,21,,,1,5,,22513,21,,,1,4,,22516,21,,,1,4,,22522,21,,,1,4,,22530,21,,,1,44,,22536,21,,,1,3,,22543,21,,,1,3,,22547,21,,,1,3,,22558,21,,,1,3,,22562,21,,,1,3,,22567,21,,,1,3,,22578,21,,,1,3,,22581,21,,,1,3,,22586,21,,,1,3,,22591,21,,,1,3,,22598,21,,,1,3,,22604,21,,,1,3,,22609,21,,,1,3,,22617,21,,,1,3,,22618,21,,,1,3,,22626,21,,,1,3,,22397,21,,,1,2,,22398,21,,,1,3,,22399,21,,,1,3,,22400,21,,,1,3,,22407,21,,,1,43,,22416,21,,,1,3,,22422,21,,,1,3,,22427,21,0,5,1,3,,22429,21,,,1,3,,22433,21,,,1,3,,22440,21,,,1,3,,22448,21,0,5,1,3,,22449,21,,,1,3,,22453,21,,,1,2,,22460,21,,,1,3,,22468,21,0,5,1,3,,22469,21,,,1,3,,22478,21,,,1,3,,22482,21,0,5,1,3,,22488,21,,,1,3,,22493,21,0,5,1,3,,22501,21,,,1,3,,22508,21,,,1,3,,22514,21,,,1,4,,22517,21,,,1,43,,22523,21,,,1,3,,22531,21,,,1,4,,22537,21,,,1,3,,22544,21,,,1,3,,22548,21,,,1,4,,22551,21,,,1,4,,22559,21,,,1,4,,22563,21,,,1,4,,22568,21,,,1,4,,22579,21,,,1,4,,22587,21,,,1,4,,22592,21,,,1,3,,22599,21,,,1,4,,22605,21,,,1,4,,22610,21,,,1,5,,22619,21,,,1,44,,22627,21,,,1,5,,22401,21,,,1,5,,22408,21,,,1,5,,22417,21,,,1,5,,22430,21,,,1,6,,22434,21,,,1,6,,22441,21,,,1,6,,22450,21,,,1,6,,22454,21,,,1,6,,22470,21,,,1,6,,22479,21,,,1,46,,22489,21,,,1,6,,22502,21,,,1,6,,22524,21,,,1,6,,22538,21,,,1,6,,22545,21,,,1,6,,22549,21,,,1,6,,22552,21,,,1,6,,22560,21,,,1,6,,22569,21,,,1,6,,22588,21,,,1,46,,22593,21,,,1,6,,22611,21,,,1,6,,22620,21,,,1,6,,22628,21,,,1,6,,22402,21,,,1,6,,22409,21,,,1,6,,22418,21,,,1,6,,22431,21,,,1,6,,22435,21,,,1,6,,22442,21,,,1,46,,22451,21,,,1,6,,22455,21,,,1,6,,22471,21,,,1,6,,22480,21,,,1,6,,22490,21,,,1,6,,22503,21,,,1,6,,22525,21,,,1,6,,22539,21,,,1,6,,22546,21,,,1,6,,22550,21,,,1,46,,22553,21,,,1,7,,22561,21,,,1,7,,22570,21,,,1,7,,22589,21,,,1,7,,22612,21,,,1,7,,22621,21,,,1,7,,22629,21,,,1,7,,22410,21,,,1,49,,22419,21,,,1,8,,22432,21,,,1,8,,22443,21,,,1,8,,22452,21,,,1,7,,22472,21,,,1,8,,22481,21,,,1,8,,22491,21,,,1,52,,22526,21,,,1
201,'GLOBAUX-01-A',541,,22741,11,,,1,9,,22748,11,,,1,50,,22757,11,,,1,10,,22769,11,,,1,9,,22778,11,,,1,10,,22631,11,,,1,9,,22645,11,,,1,10,,22658,11,,,1,10,,22666,11,,,1,50,,22669,11,,,1,9,,22688,11,,,1,10,,22696,11,,,1,9,,22704,11,,,1,10,,22712,11,,,1,9,,22719,11,,,1,49,,22727,11,,,1,9,,22733,11,,,1,9,,22749,11,,,1,9,,22758,11,,,1,8,,22770,11,,,1,9,,22779,11,,,1,9,,22632,11,,,1,49,,22646,11,,,1,8,,22659,11,,,1,9,,22667,11,,,1,9,,22670,11,,,1,8,,22677,11,,,1,9,,22689,11,,,1,9,,22697,11,,,1,48,,22705,11,,,1,9,,22713,11,,,1,9,,22720,11,,,1,9,,22728,11,,,1,8,,22734,11,,,1,8,,22750,11,,,1,8,,22759,11,,,1,47,,22771,11,,,1,8,,22780,11,,,1,8,,22633,11,,,1,7,,22640,11,,,1,8,,22647,11,,,1,7,,22660,11,,,1,7,,22668,11,,,1,7,,22671,11,,,1,47,,22678,11,,,1,7,,22682,11,,,1,7,,22690,11,,,1,7,,22698,11,,,1,7,,22706,11,,,1,6,,22714,11,,,1,7,,22721,11,,,1,7,,22729,11,,,1,6,,22735,11,,,1,46,,22742,11,,,1,7,,22751,11,,,1,6,,22760,11,,,1,7,,22763,11,,,1,6,,22772,11,,,1,6,,22781,11,,,1,7,,22634,11,,,1,6,,22641,11,,,1,7,,22648,11,,,1,46,,22653,11,,,1,7,,22661,11,,,1,6,,22672,11,,,1,6,,22679,11,,,1,7,,22683,11,,,1,6,,22691,11,,,1,7,,22699,11,,,1,6,,22707,11,,,1,6,,22715,11,,,1,7,,22722,11,,,1,46,,22730,11,,,1,7,,22736,11,,,1,6,,22743,11,,,1,6,,22752,11,,,1,7,,22761,11,,,1,6,,22764,11,,,1,7,,22773,11,,,1,6,,22782,11,,,1,7,,22635,11,,,1,46,,22642,11,,,1,6,,22649,11,,,1,7,,22654,11,,,1,6,,22662,11,,,1,7,,22673,11,,,1,6,,22680,11,,,1,6,,22684,11,,,1,7,,22692,11,,,1,6,,22700,11,,,1,47,,22708,11,,,1,6,,22716,11,,,1,7,,22723,11,,,1,6,,22731,11,,,1,6,,22737,11,,,1,7,,22744,11,,,1,6,,22753,11,,,1,7,,22762,11,,,1,6,,22765,11,,,1,6,,22774,11,,,1,47,,22783,11,,,1,6,,22636,11,,,1,7,,22643,11,,,1,6,,22650,11,,,1,7,,22655,11,,,1,6,,22663,11,,,1,6,,22674,11,,,1,7,,22681,11,,,1,7,,22685,11,,,1,47,,22693,11,,,1,8,,22701,11,,,1,7,,22709,11,,,1,7,,22717,11,,,1,7,,22724,11,,,1,8,,22732,11,,,1,7,,22738,11,,,1,8,,22745,11,,,1,47,,22754,11,,,1,8,,22766,11,,,1,7,,22775,11,,,1,8,,22637,11,,,1,8,,22644,11,,,1,8,,22651,11,,,1,7,,22656,11,,,1,8,,22664,11,,,1,48,,22675,11,,,1,8,,22686,11,,,1,8,,22694,11,,,1,9,,22702,11,,,1,8,,22710,11,,,1,9,,22718,11,,,1,9,,22725,11,,,1,49,,22739,11,,,1,10,,22746,11,,,1,9,,22755,11,,,1,10,,22767,11,,,1,9,,22776,11,,,1,10,,22638,11,,,1,49,,22652,11,,,1,10,,22657,11,,,1,9,,22665,11,,,1,10,,22676,11,,,1,10,,22687,11,,,1,9,,22695,11,,,1,50,,22703,11,,,1,10,,22711,11,,,1,10,,22726,11,,,1,10,,22740,11,,,1,10,,22747,11,,,1,10,,22756,11,,,1,50,,22768,11,,,1,10,,22777,11,,,1,10,,22639,11,,,1
201,'GLOBAUX-01-F1',541,,22877,11,,,1,9,,22890,11,,,1,50,,22898,11,,,1,9,,22906,11,,,1,9,,22911,11,,,1,10,,22784,11,,,1,9,,22792,11,,,1,9,,22809,11,,,1,10,,22817,11,,,1,49,,22825,11,,,1,9,,22833,11,,,1,10,,22841,11,,,1,9,,22846,11,,,1,9,,22859,11,,,1,10,,22862,11,,,1,49,,22878,11,,,1,9,,22891,11,,,1,10,,22899,11,,,1,9,,22907,11,,,1,9,,22912,11,,,1,9,,22785,11,,,1,9,,22793,11,,,1,49,,22803,11,,,1,9,,22810,11,,,1,9,,22818,11,,,1,8,,22826,11,,,1,9,,22834,11,,,1,9,,22842,11,,,1,8,,22847,11,,,1,49,,22860,11,,,1,9,,22863,11,,,1,8,,22870,11,,,1,9,,22879,11,,,1,8,,22892,11,,,1,9,,22900,11,,,1,9,,22908,11,,,1,48,,22913,11,,,1,9,,22786,11,,,1,8,,22794,11,,,1,9,,22804,11,,,1,9,,22811,11,,,1,8,,22819,11,,,1,9,,22827,11,,,1,48,,22835,11,,,1,8,,22843,11,,,1,8,,22848,11,,,1,8,,22861,11,,,1,8,,22864,11,,,1,8,,22871,11,,,1,8,,22880,11,,,1,47,,22886,11,,,1,7,,22893,11,,,1,7,,22901,11,,,1,6,,22909,11,,,1,7,,22914,11,,,1,7,,22919,11,,,1,7,,22787,11,,,1,7,,22795,11,,,1,7,,22798,11,,,1,46,,22805,11,,,1,7,,22812,11,,,1,7,,22820,11,,,1,7,,22828,11,,,1,7,,22836,11,,,1,7,,22844,11,,,1,6,,22849,11,,,1,7,,22854,11,,,1,7,,22865,11,,,1,47,,22872,11,,,1,7,,22881,11,,,1,7,,22887,11,,,1,6,,22894,11,,,1,7,,22902,11,,,1,7,,22910,11,,,1,7,,22915,11,,,1,7,,22920,11,,,1,6,,22788,11,,,1,47,,22796,11,,,1,7,,22799,11,,,1,7,,22806,11,,,1,8,,22813,11,,,1,7,,22821,11,,,1,7,,22829,11,,,1,8,,22837,11,,,1,7,,22845,11,,,1,47,,22850,11,,,1,8,,22855,11,,,1,7,,22866,11,,,1,7,,22873,11,,,1,8,,22882,11,,,1,7,,22888,11,,,1,7,,22895,11,,,1,8,,22903,11,,,1,47,,22916,11,,,1,8,,22921,11,,,1,8,,22789,11,,,1,8,,22797,11,,,1,8,,22800,11,,,1,7,,22807,11,,,1,8,,22814,11,,,1,8,,22822,11,,,1,48,,22830,11,,,1,8,,22838,11,,,1,7,,22851,11,,,1,8,,22856,11,,,1,8,,22867,11,,,1,8,,22874,11,,,1,8,,22883,11,,,1,48,,22889,11,,,1,8,,22896,11,,,1,8,,22904,11,,,1,9,,22917,11,,,1,8,,22922,11,,,1,9,,22790,11,,,1,8,,22801,11,,,1,9,,22808,11,,,1,48,,22815,11,,,1,9,,22823,11,,,1,9,,22831,11,,,1,9,,22839,11,,,1,8,,22852,11,,,1,9,,22857,11,,,1,49,,22868,11,,,1,10,,22875,11,,,1,10,,22884,11,,,1,10,,22897,11,,,1,10,,22905,11,,,1,10,,22918,11,,,1,50,,22923,11,,,1,10,,22791,11,,,1,10,,22802,11,,,1,10,,22816,11,,,1,10,,22824,11,,,1,10,,22832,11,,,1,50,,22840,11,,,1,10,,22853,11,,,1,10,,22858,11,,,1,10,,22869,11,,,1,10,,22876,11,,,1,10,,22885,11,,,1
201,'GLOBAUX-01-F2',541,,23017,11,,,1,9,,23030,11,,,1,50,,23038,11,,,1,9,,23046,11,,,1,9,,23051,11,,,1,10,,22924,11,,,1,9,,22932,11,,,1,9,,22949,11,,,1,10,,22957,11,,,1,49,,22965,11,,,1,9,,22973,11,,,1,10,,22981,11,,,1,9,,22986,11,,,1,9,,22999,11,,,1,10,,23002,11,,,1,49,,23018,11,,,1,9,,23031,11,,,1,10,,23039,11,,,1,9,,23047,11,,,1,9,,23052,11,,,1,9,,22925,11,,,1,9,,22933,11,,,1,49,,22943,11,,,1,9,,22950,11,,,1,9,,22958,11,,,1,8,,22966,11,,,1,9,,22974,11,,,1,9,,22982,11,,,1,8,,22987,11,,,1,49,,23000,11,,,1,9,,23003,11,,,1,8,,23010,11,,,1,9,,23019,11,,,1,8,,23032,11,,,1,9,,23040,11,,,1,9,,23048,11,,,1,48,,23053,11,,,1,9,,22926,11,,,1,8,,22934,11,,,1,9,,22944,11,,,1,9,,22951,11,,,1,8,,22959,11,,,1,9,,22967,11,,,1,48,,22975,11,,,1,8,,22983,11,,,1,8,,22988,11,,,1,8,,23001,11,,,1,8,,23004,11,,,1,8,,23011,11,,,1,8,,23020,11,,,1,47,,23026,11,,,1,7,,23033,11,,,1,7,,23041,11,,,1,6,,23049,11,,,1,7,,23054,11,,,1,7,,23059,11,,,1,7,,22927,11,,,1,7,,22935,11,,,1,7,,22938,11,,,1,46,,22945,11,,,1,7,,22952,11,,,1,7,,22960,11,,,1,7,,22968,11,,,1,7,,22976,11,,,1,7,,22984,11,,,1,6,,22989,11,,,1,7,,22994,11,,,1,7,,23005,11,,,1,47,,23012,11,,,1,7,,23021,11,,,1,7,,23027,11,,,1,6,,23034,11,,,1,7,,23042,11,,,1,7,,23050,11,,,1,7,,23055,11,,,1,7,,23060,11,,,1,6,,22928,11,,,1,47,,22936,11,,,1,7,,22939,11,,,1,7,,22946,11,,,1,8,,22953,11,,,1,7,,22961,11,,,1,7,,22969,11,,,1,8,,22977,11,,,1,7,,22985,11,,,1,47,,22990,11,,,1,8,,22995,11,,,1,7,,23006,11,,,1,7,,23013,11,,,1,8,,23022,11,,,1,7,,23028,11,,,1,7,,23035,11,,,1,8,,23043,11,,,1,47,,23056,11,,,1,8,,23061,11,,,1,8,,22929,11,,,1,8,,22937,11,,,1,8,,22940,11,,,1,7,,22947,11,,,1,8,,22954,11,,,1,8,,22962,11,,,1,48,,22970,11,,,1,8,,22978,11,,,1,7,,22991,11,,,1,8,,22996,11,,,1,8,,23007,11,,,1,8,,23014,11,,,1,8,,23023,11,,,1,48,,23029,11,,,1,8,,23036,11,,,1,8,,23044,11,,,1,9,,23057,11,,,1,8,,23062,11,,,1,9,,22930,11,,,1,8,,22941,11,,,1,9,,22948,11,,,1,48,,22955,11,,,1,9,,22963,11,,,1,9,,22971,11,,,1,9,,22979,11,,,1,8,,22992,11,,,1,9,,22997,11,,,1,49,,23008,11,,,1,10,,23015,11,,,1,10,,23024,11,,,1,10,,23037,11,,,1,10,,23045,11,,,1,10,,23058,11,,,1,50,,23063,11,,,1,10,,22931,11,,,1,10,,22942,11,,,1,10,,22956,11,,,1,10,,22964,11,,,1,10,,22972,11,,,1,50,,22980,11,,,1,10,,22993,11,,,1,10,,22998,11,,,1,10,,23009,11,,,1,10,,23016,11,,,1,10,,23025,11,,,1
201,'GLOBAUX-01-I',541,,23157,11,,,1,9,,23170,11,,,1,50,,23178,11,,,1,9,,23186,11,,,1,9,,23191,11,,,1,10,,23064,11,,,1,9,,23072,11,,,1,9,,23089,11,,,1,10,,23097,11,,,1,49,,23105,11,,,1,9,,23113,11,,,1,10,,23121,11,,,1,9,,23126,11,,,1,9,,23139,11,,,1,10,,23142,11,,,1,49,,23158,11,,,1,9,,23171,11,,,1,10,,23179,11,,,1,9,,23187,11,,,1,9,,23192,11,,,1,9,,23065,11,,,1,9,,23073,11,,,1,49,,23083,11,,,1,9,,23090,11,,,1,9,,23098,11,,,1,8,,23106,11,,,1,9,,23114,11,,,1,9,,23122,11,,,1,8,,23127,11,,,1,49,,23140,11,,,1,9,,23143,11,,,1,8,,23150,11,,,1,9,,23159,11,,,1,8,,23172,11,,,1,9,,23180,11,,,1,9,,23188,11,,,1,48,,23193,11,,,1,9,,23066,11,,,1,8,,23074,11,,,1,9,,23084,11,,,1,9,,23091,11,,,1,8,,23099,11,,,1,9,,23107,11,,,1,48,,23115,11,,,1,8,,23123,11,,,1,8,,23128,11,,,1,8,,23141,11,,,1,8,,23144,11,,,1,8,,23151,11,,,1,8,,23160,11,,,1,47,,23166,11,,,1,7,,23173,11,,,1,7,,23181,11,,,1,6,,23189,11,,,1,7,,23194,11,,,1,7,,23199,11,,,1,7,,23067,11,,,1,7,,23075,11,,,1,7,,23078,11,,,1,46,,23085,11,,,1,7,,23092,11,,,1,7,,23100,11,,,1,7,,23108,11,,,1,7,,23116,11,,,1,7,,23124,11,,,1,6,,23129,11,,,1,7,,23134,11,,,1,7,,23145,11,,,1,47,,23152,11,,,1,7,,23161,11,,,1,7,,23167,11,,,1,6,,23174,11,,,1,7,,23182,11,,,1,7,,23190,11,,,1,7,,23195,11,,,1,7,,23200,11,,,1,6,,23068,11,,,1,47,,23076,11,,,1,7,,23079,11,,,1,7,,23086,11,,,1,8,,23093,11,,,1,7,,23101,11,,,1,7,,23109,11,,,1,8,,23117,11,,,1,7,,23125,11,,,1,47,,23130,11,,,1,8,,23135,11,,,1,7,,23146,11,,,1,7,,23153,11,,,1,8,,23162,11,,,1,7,,23168,11,,,1,7,,23175,11,,,1,8,,23183,11,,,1,47,,23196,11,,,1,8,,23201,11,,,1,8,,23069,11,,,1,8,,23077,11,,,1,8,,23080,11,,,1,7,,23087,11,,,1,8,,23094,11,,,1,8,,23102,11,,,1,48,,23110,11,,,1,8,,23118,11,,,1,7,,23131,11,,,1,8,,23136,11,,,1,8,,23147,11,,,1,8,,23154,11,,,1,8,,23163,11,,,1,48,,23169,11,,,1,8,,23176,11,,,1,8,,23184,11,,,1,9,,23197,11,,,1,8,,23202,11,,,1,9,,23070,11,,,1,8,,23081,11,,,1,9,,23088,11,,,1,48,,23095,11,,,1,9,,23103,11,,,1,9,,23111,11,,,1,9,,23119,11,,,1,8,,23132,11,,,1,9,,23137,11,,,1,49,,23148,11,,,1,10,,23155,11,,,1,10,,23164,11,,,1,10,,23177,11,,,1,10,,23185,11,,,1,10,,23198,11,,,1,50,,23203,11,,,1,10,,23071,11,,,1,10,,23082,11,,,1,10,,23096,11,,,1,10,,23104,11,,,1,10,,23112,11,,,1,50,,23120,11,,,1,10,,23133,11,,,1,10,,23138,11,,,1,10,,23149,11,,,1,10,,23156,11,,,1,10,,23165,11,,,1
201,'GLOBAUX-01-S',540,,23391,11,,,1,6,,23405,11,,,1,6,,23411,11,,,1,6,,23418,11,,,1,46,,23424,11,,,1,6,,23204,11,,,1,6,,23206,11,,,1,6,,23224,11,,,1,6,,23226,11,,,1,5,,23238,11,,,1,5,,23243,11,,,1,5,,23251,11,,,1,5,,23276,11,,,1,4,,23277,11,,,1,4,,23279,11,,,1,44,,23288,11,,,1,5,,23297,11,,,1,3,,23305,11,,,1,4,,23308,11,,,1,3,,23313,11,,,1,4,,23322,11,,,1,3,,23327,11,,,1,3,,23331,11,,,1,3,,23339,11,,,1,3,,23344,11,,,1,3,,23346,11,,,1,3,,23351,11,,,1,3,,23366,11,,,1,3,,23375,8,,,1,3,,23383,11,,,1,3,,23384,11,,,1,3,,23385,8,,,1,3,,23390,11,,,1,3,,23392,11,,,1,43,,23394,11,,,1,3,,23401,8,,,1,2,,23406,11,,,1,3,,23412,11,,,1,3,,23417,11,,,1,3,,23419,11,,,1,3,,23425,11,,,1,3,,23434,11,,,1,3,,23442,8,,,1,3,,23205,11,,,1,3,,23207,11,,,1,3,,23216,11,,,1,2,,23225,11,,,1,3,,23227,11,,,1,3,,23234,8,,,1,3,,23235,11,,,1,3,,23239,11,,,1,3,,23244,11,,,1,3,,23252,11,,,1,3,,23259,11,,,1,3,,23260,11,,,1,43,,23271,11,,,1,3,,23278,11,,,1,3,,23280,11,,,1,4,,23289,11,,,1,3,,23298,11,,,1,3,,23306,11,,,1,4,,23309,11,,,1,4,,23314,11,,,1,3,,23318,11,,,1,4,,23323,11,,,1,4,,23328,11,,,1,4,,23332,11,,,1,3,,23340,11,,,1,5,,23345,11,,,1,5,,23352,11,,,1,5,,23367,11,,,1,45,,23376,11,,,1,5,,23386,11,,,1,5,,23395,11,,,1,6,,23407,11,,,1,6,,23413,11,,,1,6,,23426,11,,,1,6,,23435,11,,,1,6,,23208,11,,,1,6,,23217,11,,,1,6,,23228,11,,,1,46,,23240,11,,,1,6,,23253,11,,,1,6,,23261,11,,,1,6,,23272,11,,,1,6,,23281,11,,,1,6,,23290,11,,,1,6,,23299,11,,,1,6,,23310,11,,,1,6,,23319,11,,,1,6,,23324,11,,,1,46,,23333,11,,,1,6,,23341,11,,,1,6,,23353,11,,,1,6,,23368,11,,,1,6,,23377,11,,,1,6,,23387,11,,,1,6,,23396,11,,,1,6,,23408,11,,,1,6,,23414,11,,,1,6,,23427,11,,,1,46,,23436,11,,,1,6,,23209,11,,,1,6,,23218,11,,,1,6,,23229,11,,,1,6,,23241,11,,,1,6,,23254,11,,,1,6,,23262,11,,,1,6,,23273,11,,,1,6,,23282,11,,,1,6,,23291,11,,,1,46,,23300,11,,,1,6,,23311,11,,,1,6,,23320,11,,,1,6,,23325,11,,,1,6,,23334,11,,,1,6,,23342,11,,,1,6,,23354,11,,,1,6,,23369,11,,,1,6,,23378,11,,,1,6,,23388,11,,,1,46,,23397,11,,,1,6,,23409,11,,,1,5,,23415,11,,,1,6,,23428,11,,,1,5,,23437,11,,,1,5,,23210,11,,,1,5,,23212,11,,,1,4,,23219,11,,,1,5,,23230,11,,,1,3,,23236,11,,,1,3,,23242,11,,,1,4,,23248,11,,,1,3,,23255,11,,,1,44,,23263,11,,,1,3,,23267,11,,,1,3,,23274,11,,,1,3,,23283,11,,,1,3,,23284,11,,,1,4,,23292,11,,,1,3,,23296,11,,,1,3,,23301,11,,,1,3,,23307,11,,,1,4,,23312,11,,,1,3,,23315,11,,,1,3,,23321,11,,,1,3,,23326,11,,,1,4,,23329,11,,,1,3,,23335,11,,,1,3,,23343,11,,,1,3,,23347,11,,,1,3,,23355,11,,,1,3,,23358,11,,,1,44,,23362,11,,,1,3,,23370,11,,,1,3,,23374,11,,,1,3,,23379,11,,,1,3,,23389,11,,,1,3,,23393,11,,,1,4,,23398,11,,,1,3,,23402,11,,,1,3,,23410,11,,,1,3,,23416,11,,,1,4,,23420,11,,,1,3,,23429,11,,,1,3,,23430,11,,,1,3,,23438,11,,,1,4,,23211,11,,,1,4,,23213,11,,,1,4,,23220,11,,,1,4,,23231,11,,,1,44,,23237,11,,,1,3,,23245,11,,,1,4,,23249,11,,,1,5,,23256,11,,,1,4,,23264,11,,,1,5,,23268,11,,,1,5,,23275,11,,,1,4,,23285,11,,,1,5,,23293,11,,,1,5,,23302,11,,,1,5,,23316,11,,,1,5,,23330,11,,,1,5,,23336,11,,,1,44,,23348,11,,,1,5,,23356,11,,,1,5,,23359,11,,,1,6,,23363,11,,,1,6,,23371,11,,,1,6,,23380,11,,,1,6,,23399,11,,,1,6,,23403,11,,,1,6,,23421,11,,,1,6,,23431,11,,,1,6,,23439,11,,,1,46,,23214,11,,,1,6,,23221,11,,,1,6,,23232,11,,,1,6,,23246,11,,,1,6,,23250,11,,,1,6,,23257,11,,,1,6,,23265,11,,,1,6,,23269,11,,,1,6,,23286,11,,,1,6,,23294,11,,,1,46,,23303,11,,,1,6,,23317,11,,,1,6,,23337,11,,,1,6,,23349,11,,,1,6,,23357,11,,,1,6,,23360,11,,,1,6,,23364,11,,,1,6,,23372,11,,,1,6,,23381,11,,,1,6,,23400,11,,,1,46,,23404,11,,,1,6,,23422,11,,,1,6,,23432,11,,,1,6,,23440,11,,,1,6,,23215,11,,,1,6,,23222,11,,,1,6,,23233,11,,,1,7,,23247,11,,,1,7,,23258,11,,,1,47,,23266,11,,,1,7,,23270,11,,,1,7,,23287,11,,,1,7,,23295,11,,,1,7,,23304,11,,,1,7,,23338,11,,,1,8,,23350,11,,,1,8,,23361,11,,,1,48,,23365,11,,,1,8,,23373,11,,,1,8,,23382,11,,,1,8,,23423,11,,,1,8,,23433,11,,,1,8,,23441,11,,,1,8,,23223,11,,,1
