200,'GLOBAUX-01-A',530,,21847,1,,,1,9,,21851,1,,,1,10,,21872,1,,,1,10,,21881,1,,,1,50,,21890,1,,,1,9,,21905,1,,,1,10,,21919,1,,,1,10,,21927,1,,,1,10,,21933,1,,,1,9,,21941,1,,,1,50,,21952,1,,,1,9,,21960,1,,,1,10,,21811,1,,,1,9,,21825,1,,,1,9,,21839,1,,,1,9,,21848,1,,,1,49,,21852,1,,,1,9,,21860,1,,,1,8,,21873,1,,,1,9,,21882,1,,,1,9,,21891,1,,,1,9,,21898,1,,,1,8,,21906,1,,,1,49,,21913,1,,,1,8,,21920,1,,,1,9,,21934,1,,,1,8,,21942,1,,,1,9,,21953,1,,,1,8,,21961,1,,,1,9,,21812,1,,,1,48,,21826,1,,,1,9,,21840,1,,,1,8,,21849,1,,,1,9,,21853,1,,,1,8,,21861,1,,,1,9,,21874,1,,,1,8,,21883,1,,,1,49,,21892,1,,,1,7,,21899,1,,,1,8,,21907,1,,,1,8,,21914,1,,,1,7,,21921,1,,,1,8,,21935,1,,,1,8,,21943,1,,,1,7,,21954,1,,,1,48,,21962,1,,,1,8,,21813,1,,,1,7,,21819,1,,,1,8,,21827,1,,,1,7,,21841,1,,,1,7,,21850,1,,,1,7,,21854,1,,,1,8,,21862,1,,,1,47,,21866,1,,,1,7,,21875,1,,,1,7,,21884,1,,,1,6,,21893,1,,,1,6,,21900,1,,,1,7,,21908,1,,,1,6,,21915,1,,,1,7,,21922,1,,,1,6,,21928,1,,,1,47,,21936,1,,,1,6,,21944,1,,,1,6,,21947,1,,,1,7,,21955,1,,,1,6,,21963,1,,,1,7,,21814,1,,,1,6,,21820,1,,,1,6,,21828,1,,,1,7,,21833,1,,,1,6,,21842,1,,,1,47,,21855,1,,,1,6,,21863,1,,,1,7,,21867,1,,,1,6,,21876,1,,,1,6,,21885,1,,,1,7,,21894,1,,,1,6,,21901,1,,,1,7,,21909,1,,,1,6,,21916,1,,,1,46,,21923,1,,,1,7,,21929,1,,,1,6,,21937,1,,,1,7,,21945,1,,,1,6,,21948,1,,,1,7,,21956,1,,,1,6,,21964,1,,,1,6,,21815,1,,,1,7,,21821,1,,,1,46,,21829,1,,,1,7,,21834,1,,,1,6,,21843,1,,,1,6,,21856,1,,,1,7,,21864,1,,,1,6,,21868,1,,,1,7,,21877,1,,,1,6,,21886,1,,,1,7,,21895,1,,,1,6,,21902,1,,,1,46,,21910,1,,,1,7,,21917,1,,,1,6,,21924,1,,,1,7,,21930,1,,,1,6,,21938,1,,,1,6,,21946,1,,,1,7,,21949,1,,,1,6,,21957,1,,,1,7,,21965,1,,,1,46,,21816,1,,,1,7,,21822,1,,,1,6,,21830,1,,,1,6,,21835,1,,,1,7,,21844,1,,,1,7,,21857,1,,,1,8,,21865,1,,,1,7,,21869,1,,,1,7,,21878,1,,,1,48,,21887,1,,,1,7,,21896,1,,,1,8,,21903,1,,,1,7,,21911,1,,,1,8,,21918,1,,,1,7,,21925,1,,,1,7,,21931,1,,,1,8,,21939,1,,,1,47,,21950,1,,,1,8,,21958,1,,,1,7,,21817,1,,,1,8,,21823,1,,,1,8,,21831,1,,,1,8,,21836,1,,,1,7,,21845,1,,,1,9,,21858,1,,,1,49,,21870,1,,,1,9,,21879,1,,,1,9,,21888,1,,,1,9,,21897,1,,,1,9,,21904,1,,,1,9,,21912,1,,,1,49,,21926,1,,,1,10,,21932,1,,,1,9,,21940,1,,,1,10,,21951,1,,,1,9,,21959,1,,,1,10,,21818,1,,,1,50,,21832,1,,,1,10,,21837,1,,,1,10,,21846,1,,,1,10,,21859,1,,,1,10,,21871,1,,,1,10,,21880,1,,,1,50,,21889,1,,,1
200,'GLOBAUX-01-F1',530,,22001,1,,,1,9,,22009,1,,,1,9,,22017,1,,,1,9,,22025,1,,,1,50,,22031,1,,,1,9,,22043,1,,,1,9,,22047,1,,,1,9,,22062,1,,,1,10,,22074,1,,,1,9,,22082,1,,,1,49,,22090,1,,,1,9,,22095,1,,,1,10,,21966,1,,,1,9,,21975,1,,,1,9,,21993,1,,,1,9,,22002,1,,,1,10,,22010,1,,,1,49,,22018,1,,,1,9,,22026,1,,,1,9,,22032,1,,,1,10,,22044,1,,,1,9,,22048,1,,,1,8,,22055,1,,,1,49,,22063,1,,,1,8,,22075,1,,,1,9,,22083,1,,,1,8,,22091,1,,,1,9,,22096,1,,,1,9,,21967,1,,,1,8,,21976,1,,,1,49,,21986,1,,,1,8,,21994,1,,,1,9,,22003,1,,,1,9,,22011,1,,,1,8,,22019,1,,,1,9,,22027,1,,,1,8,,22033,1,,,1,49,,22045,1,,,1,8,,22049,1,,,1,9,,22056,1,,,1,9,,22064,1,,,1,8,,22076,1,,,1,9,,22084,1,,,1,8,,22092,1,,,1,49,,22097,1,,,1,9,,21968,1,,,1,8,,21977,1,,,1,8,,21987,1,,,1,8,,21995,1,,,1,8,,22004,1,,,1,7,,22012,1,,,1,8,,22020,1,,,1,48,,22028,1,,,1,8,,22034,1,,,1,8,,22046,1,,,1,8,,22050,1,,,1,8,,22057,1,,,1,8,,22065,1,,,1,8,,22070,1,,,1,47,,22077,1,,,1,7,,22085,1,,,1,7,,22093,1,,,1,6,,22098,1,,,1,7,,22103,1,,,1,7,,21969,1,,,1,7,,21978,1,,,1,7,,21981,1,,,1,7,,21988,1,,,1,46,,21996,1,,,1,7,,22005,1,,,1,7,,22013,1,,,1,7,,22021,1,,,1,7,,22029,1,,,1,7,,22035,1,,,1,6,,22039,1,,,1,7,,22051,1,,,1,7,,22058,1,,,1,47,,22066,1,,,1,7,,22071,1,,,1,7,,22078,1,,,1,6,,22086,1,,,1,7,,22094,1,,,1,7,,22099,1,,,1,7,,22104,1,,,1,7,,21970,1,,,1,7,,21979,1,,,1,46,,21982,1,,,1,7,,21989,1,,,1,7,,21997,1,,,1,7,,22006,1,,,1,8,,22014,1,,,1,7,,22022,1,,,1,7,,22030,1,,,1,8,,22036,1,,,1,47,,22040,1,,,1,7,,22052,1,,,1,8,,22059,1,,,1,7,,22067,1,,,1,7,,22072,1,,,1,8,,22079,1,,,1,8,,22087,1,,,1,7,,22100,1,,,1,48,,22105,1,,,1,8,,21971,1,,,1,8,,21980,1,,,1,8,,21983,1,,,1,8,,21990,1,,,1,7,,21998,1,,,1,8,,22007,1,,,1,8,,22015,1,,,1,48,,22023,1,,,1,8,,22037,1,,,1,8,,22041,1,,,1,8,,22053,1,,,1,8,,22060,1,,,1,8,,22068,1,,,1,8,,22073,1,,,1,48,,22080,1,,,1,8,,22088,1,,,1,9,,22101,1,,,1,8,,22106,1,,,1,9,,21972,1,,,1,9,,21984,1,,,1,8,,21991,1,,,1,49,,21999,1,,,1,9,,22008,1,,,1,10,,22016,1,,,1,10,,22024,1,,,1,10,,22038,1,,,1,10,,22042,1,,,1,50,,22054,1,,,1,10,,22061,1,,,1,10,,22069,1,,,1,10,,22081,1,,,1,10,,22089,1,,,1,10,,22102,1,,,1,50,,22107,1,,,1,10,,21973,1,,,1,10,,21985,1,,,1,10,,22000,1,,,1
200,'GLOBAUX-01-F2',530,,22143,1,,,1,9,,22151,1,,,1,9,,22159,1,,,1,9,,22167,1,,,1,50,,22173,1,,,1,9,,22185,1,,,1,9,,22189,1,,,1,9,,22204,1,,,1,10,,22216,1,,,1,9,,22224,1,,,1,49,,22232,1,,,1,9,,22237,1,,,1,10,,22108,1,,,1,9,,22117,1,,,1,9,,22135,1,,,1,9,,22144,1,,,1,10,,22152,1,,,1,49,,22160,1,,,1,9,,22168,1,,,1,9,,22174,1,,,1,10,,22186,1,,,1,9,,22190,1,,,1,8,,22197,1,,,1,49,,22205,1,,,1,8,,22217,1,,,1,9,,22225,1,,,1,8,,22233,1,,,1,9,,22238,1,,,1,9,,22109,1,,,1,8,,22118,1,,,1,49,,22128,1,,,1,8,,22136,1,,,1,9,,22145,1,,,1,9,,22153,1,,,1,8,,22161,1,,,1,9,,22169,1,,,1,8,,22175,1,,,1,49,,22187,1,,,1,8,,22191,1,,,1,9,,22198,1,,,1,9,,22206,1,,,1,8,,22218,1,,,1,9,,22226,1,,,1,8,,22234,1,,,1,49,,22239,1,,,1,9,,22110,1,,,1,8,,22119,1,,,1,8,,22129,1,,,1,8,,22137,1,,,1,8,,22146,1,,,1,7,,22154,1,,,1,8,,22162,1,,,1,48,,22170,1,,,1,8,,22176,1,,,1,8,,22188,1,,,1,8,,22192,1,,,1,8,,22199,1,,,1,8,,22207,1,,,1,8,,22212,1,,,1,47,,22219,1,,,1,7,,22227,1,,,1,7,,22235,1,,,1,6,,22240,1,,,1,7,,22245,1,,,1,7,,22111,1,,,1,7,,22120,1,,,1,7,,22123,1,,,1,7,,22130,1,,,1,46,,22138,1,,,1,7,,22147,1,,,1,7,,22155,1,,,1,7,,22163,1,,,1,7,,22171,1,,,1,7,,22177,1,,,1,6,,22181,1,,,1,7,,22193,1,,,1,7,,22200,1,,,1,47,,22208,1,,,1,7,,22213,1,,,1,7,,22220,1,,,1,6,,22228,1,,,1,7,,22236,1,,,1,7,,22241,1,,,1,7,,22246,1,,,1,7,,22112,1,,,1,7,,22121,1,,,1,46,,22124,1,,,1,7,,22131,1,,,1,7,,22139,1,,,1,7,,22148,1,,,1,8,,22156,1,,,1,7,,22164,1,,,1,7,,22172,1,,,1,8,,22178,1,,,1,47,,22182,1,,,1,7,,22194,1,,,1,8,,22201,1,,,1,7,,22209,1,,,1,7,,22214,1,,,1,8,,22221,1,,,1,8,,22229,1,,,1,7,,22242,1,,,1,48,,22247,1,,,1,8,,22113,1,,,1,8,,22122,1,,,1,8,,22125,1,,,1,8,,22132,1,,,1,7,,22140,1,,,1,8,,22149,1,,,1,8,,22157,1,,,1,48,,22165,1,,,1,8,,22179,1,,,1,8,,22183,1,,,1,8,,22195,1,,,1,8,,22202,1,,,1,8,,22210,1,,,1,8,,22215,1,,,1,48,,22222,1,,,1,8,,22230,1,,,1,9,,22243,1,,,1,8,,22248,1,,,1,9,,22114,1,,,1,9,,22126,1,,,1,8,,22133,1,,,1,49,,22141,1,,,1,9,,22150,1,,,1,10,,22158,1,,,1,10,,22166,1,,,1,10,,22180,1,,,1,10,,22184,1,,,1,50,,22196,1,,,1,10,,22203,1,,,1,10,,22211,1,,,1,10,,22223,1,,,1,10,,22231,1,,,1,10,,22244,1,,,1,50,,22249,1,,,1,10,,22115,1,,,1,10,,22127,1,,,1,10,,22142,1,,,1
200,'GLOBAUX-01-I',530,,22285,1,,,1,9,,22293,1,,,1,9,,22301,1,,,1,9,,22309,1,,,1,50,,22315,1,,,1,9,,22327,1,,,1,9,,22331,1,,,1,9,,22346,1,,,1,10,,22358,1,,,1,9,,22366,1,,,1,49,,22374,1,,,1,9,,22379,1,,,1,10,,22250,1,,,1,9,,22259,1,,,1,9,,22277,1,,,1,9,,22286,1,,,1,10,,22294,1,,,1,49,,22302,1,,,1,9,,22310,1,,,1,9,,22316,1,,,1,10,,22328,1,,,1,9,,22332,1,,,1,8,,22339,1,,,1,49,,22347,1,,,1,8,,22359,1,,,1,9,,22367,1,,,1,8,,22375,1,,,1,9,,22380,1,,,1,9,,22251,1,,,1,8,,22260,1,,,1,49,,22270,1,,,1,8,,22278,1,,,1,9,,22287,1,,,1,9,,22295,1,,,1,8,,22303,1,,,1,9,,22311,1,,,1,8,,22317,1,,,1,49,,22329,1,,,1,8,,22333,1,,,1,9,,22340,1,,,1,9,,22348,1,,,1,8,,22360,1,,,1,9,,22368,1,,,1,8,,22376,1,,,1,49,,22381,1,,,1,9,,22252,1,,,1,8,,22261,1,,,1,8,,22271,1,,,1,8,,22279,1,,,1,8,,22288,1,,,1,7,,22296,1,,,1,8,,22304,1,,,1,48,,22312,1,,,1,8,,22318,1,,,1,8,,22330,1,,,1,8,,22334,1,,,1,8,,22341,1,,,1,8,,22349,1,,,1,8,,22354,1,,,1,47,,22361,1,,,1,7,,22369,1,,,1,7,,22377,1,,,1,6,,22382,1,,,1,7,,22387,1,,,1,7,,22253,1,,,1,7,,22262,1,,,1,7,,22265,1,,,1,7,,22272,1,,,1,46,,22280,1,,,1,7,,22289,1,,,1,7,,22297,1,,,1,7,,22305,1,,,1,7,,22313,1,,,1,7,,22319,1,,,1,6,,22323,1,,,1,7,,22335,1,,,1,7,,22342,1,,,1,47,,22350,1,,,1,7,,22355,1,,,1,7,,22362,1,,,1,6,,22370,1,,,1,7,,22378,1,,,1,7,,22383,1,,,1,7,,22388,1,,,1,7,,22254,1,,,1,7,,22263,1,,,1,46,,22266,1,,,1,7,,22273,1,,,1,7,,22281,1,,,1,7,,22290,1,,,1,8,,22298,1,,,1,7,,22306,1,,,1,7,,22314,1,,,1,8,,22320,1,,,1,47,,22324,1,,,1,7,,22336,1,,,1,8,,22343,1,,,1,7,,22351,1,,,1,7,,22356,1,,,1,8,,22363,1,,,1,8,,22371,1,,,1,7,,22384,1,,,1,48,,22389,1,,,1,8,,22255,1,,,1,8,,22264,1,,,1,8,,22267,1,,,1,8,,22274,1,,,1,7,,22282,1,,,1,8,,22291,1,,,1,8,,22299,1,,,1,48,,22307,1,,,1,8,,22321,1,,,1,8,,22325,1,,,1,8,,22337,1,,,1,8,,22344,1,,,1,8,,22352,1,,,1,8,,22357,1,,,1,48,,22364,1,,,1,8,,22372,1,,,1,9,,22385,1,,,1,8,,22390,1,,,1,9,,22256,1,,,1,9,,22268,1,,,1,8,,22275,1,,,1,49,,22283,1,,,1,9,,22292,1,,,1,10,,22300,1,,,1,10,,22308,1,,,1,10,,22322,1,,,1,10,,22326,1,,,1,50,,22338,1,,,1,10,,22345,1,,,1,10,,22353,1,,,1,10,,22365,1,,,1,10,,22373,1,,,1,10,,22386,1,,,1,50,,22391,1,,,1,10,,22257,1,,,1,10,,22269,1,,,1,10,,22284,1,,,1
200,'GLOBAUX-01-S',530,,22463,1,,,1,6,,22473,1,,,1,6,,22483,1,,,1,6,,22498,1,,,1,6,,22509,1,,,1,46,,22518,1,,,1,6,,22532,1,,,1,6,,22534,1,,,1,5,,22554,1,,,1,5,,22571,1,,,1,5,,22573,1,,,1,5,,22580,1,,,1,5,,22582,1,,,1,4,,22594,1,,,1,4,,22600,1,,,1,4,,22606,1,,,1,4,,22607,1,,,1,3,,22613,1,,,1,3,,22622,1,,,1,44,,22392,1,,,1,3,,22393,1,,,1,4,,22403,1,,,1,3,,22411,1,,,1,4,,22412,1,,,1,3,,22421,1,,,1,3,,22423,1,,,1,4,,22428,1,,,1,3,,22436,1,,,1,3,,22444,1,,,1,4,,22456,1,,,1,3,,22461,1,,,1,3,,22462,1,,,1,3,,22464,1,,,1,4,,22474,1,,,1,3,,22484,1,,,1,3,,22492,1,,,1,3,,22494,1,,,1,44,,22499,1,,,1,3,,22504,1,,,1,3,,22510,1,,,1,3,,22515,1,,,1,4,,22519,1,,,1,3,,22527,1,,,1,3,,22533,1,,,1,3,,22535,1,,,1,4,,22540,1,,,1,3,,22555,1,,,1,3,,22564,1,,,1,3,,22572,1,,,1,4,,22574,1,,,1,4,,22575,1,,,1,4,,22583,1,,,1,3,,22590,1,,,1,4,,22595,1,,,1,44,,22601,1,,,1,4,,22608,1,,,1,3,,22614,1,,,1,4,,22623,1,,,1,4,,22630,1,,,1,4,,22394,1,,,1,4,,22404,1,,,1,4,,22413,1,,,1,4,,22420,1,,,1,4,,22424,1,,,1,5,,22437,1,,,1,5,,22445,1,,,1,5,,22457,1,,,1,6,,22465,1,,,1,46,,22475,1,,,1,6,,22485,1,,,1,6,,22495,1,,,1,6,,22505,1,,,1,6,,22511,1,,,1,6,,22520,1,,,1,6,,22528,1,,,1,6,,22541,1,,,1,6,,22556,1,,,1,6,,22565,1,,,1,46,,22576,1,,,1,6,,22584,1,,,1,6,,22596,1,,,1,6,,22602,1,,,1,6,,22615,1,,,1,6,,22624,1,,,1,6,,22395,1,,,1,6,,22405,1,,,1,6,,22414,1,,,1,6,,22425,1,,,1,46,,22438,1,,,1,6,,22446,1,,,1,6,,22458,1,,,1,6,,22466,1,,,1,6,,22476,1,,,1,6,,22486,1,,,1,6,,22496,1,,,1,6,,22506,1,,,1,6,,22512,1,,,1,6,,22521,1,,,1,46,,22529,1,,,1,6,,22542,1,,,1,6,,22557,1,,,1,6,,22566,1,,,1,6,,22577,1,,,1,6,,22585,1,,,1,6,,22597,1,,,1,6,,22603,1,,,1,6,,22616,1,,,1,6,,22625,1,,,1,46,,22396,1,,,1,6,,22406,1,,,1,6,,22415,1,,,1,6,,22426,1,,,1,6,,22439,1,,,1,6,,22447,1,,,1,6,,22459,1,,,1,6,,22467,1,,,1,6,,22477,1,,,1,5,,22487,1,,,1,44,,22497,1,,,1,5,,22500,1,,,1,4,,22507,1,,,1,5,,22513,1,,,1,4,,22516,1,,,1,4,,22522,1,,,1,4,,22530,1,,,1,3,,22536,1,,,1,4,,22543,1,,,1,3,,22547,1,,,1,3,,22558,1,,,1,3,,22562,1,,,1,3,,22567,1,,,1,3,,22578,1,,,1,3,,22581,1,,,1,3,,22586,1,,,1,3,,22591,1,,,1,43,,22598,1,,,1,3,,22604,1,,,1,3,,22609,1,,,1,2,,22617,1,,,1,3,,22618,1,,,1,3,,22626,1,,,1,3,,22397,1,,,1,3,,22398,1,,,1,3,,22399,1,,,1,3,,22400,1,,,1,3,,22407,1,,,1,3,,22416,1,,,1,3,,22422,1,,,1,3,,22427,1,0,5,1,3,,22429,1,,,1,2,,22433,1,,,1,3,,22440,1,,,1,3,,22448,1,0,5,1,3,,22449,1,,,1,3,,22453,1,,,1,3,,22460,1,,,1,43,,22468,1,0,5,1,3,,22469,1,,,1,3,,22478,1,,,1,3,,22482,1,0,5,1,3,,22488,1,,,1,3,,22493,1,0,5,1,2,,22501,1,,,1,4,,22508,1,,,1,3,,22514,1,,,1,3,,22517,1,,,1,4,,22523,1,,,1,3,,22531,1,,,1,4,,22537,1,,,1,3,,22544,1,,,1,3,,22548,1,,,1,4,,22551,1,,,1,4,,22559,1,,,1,4,,22563,1,,,1,44,,22568,1,,,1,4,,22579,1,,,1,4,,22587,1,,,1,4,,22592,1,,,1,4,,22599,1,,,1,4,,22605,1,,,1,4,,22610,1,,,1,4,,22619,1,,,1,5,,22627,1,,,1,5,,22401,1,,,1,5,,22408,1,,,1,5,,22417,1,,,1,5,,22430,1,,,1,46,,22434,1,,,1,6,,22441,1,,,1,6,,22450,1,,,1,6,,22454,1,,,1,6,,22470,1,,,1,6,,22479,1,,,1,6,,22489,1,,,1,6,,22502,1,,,1,6,,22524,1,,,1,6,,22538,1,,,1,46,,22545,1,,,1,6,,22549,1,,,1,6,,22552,1,,,1,6,,22560,1,,,1,6,,22569,1,,,1,6,,22588,1,,,1,6,,22593,1,,,1,6,,22611,1,,,1,6,,22620,1,,,1,6,,22628,1,,,1,46,,22402,1,,,1,6,,22409,1,,,1,6,,22418,1,,,1,6,,22431,1,,,1,6,,22435,1,,,1,6,,22442,1,,,1,6,,22451,1,,,1,6,,22455,1,,,1,6,,22471,1,,,1,6,,22480,1,,,1,46,,22490,1,,,1,6,,22503,1,,,1,6,,22525,1,,,1,6,,22539,1,,,1,6,,22546,1,,,1,6,,22550,1,,,1,7,,22553,1,,,1,7,,22561,1,,,1,7,,22570,1,,,1,7,,22589,1,,,1,47,,22612,1,,,1,7,,22621,1,,,1,7,,22629,1,,,1,7,,22410,1,,,1,8,,22419,1,,,1,8,,22432,1,,,1,8,,22443,1,,,1,8,,22452,1,,,1,48,,22472,1,,,1,8,,22481,1,,,1,8,,22491,1,,,1,8,,22526,1,,,1
201,'GLOBAUX-01-A',611,,22741,31,4,,1,9,,22748,31,4,,1,10,,22757,31,4,,1,10,,22769,31,4,,1,10,,22778,31,4,,1,9,,22631,31,4,,1,50,,22645,31,4,,1,10,,22658,31,4,,1,10,,22666,31,4,,1,10,,22669,31,4,,1,9,,22688,31,4,,1,10,,22696,31,4,,1,50,,22704,31,4,,1,9,,22712,31,4,,1,10,,22719,31,4,,1,9,,22727,31,4,,1,9,,22733,31,4,,1,8,,22749,31,4,,1,49,,22758,31,4,,1,9,,22770,31,4,,1,8,,22779,31,4,,1,9,,22632,31,4,,1,9,,22646,31,4,,1,8,,22659,31,4,,1,9,,22667,31,4,,1,49,,22670,31,4,,1,8,,22677,31,4,,1,9,,22689,31,4,,1,8,,22697,31,4,,1,9,,22705,31,4,,1,9,,22713,31,4,,1,9,,22720,31,4,,1,48,,22728,31,4,,1,9,,22734,31,4,,1,8,,22750,31,4,,1,7,,22759,31,4,,1,8,,22771,31,4,,1,8,,22780,31,4,,1,7,,22633,31,4,,1,8,,22640,31,4,,1,47,,22647,31,4,,1,7,,22660,31,4,,1,7,,22668,31,4,,1,7,,22671,31,4,,1,7,,22678,31,4,,1,7,,22682,31,4,,1,7,,22690,31,4,,1,7,,22698,31,4,,1,47,,22706,31,4,,1,7,,22714,31,4,,1,7,,22721,31,4,,1,6,,22729,31,4,,1,7,,22735,31,4,,1,6,,22742,31,4,,1,7,,22751,31,4,,1,6,,22760,31,4,,1,7,,22763,31,4,,1,46,,22772,31,4,,1,6,,22781,31,4,,1,7,,22634,31,4,,1,7,,22641,31,4,,1,6,,22648,31,4,,1,6,,22653,31,4,,1,7,,22661,31,4,,1,6,,22672,31,4,,1,7,,22679,31,4,,1,6,,22683,31,4,,1,47,,22691,31,4,,1,6,,22699,31,4,,1,6,,22707,31,4,,1,7,,22715,31,4,,1,6,,22722,31,4,,1,7,,22730,31,4,,1,6,,22736,31,4,,1,6,,22743,31,4,,1,7,,22752,31,4,,1,46,,22761,31,4,,1,7,,22764,31,4,,1,6,,22773,31,4,,1,7,,22782,31,4,,1,6,,22635,31,4,,1,6,,22642,31,4,,1,7,,22649,31,4,,1,6,,22654,31,4,,1,7,,22662,31,4,,1,46,,22673,31,4,,1,7,,22680,31,4,,1,6,,22684,31,4,,1,6,,22692,31,4,,1,7,,22700,31,4,,1,6,,22708,31,4,,1,7,,22716,31,4,,1,6,,22723,31,4,,1,6,,22731,31,4,,1,7,,22737,31,4,,1,46,,22744,31,4,,1,7,,22753,31,4,,1,6,,22762,31,4,,1,6,,22765,31,4,,1,7,,22774,31,4,,1,6,,22783,31,4,,1,6,,22636,31,4,,1,7,,22643,31,4,,1,6,,22650,31,4,,1,46,,22655,31,4,,1,7,,22663,31,4,,1,6,,22674,31,4,,1,7,,22681,31,4,,1,7,,22685,31,4,,1,7,,22693,31,4,,1,7,,22701,31,4,,1,8,,22709,31,4,,1,7,,22717,31,4,,1,47,,22724,31,4,,1,7,,22732,31,4,,1,8,,22738,31,4,,1,7,,22745,31,4,,1,8,,22754,31,4,,1,7,,22766,31,4,,1,8,,22775,31,4,,1,8,,22637,31,4,,1,47,,22644,31,4,,1,8,,22651,31,4,,1,8,,22656,31,4,,1,8,,22664,31,4,,1,8,,22675,31,4,,1,8,,22686,31,4,,1,8,,22694,31,4,,1,48,,22702,31,4,,1,8,,22710,31,4,,1,9,,22718,31,4,,1,9,,22725,31,4,,1,10,,22739,31,4,,1,9,,22746,31,4,,1,9,,22755,31,4,,1,50,,22767,31,4,,1,9,,22776,31,4,,1,10,,22638,31,4,,1,9,,22652,31,4,,1,10,,22657,31,4,,1,9,,22665,31,4,,1,50,,22676,31,4,,1,10,,22687,31,4,,1,9,,22695,31,4,,1,10,,22703,31,4,,1,10,,22711,31,4,,1,10,,22726,31,4,,1,50,,22740,31,4,,1,10,,22747,31,4,,1,10,,22756,31,4,,1,10,,22768,31,4,,1,10,,22777,31,4,,1,13,,22639,31,4,,1
201,'GLOBAUX-01-F1',610,,22877,31,4,,1,10,,22890,31,4,,1,9,,22898,31,4,,1,9,,22906,31,4,,1,10,,22911,31,4,,1,9,,22784,31,4,,1,49,,22792,31,4,,1,10,,22809,31,4,,1,9,,22817,31,4,,1,9,,22825,31,4,,1,10,,22833,31,4,,1,9,,22841,31,4,,1,50,,22846,31,4,,1,9,,22859,31,4,,1,9,,22862,31,4,,1,10,,22878,31,4,,1,9,,22891,31,4,,1,10,,22899,31,4,,1,9,,22907,31,4,,1,49,,22912,31,4,,1,9,,22785,31,4,,1,9,,22793,31,4,,1,9,,22803,31,4,,1,9,,22810,31,4,,1,9,,22818,31,4,,1,49,,22826,31,4,,1,8,,22834,31,4,,1,9,,22842,31,4,,1,9,,22847,31,4,,1,8,,22860,31,4,,1,9,,22863,31,4,,1,9,,22870,31,4,,1,48,,22879,31,4,,1,9,,22892,31,4,,1,8,,22900,31,4,,1,9,,22908,31,4,,1,8,,22913,31,4,,1,9,,22786,31,4,,1,9,,22794,31,4,,1,48,,22804,31,4,,1,9,,22811,31,4,,1,9,,22819,31,4,,1,8,,22827,31,4,,1,9,,22835,31,4,,1,8,,22843,31,4,,1,8,,22848,31,4,,1,48,,22861,31,4,,1,8,,22864,31,4,,1,8,,22871,31,4,,1,8,,22880,31,4,,1,7,,22886,31,4,,1,6,,22893,31,4,,1,7,,22901,31,4,,1,7,,22909,31,4,,1,7,,22914,31,4,,1,47,,22919,31,4,,1,7,,22787,31,4,,1,6,,22795,31,4,,1,7,,22798,31,4,,1,7,,22805,31,4,,1,7,,22812,31,4,,1,7,,22820,31,4,,1,7,,22828,31,4,,1,47,,22836,31,4,,1,6,,22844,31,4,,1,7,,22849,31,4,,1,7,,22854,31,4,,1,7,,22865,31,4,,1,7,,22872,31,4,,1,7,,22881,31,4,,1,7,,22887,31,4,,1,7,,22894,31,4,,1,46,,22902,31,4,,1,7,,22910,31,4,,1,7,,22915,31,4,,1,7,,22920,31,4,,1,7,,22788,31,4,,1,6,,22796,31,4,,1,7,,22799,31,4,,1,8,,22806,31,4,,1,7,,22813,31,4,,1,47,,22821,31,4,,1,8,,22829,31,4,,1,7,,22837,31,4,,1,7,,22845,31,4,,1,8,,22850,31,4,,1,7,,22855,31,4,,1,7,,22866,31,4,,1,8,,22873,31,4,,1,47,,22882,31,4,,1,7,,22888,31,4,,1,8,,22895,31,4,,1,7,,22903,31,4,,1,7,,22916,31,4,,1,8,,22921,31,4,,1,8,,22789,31,4,,1,8,,22797,31,4,,1,47,,22800,31,4,,1,8,,22807,31,4,,1,8,,22814,31,4,,1,8,,22822,31,4,,1,7,,22830,31,4,,1,8,,22838,31,4,,1,8,,22851,31,4,,1,8,,22856,31,4,,1,48,,22867,31,4,,1,7,,22874,31,4,,1,8,,22883,31,4,,1,8,,22889,31,4,,1,8,,22896,31,4,,1,9,,22904,31,4,,1,8,,22917,31,4,,1,49,,22922,31,4,,1,8,,22790,31,4,,1,9,,22801,31,4,,1,8,,22808,31,4,,1,9,,22815,31,4,,1,8,,22823,31,4,,1,9,,22831,31,4,,1,49,,22839,31,4,,1,9,,22852,31,4,,1,9,,22857,31,4,,1,8,,22868,31,4,,1,10,,22875,31,4,,1,10,,22884,31,4,,1,50,,22897,31,4,,1,10,,22905,31,4,,1,10,,22918,31,4,,1,10,,22923,31,4,,1,10,,22791,31,4,,1,10,,22802,31,4,,1,50,,22816,31,4,,1,10,,22824,31,4,,1,10,,22832,31,4,,1,10,,22840,31,4,,1,10,,22853,31,4,,1,10,,22858,31,4,,1,50,,22869,31,4,,1,10,,22876,31,4,,1,13,,22885,31,4,,1
201,'GLOBAUX-01-F2',610,,23017,31,4,,1,10,,23030,31,4,,1,9,,23038,31,4,,1,9,,23046,31,4,,1,10,,23051,31,4,,1,9,,22924,31,4,,1,49,,22932,31,4,,1,10,,22949,31,4,,1,9,,22957,31,4,,1,9,,22965,31,4,,1,10,,22973,31,4,,1,9,,22981,31,4,,1,50,,22986,31,4,,1,9,,22999,31,4,,1,9,,23002,31,4,,1,10,,23018,31,4,,1,9,,23031,31,4,,1,10,,23039,31,4,,1,9,,23047,31,4,,1,49,,23052,31,4,,1,9,,22925,31,4,,1,9,,22933,31,4,,1,9,,22943,31,4,,1,9,,22950,31,4,,1,9,,22958,31,4,,1,49,,22966,31,4,,1,8,,22974,31,4,,1,9,,22982,31,4,,1,9,,22987,31,4,,1,8,,23000,31,4,,1,9,,23003,31,4,,1,9,,23010,31,4,,1,48,,23019,31,4,,1,9,,23032,31,4,,1,8,,23040,31,4,,1,9,,23048,31,4,,1,8,,23053,31,4,,1,9,,22926,31,4,,1,9,,22934,31,4,,1,48,,22944,31,4,,1,9,,22951,31,4,,1,9,,22959,31,4,,1,8,,22967,31,4,,1,9,,22975,31,4,,1,8,,22983,31,4,,1,8,,22988,31,4,,1,48,,23001,31,4,,1,8,,23004,31,4,,1,8,,23011,31,4,,1,8,,23020,31,4,,1,7,,23026,31,4,,1,6,,23033,31,4,,1,7,,23041,31,4,,1,7,,23049,31,4,,1,7,,23054,31,4,,1,47,,23059,31,4,,1,7,,22927,31,4,,1,6,,22935,31,4,,1,7,,22938,31,4,,1,7,,22945,31,4,,1,7,,22952,31,4,,1,7,,22960,31,4,,1,7,,22968,31,4,,1,47,,22976,31,4,,1,6,,22984,31,4,,1,7,,22989,31,4,,1,7,,22994,31,4,,1,7,,23005,31,4,,1,7,,23012,31,4,,1,7,,23021,31,4,,1,7,,23027,31,4,,1,7,,23034,31,4,,1,46,,23042,31,4,,1,7,,23050,31,4,,1,7,,23055,31,4,,1,7,,23060,31,4,,1,7,,22928,31,4,,1,6,,22936,31,4,,1,7,,22939,31,4,,1,8,,22946,31,4,,1,7,,22953,31,4,,1,47,,22961,31,4,,1,8,,22969,31,4,,1,7,,22977,31,4,,1,7,,22985,31,4,,1,8,,22990,31,4,,1,7,,22995,31,4,,1,7,,23006,31,4,,1,8,,23013,31,4,,1,47,,23022,31,4,,1,7,,23028,31,4,,1,8,,23035,31,4,,1,7,,23043,31,4,,1,7,,23056,31,4,,1,8,,23061,31,4,,1,8,,22929,31,4,,1,8,,22937,31,4,,1,47,,22940,31,4,,1,8,,22947,31,4,,1,8,,22954,31,4,,1,8,,22962,31,4,,1,7,,22970,31,4,,1,8,,22978,31,4,,1,8,,22991,31,4,,1,8,,22996,31,4,,1,48,,23007,31,4,,1,7,,23014,31,4,,1,8,,23023,31,4,,1,8,,23029,31,4,,1,8,,23036,31,4,,1,9,,23044,31,4,,1,8,,23057,31,4,,1,49,,23062,31,4,,1,8,,22930,31,4,,1,9,,22941,31,4,,1,8,,22948,31,4,,1,9,,22955,31,4,,1,8,,22963,31,4,,1,9,,22971,31,4,,1,49,,22979,31,4,,1,9,,22992,31,4,,1,9,,22997,31,4,,1,8,,23008,31,4,,1,10,,23015,31,4,,1,10,,23024,31,4,,1,50,,23037,31,4,,1,10,,23045,31,4,,1,10,,23058,31,4,,1,10,,23063,31,4,,1,10,,22931,31,4,,1,10,,22942,31,4,,1,50,,22956,31,4,,1,10,,22964,31,4,,1,10,,22972,31,4,,1,10,,22980,31,4,,1,10,,22993,31,4,,1,10,,22998,31,4,,1,50,,23009,31,4,,1,10,,23016,31,4,,1,13,,23025,31,4,,1
201,'GLOBAUX-01-I',610,,23157,31,4,,1,10,,23170,31,4,,1,9,,23178,31,4,,1,9,,23186,31,4,,1,10,,23191,31,4,,1,9,,23064,31,4,,1,49,,23072,31,4,,1,10,,23089,31,4,,1,9,,23097,31,4,,1,9,,23105,31,4,,1,10,,23113,31,4,,1,9,,23121,31,4,,1,50,,23126,31,4,,1,9,,23139,31,4,,1,9,,23142,31,4,,1,10,,23158,31,4,,1,9,,23171,31,4,,1,10,,23179,31,4,,1,9,,23187,31,4,,1,49,,23192,31,4,,1,9,,23065,31,4,,1,9,,23073,31,4,,1,9,,23083,31,4,,1,9,,23090,31,4,,1,9,,23098,31,4,,1,49,,23106,31,4,,1,8,,23114,31,4,,1,9,,23122,31,4,,1,9,,23127,31,4,,1,8,,23140,31,4,,1,9,,23143,31,4,,1,9,,23150,31,4,,1,48,,23159,31,4,,1,9,,23172,31,4,,1,8,,23180,31,4,,1,9,,23188,31,4,,1,8,,23193,31,4,,1,9,,23066,31,4,,1,9,,23074,31,4,,1,48,,23084,31,4,,1,9,,23091,31,4,,1,9,,23099,31,4,,1,8,,23107,31,4,,1,9,,23115,31,4,,1,8,,23123,31,4,,1,8,,23128,31,4,,1,48,,23141,31,4,,1,8,,23144,31,4,,1,8,,23151,31,4,,1,8,,23160,31,4,,1,7,,23166,31,4,,1,6,,23173,31,4,,1,7,,23181,31,4,,1,7,,23189,31,4,,1,7,,23194,31,4,,1,47,,23199,31,4,,1,7,,23067,31,4,,1,6,,23075,31,4,,1,7,,23078,31,4,,1,7,,23085,31,4,,1,7,,23092,31,4,,1,7,,23100,31,4,,1,7,,23108,31,4,,1,47,,23116,31,4,,1,6,,23124,31,4,,1,7,,23129,31,4,,1,7,,23134,31,4,,1,7,,23145,31,4,,1,7,,23152,31,4,,1,7,,23161,31,4,,1,7,,23167,31,4,,1,7,,23174,31,4,,1,46,,23182,31,4,,1,7,,23190,31,4,,1,7,,23195,31,4,,1,7,,23200,31,4,,1,7,,23068,31,4,,1,6,,23076,31,4,,1,7,,23079,31,4,,1,8,,23086,31,4,,1,7,,23093,31,4,,1,47,,23101,31,4,,1,8,,23109,31,4,,1,7,,23117,31,4,,1,7,,23125,31,4,,1,8,,23130,31,4,,1,7,,23135,31,4,,1,7,,23146,31,4,,1,8,,23153,31,4,,1,47,,23162,31,4,,1,7,,23168,31,4,,1,8,,23175,31,4,,1,7,,23183,31,4,,1,7,,23196,31,4,,1,8,,23201,31,4,,1,8,,23069,31,4,,1,8,,23077,31,4,,1,47,,23080,31,4,,1,8,,23087,31,4,,1,8,,23094,31,4,,1,8,,23102,31,4,,1,7,,23110,31,4,,1,8,,23118,31,4,,1,8,,23131,31,4,,1,8,,23136,31,4,,1,48,,23147,31,4,,1,7,,23154,31,4,,1,8,,23163,31,4,,1,8,,23169,31,4,,1,8,,23176,31,4,,1,9,,23184,31,4,,1,8,,23197,31,4,,1,49,,23202,31,4,,1,8,,23070,31,4,,1,9,,23081,31,4,,1,8,,23088,31,4,,1,9,,23095,31,4,,1,8,,23103,31,4,,1,9,,23111,31,4,,1,49,,23119,31,4,,1,9,,23132,31,4,,1,9,,23137,31,4,,1,8,,23148,31,4,,1,10,,23155,31,4,,1,10,,23164,31,4,,1,50,,23177,31,4,,1,10,,23185,31,4,,1,10,,23198,31,4,,1,10,,23203,31,4,,1,10,,23071,31,4,,1,10,,23082,31,4,,1,50,,23096,31,4,,1,10,,23104,31,4,,1,10,,23112,31,4,,1,10,,23120,31,4,,1,10,,23133,31,4,,1,10,,23138,31,4,,1,50,,23149,31,4,,1,10,,23156,31,4,,1,13,,23165,31,4,,1
201,'GLOBAUX-01-S',610,,23391,31,4,,1,6,,23405,31,4,,1,6,,23411,31,4,,1,6,,23418,31,4,,1,6,,23424,31,4,,1,6,,23204,31,4,,1,6,,23206,31,4,,1,6,,23224,31,4,,1,6,,23226,31,4,,1,45,,23238,31,4,,1,5,,23243,31,4,,1,5,,23251,31,4,,1,5,,23276,31,4,,1,4,,23277,31,4,,1,4,,23279,31,4,,1,4,,23288,31,4,,1,5,,23297,31,4,,1,3,,23305,31,4,,1,4,,23308,31,4,,1,3,,23313,31,4,,1,4,,23322,31,4,,1,4,,23327,31,4,,1,3,,23331,31,4,,1,3,,23339,31,4,,1,43,,23344,31,4,,1,3,,23346,31,4,,1,3,,23351,31,4,,1,3,,23366,31,4,,1,3,,23375,28,4,,1,3,,23383,31,4,,1,3,,23384,31,4,,1,3,,23385,28,4,,1,3,,23390,31,4,,1,3,,23392,31,4,,1,3,,23394,31,4,,1,3,,23401,28,4,,1,3,,23406,31,4,,1,2,,23412,31,4,,1,3,,23417,31,4,,1,3,,23419,31,4,,1,3,,23425,31,4,,1,3,,23434,31,4,,1,3,,23442,28,4,,1,3,,23205,31,4,,1,43,,23207,31,4,,1,2,,23216,31,4,,1,3,,23225,31,4,,1,3,,23227,31,4,,1,2,,23234,28,4,,1,4,,23235,31,4,,1,2,,23239,31,4,,1,3,,23244,31,4,,1,3,,23252,31,4,,1,3,,23259,31,4,,1,3,,23260,31,4,,1,3,,23271,31,4,,1,3,,23278,31,4,,1,3,,23280,31,4,,1,4,,23289,31,4,,1,3,,23298,31,4,,1,3,,23306,31,4,,1,4,,23309,31,4,,1,4,,23314,31,4,,1,3,,23318,31,4,,1,44,,23323,31,4,,1,4,,23328,31,4,,1,4,,23332,31,4,,1,3,,23340,31,4,,1,5,,23345,31,4,,1,5,,23352,31,4,,1,5,,23367,31,4,,1,5,,23376,31,4,,1,5,,23386,31,4,,1,5,,23395,31,4,,1,6,,23407,31,4,,1,6,,23413,31,4,,1,46,,23426,31,4,,1,6,,23435,31,4,,1,6,,23208,31,4,,1,6,,23217,31,4,,1,6,,23228,31,4,,1,6,,23240,31,4,,1,6,,23253,31,4,,1,6,,23261,31,4,,1,6,,23272,31,4,,1,6,,23281,31,4,,1,46,,23290,31,4,,1,6,,23299,31,4,,1,6,,23310,31,4,,1,6,,23319,31,4,,1,6,,23324,31,4,,1,6,,23333,31,4,,1,6,,23341,31,4,,1,6,,23353,31,4,,1,7,,23368,31,4,,1,6,,23377,31,4,,1,46,,23387,31,4,,1,6,,23396,31,4,,1,6,,23408,31,4,,1,6,,23414,31,4,,1,6,,23427,31,4,,1,6,,23436,31,4,,1,6,,23209,31,4,,1,6,,23218,31,4,,1,6,,23229,31,4,,1,6,,23241,31,4,,1,46,,23254,31,4,,1,6,,23262,31,4,,1,6,,23273,31,4,,1,6,,23282,31,4,,1,6,,23291,31,4,,1,6,,23300,31,4,,1,6,,23311,31,4,,1,6,,23320,31,4,,1,6,,23325,31,4,,1,6,,23334,31,4,,1,46,,23342,31,4,,1,6,,23354,31,4,,1,6,,23369,31,4,,1,6,,23378,31,4,,1,6,,23388,31,4,,1,6,,23397,31,4,,1,6,,23409,31,4,,1,5,,23415,31,4,,1,5,,23428,31,4,,1,5,,23437,31,4,,1,5,,23210,31,4,,1,45,,23212,31,4,,1,4,,23219,31,4,,1,5,,23230,31,4,,1,3,,23236,31,4,,1,4,,23242,31,4,,1,3,,23248,31,4,,1,4,,23255,31,4,,1,3,,23263,31,4,,1,3,,23267,31,4,,1,3,,23274,31,4,,1,4,,23283,31,4,,1,3,,23284,31,4,,1,3,,23292,31,4,,1,3,,23296,31,4,,1,4,,23301,31,4,,1,3,,23307,31,4,,1,3,,23312,31,4,,1,43,,23315,31,4,,1,4,,23321,31,4,,1,3,,23326,31,4,,1,3,,23329,31,4,,1,3,,23335,31,4,,1,3,,23343,31,4,,1,4,,23347,31,4,,1,3,,23355,31,4,,1,3,,23358,31,4,,1,3,,23362,31,4,,1,3,,23370,31,4,,1,4,,23374,31,4,,1,3,,23379,31,4,,1,3,,23389,31,4,,1,3,,23393,31,4,,1,3,,23398,31,4,,1,3,,23402,31,4,,1,3,,23410,31,4,,1,44,,23416,31,4,,1,3,,23420,31,4,,1,3,,23429,31,4,,1,3,,23430,31,4,,1,4,,23438,31,4,,1,4,,23211,31,4,,1,3,,23213,31,4,,1,4,,23220,31,4,,1,4,,23231,31,4,,1,4,,23237,31,4,,1,3,,23245,31,4,,1,4,,23249,31,4,,1,5,,23256,31,4,,1,4,,23264,31,4,,1,5,,23268,31,4,,1,5,,23275,31,4,,1,44,,23285,31,4,,1,5,,23293,31,4,,1,5,,23302,31,4,,1,4,,23316,31,4,,1,5,,23330,31,4,,1,5,,23336,31,4,,1,5,,23348,31,4,,1,5,,23356,31,4,,1,5,,23359,31,4,,1,6,,23363,31,4,,1,6,,23371,31,4,,1,6,,23380,31,4,,1,46,,23399,31,4,,1,6,,23403,31,4,,1,6,,23421,31,4,,1,6,,23431,31,4,,1,6,,23439,31,4,,1,6,,23214,31,4,,1,6,,23221,31,4,,1,6,,23232,31,4,,1,6,,23246,31,4,,1,6,,23250,31,4,,1,46,,23257,31,4,,1,6,,23265,31,4,,1,6,,23269,31,4,,1,6,,23286,31,4,,1,6,,23294,31,4,,1,5,,23303,31,4,,1,6,,23317,31,4,,1,6,,23337,31,4,,1,6,,23349,31,4,,1,6,,23357,31,4,,1,46,,23360,31,4,,1,6,,23364,31,4,,1,6,,23372,31,4,,1,6,,23381,31,4,,1,6,,23400,31,4,,1,6,,23404,31,4,,1,6,,23422,31,4,,1,6,,23432,31,4,,1,6,,23440,31,4,,1,6,,23215,31,4,,1,47,,23222,31,4,,1,6,,23233,31,4,,1,7,,23247,31,4,,1,7,,23258,31,4,,1,6,,23266,31,4,,1,7,,23270,31,4,,1,7,,23287,31,4,,1,7,,23295,31,4,,1,7,,23304,31,4,,1,47,,23338,31,4,,1,8,,23350,31,4,,1,8,,23361,31,4,,1,8,,23365,31,4,,1,8,,23373,31,4,,1,8,,23382,31,4,,1,8,,23423,31,4,,1,48,,23433,31,4,,1,8,,23441,31,4,,1,12,,23223,31,4,,1
