100,'GLOBAUX-01-A',549,,20201,15,,,1,10,,20211,15,,,1,50,,20229,15,,,1,10,,20236,15,,,1,10,,20246,15,,,1,10,,20269,15,,,1,10,,20287,15,,,1,10,,20297,15,,,1,50,,20304,15,,,1,10,,20314,15,,,1,10,,20331,15,,,1,10,,20341,15,,,1,10,,20202,15,,,1,10,,20212,15,,,1,50,,20230,15,,,1,10,,20237,15,,,1,10,,20247,15,,,1,10,,20270,15,,,1,9,,20278,15,,,1,9,,20288,15,,,1,50,,20298,15,,,1,8,,20305,15,,,1,9,,20315,15,,,1,8,,20332,15,,,1,9,,20342,15,,,1,8,,20203,15,,,1,8,,20213,15,,,1,49,,20221,15,,,1,8,,20231,15,,,1,9,,20238,15,,,1,8,,20248,15,,,1,8,,20263,15,,,1,8,,20271,15,,,1,7,,20279,15,,,1,48,,20289,15,,,1,8,,20299,15,,,1,7,,20306,15,,,1,8,,20316,15,,,1,8,,20333,15,,,1,7,,20343,15,,,1,8,,20204,15,,,1,8,,20214,15,,,1,47,,20222,15,,,1,8,,20232,15,,,1,7,,20239,15,,,1,7,,20249,15,,,1,6,,20256,15,,,1,7,,20264,15,,,1,6,,20272,15,,,1,7,,20280,15,,,1,6,,20290,15,,,1,47,,20300,15,,,1,6,,20307,15,,,1,7,,20317,15,,,1,6,,20324,15,,,1,7,,20334,15,,,1,6,,20344,15,,,1,7,,20205,15,,,1,6,,20215,15,,,1,7,,20223,15,,,1,46,,20233,15,,,1,7,,20240,15,,,1,6,,20250,15,,,1,7,,20257,15,,,1,6,,20265,15,,,1,7,,20273,15,,,1,6,,20281,15,,,1,7,,20291,15,,,1,6,,20301,15,,,1,47,,20308,15,,,1,6,,20318,15,,,1,7,,20325,15,,,1,6,,20335,15,,,1,7,,20345,15,,,1,6,,20206,15,,,1,7,,20216,15,,,1,6,,20224,15,,,1,7,,20234,15,,,1,6,,20241,15,,,1,47,,20251,15,,,1,6,,20258,15,,,1,7,,20266,15,,,1,7,,20274,15,,,1,6,,20282,15,,,1,7,,20292,15,,,1,6,,20302,15,,,1,7,,20309,15,,,1,6,,20319,15,,,1,47,,20326,15,,,1,6,,20336,15,,,1,7,,20346,15,,,1,6,,20207,15,,,1,7,,20217,15,,,1,6,,20225,15,,,1,7,,20235,15,,,1,6,,20242,15,,,1,7,,20252,15,,,1,46,,20259,15,,,1,6,,20267,15,,,1,7,,20275,15,,,1,6,,20283,15,,,1,7,,20293,15,,,1,6,,20303,15,,,1,7,,20310,15,,,1,7,,20320,15,,,1,7,,20327,15,,,1,47,,20337,15,,,1,8,,20347,15,,,1,8,,20208,15,,,1,7,,20218,15,,,1,8,,20226,15,,,1,7,,20243,15,,,1,8,,20253,15,,,1,8,,20260,15,,,1,47,,20268,15,,,1,8,,20276,15,,,1,8,,20284,15,,,1,8,,20294,15,,,1,8,,20311,15,,,1,8,,20321,15,,,1,9,,20328,15,,,1,48,,20338,15,,,1,9,,20348,15,,,1,8,,20209,15,,,1,9,,20219,15,,,1,8,,20227,15,,,1,8,,20244,15,,,1,9,,20254,15,,,1,48,,20261,15,,,1,9,,20277,15,,,1,8,,20285,15,,,1,8,,20295,15,,,1,10,,20312,15,,,1,10,,20322,15,,,1,9,,20329,15,,,1,50,,20339,15,,,1,10,,20349,15,,,1,10,,20210,15,,,1,10,,20220,15,,,1,10,,20228,15,,,1,10,,20245,15,,,1,50,,20255,15,,,1,10,,20262,15,,,1,10,,20286,15,,,1,10,,20296,15,,,1,10,,20313,15,,,1,10,,20323,15,,,1,50,,20330,15,,,1,10,,20340,15,,,1,14,,20350,15,,,1
100,'GLOBAUX-01-F1',548,,20351,15,,,1,10,,20361,15,,,1,51,,20368,15,,,1,10,,20393,15,,,1,10,,20403,15,,,1,10,,20413,15,,,1,10,,20435,15,,,1,10,,20445,15,,,1,50,,20454,15,,,1,10,,20463,15,,,1,10,,20472,15,,,1,10,,20481,15,,,1,10,,20352,15,,,1,10,,20362,15,,,1,50,,20369,15,,,1,10,,20394,15,,,1,9,,20404,15,,,1,10,,20414,15,,,1,9,,20429,15,,,1,10,,20436,15,,,1,49,,20446,15,,,1,9,,20455,15,,,1,10,,20464,15,,,1,9,,20473,15,,,1,9,,20482,15,,,1,8,,20353,15,,,1,8,,20363,15,,,1,49,,20370,15,,,1,8,,20385,15,,,1,9,,20395,15,,,1,8,,20405,15,,,1,9,,20415,15,,,1,8,,20430,15,,,1,9,,20437,15,,,1,48,,20447,15,,,1,8,,20456,15,,,1,9,,20465,15,,,1,8,,20474,15,,,1,9,,20483,15,,,1,8,,20354,15,,,1,8,,20364,15,,,1,48,,20371,15,,,1,7,,20378,15,,,1,8,,20386,15,,,1,8,,20396,15,,,1,7,,20406,15,,,1,8,,20416,15,,,1,8,,20431,15,,,1,7,,20438,15,,,1,48,,20448,15,,,1,8,,20457,15,,,1,7,,20466,15,,,1,8,,20475,15,,,1,8,,20484,15,,,1,7,,20355,15,,,1,8,,20365,15,,,1,48,,20372,15,,,1,7,,20379,15,,,1,8,,20387,15,,,1,8,,20397,15,,,1,7,,20407,15,,,1,7,,20417,15,,,1,7,,20423,15,,,1,7,,20432,15,,,1,7,,20439,15,,,1,47,,20449,15,,,1,7,,20458,15,,,1,7,,20467,15,,,1,7,,20476,15,,,1,7,,20485,15,,,1,7,,20356,15,,,1,7,,20366,15,,,1,7,,20373,15,,,1,47,,20380,15,,,1,7,,20388,15,,,1,7,,20398,15,,,1,7,,20408,15,,,1,7,,20418,15,,,1,7,,20424,15,,,1,7,,20433,15,,,1,7,,20440,15,,,1,7,,20450,15,,,1,47,,20459,15,,,1,7,,20468,15,,,1,7,,20477,15,,,1,7,,20486,15,,,1,7,,20357,15,,,1,7,,20367,15,,,1,7,,20374,15,,,1,7,,20381,15,,,1,47,,20389,15,,,1,7,,20399,15,,,1,7,,20409,15,,,1,7,,20419,15,,,1,7,,20425,15,,,1,7,,20434,15,,,1,7,,20441,15,,,1,7,,20451,15,,,1,8,,20460,15,,,1,49,,20469,15,,,1,8,,20478,15,,,1,8,,20487,15,,,1,9,,20358,15,,,1,8,,20375,15,,,1,9,,20382,15,,,1,8,,20390,15,,,1,48,,20400,15,,,1,9,,20410,15,,,1,8,,20420,15,,,1,9,,20426,15,,,1,8,,20442,15,,,1,8,,20452,15,,,1,9,,20461,15,,,1,48,,20470,15,,,1,9,,20479,15,,,1,8,,20488,15,,,1,8,,20359,15,,,1,9,,20376,15,,,1,8,,20383,15,,,1,9,,20391,15,,,1,49,,20401,15,,,1,9,,20411,15,,,1,9,,20421,15,,,1,9,,20427,15,,,1,9,,20443,15,,,1,9,,20453,15,,,1,9,,20462,15,,,1,49,,20471,15,,,1,9,,20480,15,,,1,9,,20489,15,,,1,10,,20360,15,,,1,10,,20377,15,,,1,10,,20384,15,,,1,50,,20392,15,,,1,10,,20402,15,,,1,10,,20412,15,,,1,10,,20422,15,,,1,10,,20428,15,,,1,14,,20444,15,,,1
100,'GLOBAUX-01-F2',548,,20490,15,,,1,10,,20500,15,,,1,51,,20507,15,,,1,10,,20532,15,,,1,10,,20542,15,,,1,10,,20552,15,,,1,10,,20574,15,,,1,10,,20584,15,,,1,50,,20593,15,,,1,10,,20602,15,,,1,10,,20611,15,,,1,10,,20620,15,,,1,10,,20491,15,,,1,10,,20501,15,,,1,50,,20508,15,,,1,10,,20533,15,,,1,9,,20543,15,,,1,10,,20553,15,,,1,9,,20568,15,,,1,10,,20575,15,,,1,49,,20585,15,,,1,9,,20594,15,,,1,10,,20603,15,,,1,9,,20612,15,,,1,9,,20621,15,,,1,8,,20492,15,,,1,8,,20502,15,,,1,49,,20509,15,,,1,8,,20524,15,,,1,9,,20534,15,,,1,8,,20544,15,,,1,9,,20554,15,,,1,8,,20569,15,,,1,9,,20576,15,,,1,48,,20586,15,,,1,8,,20595,15,,,1,9,,20604,15,,,1,8,,20613,15,,,1,9,,20622,15,,,1,8,,20493,15,,,1,8,,20503,15,,,1,48,,20510,15,,,1,7,,20517,15,,,1,8,,20525,15,,,1,8,,20535,15,,,1,7,,20545,15,,,1,8,,20555,15,,,1,8,,20570,15,,,1,7,,20577,15,,,1,48,,20587,15,,,1,8,,20596,15,,,1,7,,20605,15,,,1,8,,20614,15,,,1,8,,20623,15,,,1,7,,20494,15,,,1,8,,20504,15,,,1,48,,20511,15,,,1,7,,20518,15,,,1,8,,20526,15,,,1,8,,20536,15,,,1,7,,20546,15,,,1,7,,20556,15,,,1,7,,20562,15,,,1,7,,20571,15,,,1,7,,20578,15,,,1,47,,20588,15,,,1,7,,20597,15,,,1,7,,20606,15,,,1,7,,20615,15,,,1,7,,20624,15,,,1,7,,20495,15,,,1,7,,20505,15,,,1,7,,20512,15,,,1,47,,20519,15,,,1,7,,20527,15,,,1,7,,20537,15,,,1,7,,20547,15,,,1,7,,20557,15,,,1,7,,20563,15,,,1,7,,20572,15,,,1,7,,20579,15,,,1,7,,20589,15,,,1,47,,20598,15,,,1,7,,20607,15,,,1,7,,20616,15,,,1,7,,20625,15,,,1,7,,20496,15,,,1,7,,20506,15,,,1,7,,20513,15,,,1,7,,20520,15,,,1,47,,20528,15,,,1,7,,20538,15,,,1,7,,20548,15,,,1,7,,20558,15,,,1,7,,20564,15,,,1,7,,20573,15,,,1,7,,20580,15,,,1,7,,20590,15,,,1,8,,20599,15,,,1,49,,20608,15,,,1,8,,20617,15,,,1,8,,20626,15,,,1,9,,20497,15,,,1,8,,20514,15,,,1,9,,20521,15,,,1,8,,20529,15,,,1,48,,20539,15,,,1,9,,20549,15,,,1,8,,20559,15,,,1,9,,20565,15,,,1,8,,20581,15,,,1,8,,20591,15,,,1,9,,20600,15,,,1,48,,20609,15,,,1,9,,20618,15,,,1,8,,20627,15,,,1,8,,20498,15,,,1,9,,20515,15,,,1,8,,20522,15,,,1,9,,20530,15,,,1,49,,20540,15,,,1,9,,20550,15,,,1,9,,20560,15,,,1,9,,20566,15,,,1,9,,20582,15,,,1,9,,20592,15,,,1,9,,20601,15,,,1,49,,20610,15,,,1,9,,20619,15,,,1,9,,20628,15,,,1,10,,20499,15,,,1,10,,20516,15,,,1,10,,20523,15,,,1,50,,20531,15,,,1,10,,20541,15,,,1,10,,20551,15,,,1,10,,20561,15,,,1,10,,20567,15,,,1,14,,20583,15,,,1
100,'GLOBAUX-01-I',548,,20629,15,,,1,10,,20639,15,,,1,51,,20646,15,,,1,10,,20671,15,,,1,10,,20681,15,,,1,10,,20691,15,,,1,10,,20713,15,,,1,10,,20723,15,,,1,50,,20732,15,,,1,10,,20741,15,,,1,10,,20750,15,,,1,10,,20759,15,,,1,10,,20630,15,,,1,10,,20640,15,,,1,50,,20647,15,,,1,10,,20672,15,,,1,9,,20682,15,,,1,10,,20692,15,,,1,9,,20707,15,,,1,10,,20714,15,,,1,49,,20724,15,,,1,9,,20733,15,,,1,10,,20742,15,,,1,9,,20751,15,,,1,9,,20760,15,,,1,8,,20631,15,,,1,8,,20641,15,,,1,49,,20648,15,,,1,8,,20663,15,,,1,9,,20673,15,,,1,8,,20683,15,,,1,9,,20693,15,,,1,8,,20708,15,,,1,9,,20715,15,,,1,48,,20725,15,,,1,8,,20734,15,,,1,9,,20743,15,,,1,8,,20752,15,,,1,9,,20761,15,,,1,8,,20632,15,,,1,8,,20642,15,,,1,48,,20649,15,,,1,7,,20656,15,,,1,8,,20664,15,,,1,8,,20674,15,,,1,7,,20684,15,,,1,8,,20694,15,,,1,8,,20709,15,,,1,7,,20716,15,,,1,48,,20726,15,,,1,8,,20735,15,,,1,7,,20744,15,,,1,8,,20753,15,,,1,8,,20762,15,,,1,7,,20633,15,,,1,8,,20643,15,,,1,48,,20650,15,,,1,7,,20657,15,,,1,8,,20665,15,,,1,8,,20675,15,,,1,7,,20685,15,,,1,7,,20695,15,,,1,7,,20701,15,,,1,7,,20710,15,,,1,7,,20717,15,,,1,47,,20727,15,,,1,7,,20736,15,,,1,7,,20745,15,,,1,7,,20754,15,,,1,7,,20763,15,,,1,7,,20634,15,,,1,7,,20644,15,,,1,7,,20651,15,,,1,47,,20658,15,,,1,7,,20666,15,,,1,7,,20676,15,,,1,7,,20686,15,,,1,7,,20696,15,,,1,7,,20702,15,,,1,7,,20711,15,,,1,7,,20718,15,,,1,7,,20728,15,,,1,47,,20737,15,,,1,7,,20746,15,,,1,7,,20755,15,,,1,7,,20764,15,,,1,7,,20635,15,,,1,7,,20645,15,,,1,7,,20652,15,,,1,7,,20659,15,,,1,47,,20667,15,,,1,7,,20677,15,,,1,7,,20687,15,,,1,7,,20697,15,,,1,7,,20703,15,,,1,7,,20712,15,,,1,7,,20719,15,,,1,7,,20729,15,,,1,8,,20738,15,,,1,49,,20747,15,,,1,8,,20756,15,,,1,8,,20765,15,,,1,9,,20636,15,,,1,8,,20653,15,,,1,9,,20660,15,,,1,8,,20668,15,,,1,48,,20678,15,,,1,9,,20688,15,,,1,8,,20698,15,,,1,9,,20704,15,,,1,8,,20720,15,,,1,8,,20730,15,,,1,9,,20739,15,,,1,48,,20748,15,,,1,9,,20757,15,,,1,8,,20766,15,,,1,8,,20637,15,,,1,9,,20654,15,,,1,8,,20661,15,,,1,9,,20669,15,,,1,49,,20679,15,,,1,9,,20689,15,,,1,9,,20699,15,,,1,9,,20705,15,,,1,9,,20721,15,,,1,9,,20731,15,,,1,9,,20740,15,,,1,49,,20749,15,,,1,9,,20758,15,,,1,9,,20767,15,,,1,10,,20638,15,,,1,10,,20655,15,,,1,10,,20662,15,,,1,50,,20670,15,,,1,10,,20680,15,,,1,10,,20690,15,,,1,10,,20700,15,,,1,10,,20706,15,,,1,14,,20722,15,,,1
100,'GLOBAUX-01-S',549,,20768,15,,,1,7,,20796,15,,,1,46,,20806,15,,,1,7,,20826,15,,,1,7,,20848,15,,,1,7,,20852,15,,,1,7,,20859,15,,,1,6,,20870,15,,,1,5,,20876,15,,,1,4,,20893,15,,,1,4,,20902,15,,,1,4,,20905,15,,,1,4,,20913,15,,,1,44,,20930,15,,,1,3,,20936,15,,,1,3,,20946,15,,,1,4,,20948,15,,,1,3,,20950,15,,,1,3,,20952,15,,,1,3,,20968,15,,,1,4,,20977,15,,,1,3,,20979,15,,,1,3,,20997,15,,,1,3,,21003,15,,,1,4,,21004,15,,,1,3,,20769,15,,,1,3,,20787,15,,,1,4,,20789,15,,,1,3,,20797,15,,,1,3,,20807,15,,,1,3,,20808,15,,,1,3,,20809,15,,,1,43,,20811,15,,,1,4,,20812,15,,,1,3,,20827,15,,,1,3,,20833,15,,,1,3,,20839,15,,,1,3,,20849,15,,,1,3,,20853,15,,,1,3,,20860,15,,,1,3,,20865,15,,,1,3,,20871,15,,,1,3,,20877,15,,,1,3,,20894,15,,,1,3,,20903,15,,,1,3,,20906,15,,,1,3,,20912,15,,,1,4,,20914,15,,,1,3,,20931,15,,,1,3,,20937,15,,,1,3,,20947,15,,,1,43,,20949,15,,,1,4,,20951,15,,,1,3,,20955,15,,,1,4,,20960,15,,,1,3,,20969,15,,,1,4,,20978,15,,,1,3,,20984,15,,,1,4,,20998,15,,,1,4,,21005,15,,,1,3,,20770,15,,,1,5,,20780,15,,,1,4,,20790,15,,,1,5,,20798,15,,,1,5,,20810,15,,,1,5,,20813,15,,,1,45,,20828,15,,,1,6,,20840,15,,,1,6,,20854,15,,,1,6,,20866,15,,,1,6,,20878,15,,,1,6,,20895,15,,,1,6,,20907,15,,,1,6,,20915,15,,,1,6,,20932,15,,,1,6,,20938,15,,,1,46,,20956,15,,,1,6,,20961,15,,,1,6,,20970,15,,,1,6,,20985,15,,,1,6,,20999,15,,,1,6,,20771,15,,,1,6,,20781,15,,,1,6,,20791,15,,,1,6,,20799,15,,,1,6,,20814,15,,,1,46,,20829,15,,,1,6,,20841,15,,,1,6,,20855,15,,,1,6,,20867,15,,,1,6,,20879,15,,,1,6,,20896,15,,,1,7,,20908,15,,,1,6,,20916,15,,,1,6,,20933,15,,,1,6,,20939,15,,,1,46,,20957,15,,,1,5,,20962,15,,,1,6,,20971,15,,,1,6,,20986,15,,,1,6,,21000,15,,,1,6,,20772,15,,,1,6,,20782,15,,,1,6,,20792,15,,,1,6,,20800,15,,,1,6,,20815,15,,,1,46,,20830,15,,,1,6,,20842,15,,,1,6,,20856,15,,,1,7,,20868,15,,,1,6,,20880,15,,,1,6,,20897,15,,,1,6,,20909,15,,,1,6,,20917,15,,,1,6,,20934,15,,,1,6,,20940,15,,,1,46,,20958,15,,,1,6,,20963,15,,,1,6,,20972,15,,,1,5,,20987,15,,,1,4,,20989,15,,,1,4,,21001,15,,,1,4,,20773,15,,,1,4,,20775,15,,,1,4,,20783,15,,,1,4,,20793,15,,,1,4,,20795,15,,,1,4,,20801,15,,,1,4,,20816,15,,,1,3,,20821,15,,,1,44,,20831,15,,,1,3,,20834,15,,,1,3,,20843,15,,,1,4,,20850,15,,,1,3,,20857,15,,,1,3,,20869,15,,,1,3,,20872,15,,,1,3,,20881,15,,,1,3,,20886,15,,,1,3,,20891,15,,,1,3,,20898,15,,,1,3,,20904,15,,,1,3,,20910,15,,,1,3,,20918,15,,,1,2,,20923,15,,,1,3,,20925,15,,,1,3,,20935,15,,,1,3,,20941,15,,,1,2,,20953,15,,,1,3,,20954,15,,,1,43,,20959,15,,,1,3,,20964,15,,,1,2,,20973,15,,,1,3,,20980,15,,,1,3,,20983,15,,,1,3,,20988,15,,,1,2,,20990,15,,,1,3,,20993,15,,,1,3,,21002,15,,,1,3,,20774,15,,,1,2,,20776,15,,,1,4,,20784,15,,,1,3,,20788,15,,,1,3,,20794,15,,,1,3,,20802,15,,,1,4,,20817,15,,,1,3,,20822,15,,,1,4,,20832,15,,,1,3,,20835,15,,,1,44,,20844,15,,,1,3,,20851,15,,,1,4,,20858,15,,,1,4,,20861,15,,,1,4,,20873,15,,,1,4,,20882,15,,,1,4,,20887,15,,,1,4,,20892,15,,,1,4,,20899,15,,,1,4,,20911,15,,,1,4,,20919,15,,,1,4,,20924,15,,,1,4,,20926,15,,,1,4,,20942,15,,,1,5,,20965,15,,,1,46,,20974,15,,,1,6,,20981,15,,,1,6,,20991,15,,,1,6,,20994,15,,,1,6,,20777,15,,,1,6,,20785,15,,,1,5,,20803,15,,,1,6,,20818,15,,,1,6,,20823,15,,,1,6,,20836,15,,,1,46,,20845,15,,,1,6,,20862,15,,,1,6,,20874,15,,,1,6,,20883,15,,,1,6,,20888,15,,,1,7,,20900,15,,,1,6,,20920,15,,,1,6,,20927,15,,,1,6,,20943,15,,,1,6,,20966,15,,,1,46,,20975,15,,,1,6,,20982,15,,,1,6,,20992,15,,,1,6,,20995,15,,,1,6,,20778,15,,,1,6,,20786,15,,,1,6,,20804,15,,,1,7,,20819,15,,,1,6,,20824,15,,,1,6,,20837,15,,,1,46,,20846,15,,,1,6,,20863,15,,,1,6,,20875,15,,,1,6,,20884,15,,,1,6,,20889,15,,,1,7,,20901,15,,,1,6,,20921,15,,,1,6,,20928,15,,,1,8,,20944,15,,,1,48,,20967,15,,,1,8,,20976,15,,,1,8,,20996,15,,,1,8,,20779,15,,,1,8,,20805,15,,,1,8,,20820,15,,,1,8,,20825,15,,,1,8,,20838,15,,,1,48,,20847,15,,,1,8,,20864,15,,,1,8,,20885,15,,,1,8,,20890,15,,,1,8,,20922,15,,,1,8,,20929,15,,,1,12,,20945,15,,,1
101,'GLOBAUX-01-A',546,,21092,13,,,1,10,,21102,13,,,1,50,,21109,13,,,1,10,,21119,13,,,1,10,,21136,13,,,1,10,,21146,13,,,1,10,,21006,13,,,1,10,,21016,13,,,1,50,,21035,13,,,1,10,,21042,13,,,1,10,,21052,13,,,1,10,,21074,13,,,1,9,,21082,13,,,1,10,,21093,13,,,1,49,,21103,13,,,1,9,,21110,13,,,1,10,,21120,13,,,1,8,,21137,13,,,1,9,,21147,13,,,1,8,,21007,13,,,1,9,,21017,13,,,1,48,,21026,13,,,1,8,,21036,13,,,1,9,,21043,13,,,1,8,,21053,13,,,1,9,,21075,13,,,1,8,,21083,13,,,1,9,,21094,13,,,1,48,,21104,13,,,1,8,,21111,13,,,1,9,,21121,13,,,1,8,,21138,13,,,1,9,,21148,13,,,1,8,,21008,13,,,1,9,,21018,13,,,1,47,,21027,13,,,1,8,,21037,13,,,1,8,,21044,13,,,1,7,,21054,13,,,1,8,,21069,13,,,1,8,,21076,13,,,1,7,,21084,13,,,1,8,,21095,13,,,1,48,,21105,13,,,1,7,,21112,13,,,1,7,,21122,13,,,1,7,,21129,13,,,1,6,,21139,13,,,1,7,,21149,13,,,1,6,,21009,13,,,1,7,,21019,13,,,1,6,,21028,13,,,1,47,,21038,13,,,1,6,,21045,13,,,1,7,,21055,13,,,1,6,,21062,13,,,1,7,,21070,13,,,1,6,,21077,13,,,1,7,,21085,13,,,1,6,,21096,13,,,1,7,,21106,13,,,1,46,,21113,13,,,1,7,,21123,13,,,1,6,,21130,13,,,1,7,,21140,13,,,1,6,,21150,13,,,1,7,,21010,13,,,1,6,,21020,13,,,1,7,,21029,13,,,1,6,,21039,13,,,1,47,,21046,13,,,1,6,,21056,13,,,1,7,,21063,13,,,1,6,,21071,13,,,1,7,,21078,13,,,1,6,,21086,13,,,1,7,,21097,13,,,1,6,,21107,13,,,1,7,,21114,13,,,1,6,,21124,13,,,1,47,,21131,13,,,1,6,,21141,13,,,1,7,,21151,13,,,1,6,,21011,13,,,1,7,,21021,13,,,1,6,,21030,13,,,1,7,,21040,13,,,1,6,,21047,13,,,1,7,,21057,13,,,1,46,,21064,13,,,1,7,,21072,13,,,1,6,,21079,13,,,1,7,,21087,13,,,1,6,,21098,13,,,1,7,,21108,13,,,1,6,,21115,13,,,1,7,,21125,13,,,1,6,,21132,13,,,1,47,,21142,13,,,1,6,,21152,13,,,1,7,,21012,13,,,1,6,,21022,13,,,1,7,,21031,13,,,1,6,,21041,13,,,1,7,,21048,13,,,1,7,,21058,13,,,1,7,,21065,13,,,1,48,,21073,13,,,1,8,,21080,13,,,1,7,,21088,13,,,1,8,,21099,13,,,1,8,,21116,13,,,1,7,,21126,13,,,1,8,,21133,13,,,1,9,,21143,13,,,1,48,,21153,13,,,1,9,,21013,13,,,1,8,,21023,13,,,1,8,,21032,13,,,1,9,,21049,13,,,1,8,,21059,13,,,1,9,,21066,13,,,1,48,,21081,13,,,1,8,,21089,13,,,1,9,,21100,13,,,1,8,,21117,13,,,1,9,,21127,13,,,1,8,,21134,13,,,1,9,,21144,13,,,1,50,,21154,13,,,1,9,,21014,13,,,1,9,,21024,13,,,1,10,,21033,13,,,1,10,,21050,13,,,1,9,,21060,13,,,1,50,,21067,13,,,1,10,,21090,13,,,1,10,,21101,13,,,1,10,,21118,13,,,1,10,,21128,13,,,1,10,,21135,13,,,1,50,,21145,13,,,1,10,,21155,13,,,1,10,,21015,13,,,1,10,,21025,13,,,1,10,,21034,13,,,1,10,,21051,13,,,1,50,,21061,13,,,1,10,,21068,13,,,1,14,,21091,13,,,1
101,'GLOBAUX-01-F1',546,,21236,13,,,1,10,,21246,13,,,1,50,,21255,13,,,1,10,,21265,13,,,1,10,,21275,13,,,1,10,,21285,13,,,1,10,,21156,13,,,1,10,,21166,13,,,1,50,,21173,13,,,1,10,,21198,13,,,1,10,,21207,13,,,1,10,,21216,13,,,1,9,,21230,13,,,1,10,,21237,13,,,1,49,,21247,13,,,1,9,,21256,13,,,1,10,,21266,13,,,1,9,,21276,13,,,1,8,,21286,13,,,1,9,,21157,13,,,1,8,,21167,13,,,1,49,,21174,13,,,1,8,,21190,13,,,1,9,,21199,13,,,1,8,,21208,13,,,1,9,,21217,13,,,1,8,,21231,13,,,1,8,,21238,13,,,1,49,,21248,13,,,1,8,,21257,13,,,1,9,,21267,13,,,1,8,,21277,13,,,1,8,,21287,13,,,1,9,,21158,13,,,1,8,,21168,13,,,1,49,,21175,13,,,1,8,,21191,13,,,1,9,,21200,13,,,1,8,,21209,13,,,1,9,,21218,13,,,1,8,,21232,13,,,1,8,,21239,13,,,1,49,,21249,13,,,1,8,,21258,13,,,1,9,,21268,13,,,1,8,,21278,13,,,1,8,,21288,13,,,1,7,,21159,13,,,1,8,,21169,13,,,1,8,,21176,13,,,1,47,,21183,13,,,1,8,,21192,13,,,1,8,,21201,13,,,1,7,,21210,13,,,1,8,,21219,13,,,1,8,,21233,13,,,1,7,,21240,13,,,1,48,,21250,13,,,1,8,,21259,13,,,1,7,,21269,13,,,1,8,,21279,13,,,1,8,,21289,13,,,1,7,,21160,13,,,1,8,,21170,13,,,1,8,,21177,13,,,1,47,,21184,13,,,1,8,,21193,13,,,1,7,,21202,13,,,1,7,,21211,13,,,1,7,,21220,13,,,1,7,,21225,13,,,1,7,,21234,13,,,1,7,,21241,13,,,1,7,,21251,13,,,1,47,,21260,13,,,1,7,,21270,13,,,1,7,,21280,13,,,1,7,,21290,13,,,1,7,,21161,13,,,1,7,,21171,13,,,1,7,,21178,13,,,1,7,,21185,13,,,1,47,,21194,13,,,1,7,,21203,13,,,1,7,,21212,13,,,1,7,,21221,13,,,1,7,,21226,13,,,1,7,,21235,13,,,1,7,,21242,13,,,1,7,,21252,13,,,1,7,,21261,13,,,1,47,,21271,13,,,1,7,,21281,13,,,1,7,,21291,13,,,1,7,,21162,13,,,1,7,,21172,13,,,1,7,,21179,13,,,1,7,,21186,13,,,1,8,,21195,13,,,1,49,,21204,13,,,1,8,,21213,13,,,1,8,,21222,13,,,1,9,,21227,13,,,1,8,,21243,13,,,1,9,,21253,13,,,1,8,,21262,13,,,1,48,,21272,13,,,1,9,,21282,13,,,1,8,,21292,13,,,1,9,,21163,13,,,1,8,,21180,13,,,1,8,,21187,13,,,1,9,,21196,13,,,1,48,,21205,13,,,1,9,,21214,13,,,1,8,,21223,13,,,1,8,,21228,13,,,1,9,,21244,13,,,1,8,,21254,13,,,1,9,,21263,13,,,1,8,,21273,13,,,1,49,,21283,13,,,1,8,,21293,13,,,1,8,,21164,13,,,1,10,,21181,13,,,1,10,,21188,13,,,1,10,,21197,13,,,1,50,,21206,13,,,1,10,,21215,13,,,1,10,,21224,13,,,1,10,,21229,13,,,1,10,,21245,13,,,1,10,,21264,13,,,1,50,,21274,13,,,1,10,,21284,13,,,1,10,,21294,13,,,1,10,,21165,13,,,1,10,,21182,13,,,1,14,,21189,13,,,1
101,'GLOBAUX-01-F2',546,,21375,13,,,1,10,,21385,13,,,1,50,,21394,13,,,1,10,,21404,13,,,1,10,,21414,13,,,1,10,,21424,13,,,1,10,,21295,13,,,1,10,,21305,13,,,1,50,,21312,13,,,1,10,,21337,13,,,1,10,,21346,13,,,1,10,,21355,13,,,1,9,,21369,13,,,1,10,,21376,13,,,1,49,,21386,13,,,1,9,,21395,13,,,1,10,,21405,13,,,1,9,,21415,13,,,1,8,,21425,13,,,1,9,,21296,13,,,1,8,,21306,13,,,1,49,,21313,13,,,1,8,,21329,13,,,1,9,,21338,13,,,1,8,,21347,13,,,1,9,,21356,13,,,1,8,,21370,13,,,1,8,,21377,13,,,1,49,,21387,13,,,1,8,,21396,13,,,1,9,,21406,13,,,1,8,,21416,13,,,1,8,,21426,13,,,1,9,,21297,13,,,1,8,,21307,13,,,1,49,,21314,13,,,1,8,,21330,13,,,1,9,,21339,13,,,1,8,,21348,13,,,1,9,,21357,13,,,1,8,,21371,13,,,1,8,,21378,13,,,1,49,,21388,13,,,1,8,,21397,13,,,1,9,,21407,13,,,1,8,,21417,13,,,1,8,,21427,13,,,1,7,,21298,13,,,1,8,,21308,13,,,1,8,,21315,13,,,1,47,,21322,13,,,1,8,,21331,13,,,1,8,,21340,13,,,1,7,,21349,13,,,1,8,,21358,13,,,1,8,,21372,13,,,1,7,,21379,13,,,1,48,,21389,13,,,1,8,,21398,13,,,1,7,,21408,13,,,1,8,,21418,13,,,1,8,,21428,13,,,1,7,,21299,13,,,1,8,,21309,13,,,1,8,,21316,13,,,1,47,,21323,13,,,1,8,,21332,13,,,1,7,,21341,13,,,1,7,,21350,13,,,1,7,,21359,13,,,1,7,,21364,13,,,1,7,,21373,13,,,1,7,,21380,13,,,1,7,,21390,13,,,1,47,,21399,13,,,1,7,,21409,13,,,1,7,,21419,13,,,1,7,,21429,13,,,1,7,,21300,13,,,1,7,,21310,13,,,1,7,,21317,13,,,1,7,,21324,13,,,1,47,,21333,13,,,1,7,,21342,13,,,1,7,,21351,13,,,1,7,,21360,13,,,1,7,,21365,13,,,1,7,,21374,13,,,1,7,,21381,13,,,1,7,,21391,13,,,1,7,,21400,13,,,1,47,,21410,13,,,1,7,,21420,13,,,1,7,,21430,13,,,1,7,,21301,13,,,1,7,,21311,13,,,1,7,,21318,13,,,1,7,,21325,13,,,1,8,,21334,13,,,1,49,,21343,13,,,1,8,,21352,13,,,1,8,,21361,13,,,1,9,,21366,13,,,1,8,,21382,13,,,1,9,,21392,13,,,1,8,,21401,13,,,1,48,,21411,13,,,1,9,,21421,13,,,1,8,,21431,13,,,1,9,,21302,13,,,1,8,,21319,13,,,1,8,,21326,13,,,1,9,,21335,13,,,1,48,,21344,13,,,1,9,,21353,13,,,1,8,,21362,13,,,1,8,,21367,13,,,1,9,,21383,13,,,1,8,,21393,13,,,1,9,,21402,13,,,1,8,,21412,13,,,1,49,,21422,13,,,1,8,,21432,13,,,1,8,,21303,13,,,1,10,,21320,13,,,1,10,,21327,13,,,1,10,,21336,13,,,1,50,,21345,13,,,1,10,,21354,13,,,1,10,,21363,13,,,1,10,,21368,13,,,1,10,,21384,13,,,1,10,,21403,13,,,1,50,,21413,13,,,1,10,,21423,13,,,1,10,,21433,13,,,1,10,,21304,13,,,1,10,,21321,13,,,1,14,,21328,13,,,1
101,'GLOBAUX-01-I',546,,21514,13,,,1,10,,21524,13,,,1,50,,21533,13,,,1,10,,21543,13,,,1,10,,21553,13,,,1,10,,21563,13,,,1,10,,21434,13,,,1,10,,21444,13,,,1,50,,21451,13,,,1,10,,21476,13,,,1,10,,21485,13,,,1,10,,21494,13,,,1,9,,21508,13,,,1,10,,21515,13,,,1,49,,21525,13,,,1,9,,21534,13,,,1,10,,21544,13,,,1,9,,21554,13,,,1,8,,21564,13,,,1,9,,21435,13,,,1,8,,21445,13,,,1,49,,21452,13,,,1,8,,21468,13,,,1,9,,21477,13,,,1,8,,21486,13,,,1,9,,21495,13,,,1,8,,21509,13,,,1,8,,21516,13,,,1,49,,21526,13,,,1,8,,21535,13,,,1,9,,21545,13,,,1,8,,21555,13,,,1,8,,21565,13,,,1,9,,21436,13,,,1,8,,21446,13,,,1,49,,21453,13,,,1,8,,21469,13,,,1,9,,21478,13,,,1,8,,21487,13,,,1,9,,21496,13,,,1,8,,21510,13,,,1,8,,21517,13,,,1,49,,21527,13,,,1,8,,21536,13,,,1,9,,21546,13,,,1,8,,21556,13,,,1,8,,21566,13,,,1,7,,21437,13,,,1,8,,21447,13,,,1,8,,21454,13,,,1,47,,21461,13,,,1,8,,21470,13,,,1,8,,21479,13,,,1,7,,21488,13,,,1,8,,21497,13,,,1,8,,21511,13,,,1,7,,21518,13,,,1,48,,21528,13,,,1,8,,21537,13,,,1,7,,21547,13,,,1,8,,21557,13,,,1,8,,21567,13,,,1,7,,21438,13,,,1,8,,21448,13,,,1,8,,21455,13,,,1,47,,21462,13,,,1,8,,21471,13,,,1,7,,21480,13,,,1,7,,21489,13,,,1,7,,21498,13,,,1,7,,21503,13,,,1,7,,21512,13,,,1,7,,21519,13,,,1,7,,21529,13,,,1,47,,21538,13,,,1,7,,21548,13,,,1,7,,21558,13,,,1,7,,21568,13,,,1,7,,21439,13,,,1,7,,21449,13,,,1,7,,21456,13,,,1,7,,21463,13,,,1,47,,21472,13,,,1,7,,21481,13,,,1,7,,21490,13,,,1,7,,21499,13,,,1,7,,21504,13,,,1,7,,21513,13,,,1,7,,21520,13,,,1,7,,21530,13,,,1,7,,21539,13,,,1,47,,21549,13,,,1,7,,21559,13,,,1,7,,21569,13,,,1,7,,21440,13,,,1,7,,21450,13,,,1,7,,21457,13,,,1,7,,21464,13,,,1,8,,21473,13,,,1,49,,21482,13,,,1,8,,21491,13,,,1,8,,21500,13,,,1,9,,21505,13,,,1,8,,21521,13,,,1,9,,21531,13,,,1,8,,21540,13,,,1,48,,21550,13,,,1,9,,21560,13,,,1,8,,21570,13,,,1,9,,21441,13,,,1,8,,21458,13,,,1,8,,21465,13,,,1,9,,21474,13,,,1,48,,21483,13,,,1,9,,21492,13,,,1,8,,21501,13,,,1,8,,21506,13,,,1,9,,21522,13,,,1,8,,21532,13,,,1,9,,21541,13,,,1,8,,21551,13,,,1,49,,21561,13,,,1,8,,21571,13,,,1,8,,21442,13,,,1,10,,21459,13,,,1,10,,21466,13,,,1,10,,21475,13,,,1,50,,21484,13,,,1,10,,21493,13,,,1,10,,21502,13,,,1,10,,21507,13,,,1,10,,21523,13,,,1,10,,21542,13,,,1,50,,21552,13,,,1,10,,21562,13,,,1,10,,21572,13,,,1,10,,21443,13,,,1,10,,21460,13,,,1,14,,21467,13,,,1
101,'GLOBAUX-01-S',546,,21696,13,,,1,8,,21708,13,,,1,47,,21732,13,,,1,7,,21749,13,,,1,7,,21753,13,,,1,7,,21772,13,,,1,7,,21802,13,,,1,7,,21809,13,,,1,5,,21573,13,,,1,5,,21595,13,,,1,5,,21602,13,,,1,5,,21612,13,,,1,45,,21616,13,,,1,4,,21618,13,,,1,5,,21633,13,,,1,3,,21640,13,,,1,4,,21655,13,,,1,4,,21659,13,,,1,3,,21665,13,,,1,4,,21670,13,,,1,4,,21676,13,,,1,3,,21681,13,,,1,4,,21697,13,,,1,3,,21705,13,,,1,3,,21709,13,,,1,3,,21717,13,,,1,3,,21733,13,,,1,4,,21739,13,,,1,2,,21740,13,,,1,43,,21750,13,,,1,3,,21752,13,,,1,3,,21754,13,,,1,2,,21755,13,,,1,3,,21757,13,,,1,3,,21763,13,,,1,2,,21773,13,,,1,3,,21782,13,,,1,2,,21783,13,,,1,3,,21788,13,,,1,2,,21803,13,,,1,3,,21808,13,,,1,2,,21810,13,,,1,3,,21574,13,,,1,2,,21585,13,,,1,3,,21593,13,,,1,2,,21596,13,,,1,3,,21603,13,,,1,3,,21613,13,,,1,2,,21614,13,,,1,3,,21615,13,,,1,3,,21617,13,,,1,3,,21619,13,,,1,43,,21634,13,,,1,3,,21641,13,,,1,3,,21647,13,,,1,3,,21656,13,,,1,4,,21660,13,,,1,3,,21671,13,,,1,3,,21677,13,,,1,4,,21682,13,,,1,3,,21698,13,,,1,4,,21706,13,,,1,4,,21710,13,,,1,3,,21716,13,,,1,4,,21718,13,,,1,4,,21734,13,,,1,4,,21741,13,,,1,5,,21751,13,,,1,45,,21758,13,,,1,5,,21764,13,,,1,6,,21774,13,,,1,6,,21789,13,,,1,6,,21804,13,,,1,6,,21575,13,,,1,6,,21586,13,,,1,6,,21597,13,,,1,6,,21604,13,,,1,6,,21620,13,,,1,6,,21635,13,,,1,46,,21648,13,,,1,6,,21661,13,,,1,6,,21672,13,,,1,6,,21683,13,,,1,6,,21699,13,,,1,6,,21711,13,,,1,6,,21719,13,,,1,6,,21735,13,,,1,6,,21742,13,,,1,6,,21759,13,,,1,46,,21765,13,,,1,6,,21775,13,,,1,6,,21790,13,,,1,6,,21805,13,,,1,6,,21576,13,,,1,6,,21587,13,,,1,6,,21598,13,,,1,6,,21605,13,,,1,6,,21621,13,,,1,6,,21636,13,,,1,46,,21649,13,,,1,6,,21662,13,,,1,6,,21673,13,,,1,6,,21684,13,,,1,6,,21700,13,,,1,6,,21712,13,,,1,6,,21720,13,,,1,6,,21736,13,,,1,6,,21743,13,,,1,6,,21760,13,,,1,46,,21766,13,,,1,6,,21776,13,,,1,6,,21791,13,,,1,6,,21806,13,,,1,6,,21577,13,,,1,6,,21588,13,,,1,6,,21599,13,,,1,6,,21606,13,,,1,6,,21622,13,,,1,6,,21637,13,,,1,46,,21650,13,,,1,6,,21663,13,,,1,6,,21674,13,,,1,6,,21685,13,,,1,5,,21694,13,,,1,5,,21701,13,,,1,4,,21713,13,,,1,4,,21721,13,,,1,4,,21726,13,,,1,4,,21737,13,,,1,4,,21744,13,,,1,4,,21756,13,,,1,43,,21761,13,,,1,4,,21767,13,,,1,4,,21777,13,,,1,4,,21787,13,,,1,3,,21792,13,,,1,4,,21794,13,,,1,4,,21807,13,,,1,3,,21578,13,,,1,4,,21580,13,,,1,4,,21589,13,,,1,4,,21600,13,,,1,3,,21601,13,,,1,3,,21607,13,,,1,3,,21623,13,,,1,4,,21628,13,,,1,3,,21638,13,,,1,3,,21642,13,,,1,43,,21651,13,,,1,3,,21657,13,,,1,3,,21664,13,,,1,3,,21666,13,,,1,3,,21675,13,,,1,3,,21678,13,,,1,3,,21686,13,,,1,3,,21690,13,,,1,4,,21695,13,,,1,3,,21702,13,,,1,3,,21707,13,,,1,3,,21714,13,,,1,3,,21722,13,,,1,3,,21727,13,,,1,4,,21728,13,,,1,3,,21738,13,,,1,3,,21745,13,,,1,4,,21762,13,,,1,3,,21768,13,,,1,44,,21778,13,,,1,3,,21784,13,,,1,4,,21793,13,,,1,4,,21795,13,,,1,4,,21798,13,,,1,4,,21579,13,,,1,4,,21581,13,,,1,4,,21590,13,,,1,4,,21594,13,,,1,4,,21608,13,,,1,4,,21624,13,,,1,4,,21629,13,,,1,4,,21639,13,,,1,4,,21643,13,,,1,4,,21652,13,,,1,44,,21658,13,,,1,5,,21667,13,,,1,5,,21679,13,,,1,5,,21687,13,,,1,5,,21691,13,,,1,5,,21703,13,,,1,5,,21715,13,,,1,6,,21723,13,,,1,5,,21729,13,,,1,6,,21746,13,,,1,5,,21769,13,,,1,6,,21779,13,,,1,46,,21785,13,,,1,6,,21796,13,,,1,6,,21799,13,,,1,6,,21582,13,,,1,6,,21591,13,,,1,6,,21609,13,,,1,6,,21625,13,,,1,6,,21630,13,,,1,6,,21644,13,,,1,6,,21653,13,,,1,46,,21668,13,,,1,6,,21680,13,,,1,6,,21688,13,,,1,6,,21692,13,,,1,6,,21704,13,,,1,6,,21724,13,,,1,6,,21730,13,,,1,6,,21747,13,,,1,7,,21770,13,,,1,6,,21780,13,,,1,46,,21786,13,,,1,6,,21797,13,,,1,6,,21800,13,,,1,6,,21583,13,,,1,6,,21592,13,,,1,6,,21610,13,,,1,6,,21626,13,,,1,6,,21631,13,,,1,7,,21645,13,,,1,48,,21654,13,,,1,8,,21669,13,,,1,8,,21689,13,,,1,8,,21693,13,,,1,8,,21725,13,,,1,8,,21731,13,,,1,8,,21748,13,,,1,8,,21771,13,,,1,48,,21781,13,,,1,8,,21801,13,,,1,8,,21584,13,,,1,8,,21611,13,,,1,8,,21627,13,,,1,8,,21632,13,,,1,12,,21646,13,,,1
