100,'GLOBAUX-01-A',603,,20201,26,,,1,10,,20211,26,,,1,10,,20229,26,,,1,11,,20236,26,,,1,10,,20246,26,,,1,10,,20269,26,,,1,50,,20287,26,,,1,10,,20297,26,,,1,10,,20304,26,,,1,10,,20314,26,,,1,10,,20331,26,,,1,10,,20341,26,,,1,50,,20202,26,,,1,10,,20212,26,,,1,10,,20230,26,,,1,10,,20237,26,,,1,10,,20247,26,,,1,10,,20270,26,,,1,49,,20278,26,,,1,10,,20288,26,,,1,9,,20298,26,,,1,8,,20305,26,,,1,9,,20315,26,,,1,8,,20332,26,,,1,9,,20342,26,,,1,48,,20203,26,,,1,8,,20213,26,,,1,9,,20221,26,,,1,8,,20231,26,,,1,9,,20238,26,,,1,8,,20248,26,,,1,8,,20263,26,,,1,48,,20271,26,,,1,7,,20279,26,,,1,8,,20289,26,,,1,8,,20299,26,,,1,8,,20306,26,,,1,7,,20316,26,,,1,8,,20333,26,,,1,8,,20343,26,,,1,47,,20204,26,,,1,8,,20214,26,,,1,8,,20222,26,,,1,7,,20232,26,,,1,7,,20239,26,,,1,7,,20249,26,,,1,6,,20256,26,,,1,7,,20264,26,,,1,6,,20272,26,,,1,47,,20280,26,,,1,6,,20290,26,,,1,7,,20300,26,,,1,6,,20307,26,,,1,7,,20317,26,,,1,7,,20324,26,,,1,6,,20334,26,,,1,7,,20344,26,,,1,6,,20205,26,,,1,47,,20215,26,,,1,6,,20223,26,,,1,7,,20233,26,,,1,6,,20240,26,,,1,7,,20250,26,,,1,6,,20257,26,,,1,7,,20265,26,,,1,6,,20273,26,,,1,7,,20281,26,,,1,46,,20291,26,,,1,7,,20301,26,,,1,6,,20308,26,,,1,7,,20318,26,,,1,6,,20325,26,,,1,7,,20335,26,,,1,6,,20345,26,,,1,7,,20206,26,,,1,6,,20216,26,,,1,47,,20224,26,,,1,6,,20234,26,,,1,7,,20241,26,,,1,6,,20251,26,,,1,7,,20258,26,,,1,6,,20266,26,,,1,7,,20274,26,,,1,6,,20282,26,,,1,7,,20292,26,,,1,46,,20302,26,,,1,7,,20309,26,,,1,6,,20319,26,,,1,7,,20326,26,,,1,6,,20336,26,,,1,7,,20346,26,,,1,6,,20207,26,,,1,7,,20217,26,,,1,6,,20225,26,,,1,7,,20235,26,,,1,46,,20242,26,,,1,7,,20252,26,,,1,6,,20259,26,,,1,7,,20267,26,,,1,6,,20275,26,,,1,7,,20283,26,,,1,6,,20293,26,,,1,6,,20303,26,,,1,7,,20310,26,,,1,47,,20320,26,,,1,7,,20327,26,,,1,7,,20337,26,,,1,8,,20347,26,,,1,8,,20208,26,,,1,7,,20218,26,,,1,8,,20226,26,,,1,7,,20243,26,,,1,48,,20253,26,,,1,8,,20260,26,,,1,7,,20268,26,,,1,8,,20276,26,,,1,8,,20284,26,,,1,8,,20294,26,,,1,8,,20311,26,,,1,49,,20321,26,,,1,8,,20328,26,,,1,8,,20338,26,,,1,9,,20348,26,,,1,8,,20209,26,,,1,9,,20219,26,,,1,8,,20227,26,,,1,9,,20244,26,,,1,48,,20254,26,,,1,8,,20261,26,,,1,9,,20277,26,,,1,8,,20285,26,,,1,9,,20295,26,,,1,9,,20312,26,,,1,50,,20322,26,,,1,10,,20329,26,,,1,10,,20339,26,,,1,10,,20349,26,,,1,10,,20210,26,,,1,10,,20220,26,,,1,50,,20228,26,,,1,9,,20245,26,,,1,10,,20255,26,,,1,10,,20262,26,,,1,10,,20286,26,,,1,10,,20296,26,,,1,10,,20313,26,,,1,50,,20323,26,,,1,10,,20330,26,,,1,10,,20340,26,,,1,14,,20350,26,,,1
100,'GLOBAUX-01-F1',603,,20351,26,,,1,10,,20361,26,,,1,10,,20368,26,,,1,11,,20393,26,,,1,10,,20403,26,,,1,10,,20413,26,,,1,50,,20435,26,,,1,10,,20445,26,,,1,10,,20454,26,,,1,10,,20463,26,,,1,10,,20472,26,,,1,10,,20481,26,,,1,50,,20352,26,,,1,10,,20362,26,,,1,10,,20369,26,,,1,10,,20394,26,,,1,9,,20404,26,,,1,10,,20414,26,,,1,49,,20429,26,,,1,10,,20436,26,,,1,9,,20446,26,,,1,9,,20455,26,,,1,10,,20464,26,,,1,9,,20473,26,,,1,8,,20482,26,,,1,49,,20353,26,,,1,8,,20363,26,,,1,9,,20370,26,,,1,8,,20385,26,,,1,9,,20395,26,,,1,8,,20405,26,,,1,9,,20415,26,,,1,48,,20430,26,,,1,9,,20437,26,,,1,8,,20447,26,,,1,8,,20456,26,,,1,9,,20465,26,,,1,8,,20474,26,,,1,9,,20483,26,,,1,48,,20354,26,,,1,8,,20364,26,,,1,8,,20371,26,,,1,7,,20378,26,,,1,8,,20386,26,,,1,8,,20396,26,,,1,8,,20406,26,,,1,7,,20416,26,,,1,48,,20431,26,,,1,8,,20438,26,,,1,7,,20448,26,,,1,8,,20457,26,,,1,8,,20466,26,,,1,7,,20475,26,,,1,8,,20484,26,,,1,48,,20355,26,,,1,7,,20365,26,,,1,8,,20372,26,,,1,8,,20379,26,,,1,7,,20387,26,,,1,8,,20397,26,,,1,8,,20407,26,,,1,7,,20417,26,,,1,47,,20423,26,,,1,7,,20432,26,,,1,7,,20439,26,,,1,7,,20449,26,,,1,7,,20458,26,,,1,7,,20467,26,,,1,7,,20476,26,,,1,7,,20485,26,,,1,7,,20356,26,,,1,47,,20366,26,,,1,7,,20373,26,,,1,7,,20380,26,,,1,7,,20388,26,,,1,7,,20398,26,,,1,7,,20408,26,,,1,7,,20418,26,,,1,7,,20424,26,,,1,7,,20433,26,,,1,47,,20440,26,,,1,7,,20450,26,,,1,7,,20459,26,,,1,7,,20468,26,,,1,7,,20477,26,,,1,7,,20486,26,,,1,7,,20357,26,,,1,7,,20367,26,,,1,47,,20374,26,,,1,6,,20381,26,,,1,7,,20389,26,,,1,7,,20399,26,,,1,7,,20409,26,,,1,7,,20419,26,,,1,7,,20425,26,,,1,7,,20434,26,,,1,7,,20441,26,,,1,47,,20451,26,,,1,8,,20460,26,,,1,9,,20469,26,,,1,8,,20478,26,,,1,9,,20487,26,,,1,8,,20358,26,,,1,8,,20375,26,,,1,49,,20382,26,,,1,8,,20390,26,,,1,9,,20400,26,,,1,8,,20410,26,,,1,8,,20420,26,,,1,9,,20426,26,,,1,8,,20442,26,,,1,49,,20452,26,,,1,8,,20461,26,,,1,8,,20470,26,,,1,9,,20479,26,,,1,8,,20488,26,,,1,9,,20359,26,,,1,8,,20376,26,,,1,48,,20383,26,,,1,9,,20391,26,,,1,9,,20401,26,,,1,9,,20411,26,,,1,9,,20421,26,,,1,9,,20427,26,,,1,9,,20443,26,,,1,49,,20453,26,,,1,9,,20462,26,,,1,9,,20471,26,,,1,9,,20480,26,,,1,9,,20489,26,,,1,10,,20360,26,,,1,10,,20377,26,,,1,50,,20384,26,,,1,10,,20392,26,,,1,10,,20402,26,,,1,10,,20412,26,,,1,10,,20422,26,,,1,10,,20428,26,,,1,53,,20444,26,,,1
100,'GLOBAUX-01-F2',603,,20490,26,,,1,10,,20500,26,,,1,10,,20507,26,,,1,11,,20532,26,,,1,10,,20542,26,,,1,10,,20552,26,,,1,50,,20574,26,,,1,10,,20584,26,,,1,10,,20593,26,,,1,10,,20602,26,,,1,10,,20611,26,,,1,10,,20620,26,,,1,50,,20491,26,,,1,10,,20501,26,,,1,10,,20508,26,,,1,10,,20533,26,,,1,9,,20543,26,,,1,10,,20553,26,,,1,49,,20568,26,,,1,10,,20575,26,,,1,9,,20585,26,,,1,9,,20594,26,,,1,10,,20603,26,,,1,9,,20612,26,,,1,8,,20621,26,,,1,49,,20492,26,,,1,8,,20502,26,,,1,9,,20509,26,,,1,8,,20524,26,,,1,9,,20534,26,,,1,8,,20544,26,,,1,9,,20554,26,,,1,48,,20569,26,,,1,9,,20576,26,,,1,8,,20586,26,,,1,8,,20595,26,,,1,9,,20604,26,,,1,8,,20613,26,,,1,9,,20622,26,,,1,48,,20493,26,,,1,8,,20503,26,,,1,8,,20510,26,,,1,7,,20517,26,,,1,8,,20525,26,,,1,8,,20535,26,,,1,8,,20545,26,,,1,7,,20555,26,,,1,48,,20570,26,,,1,8,,20577,26,,,1,7,,20587,26,,,1,8,,20596,26,,,1,8,,20605,26,,,1,7,,20614,26,,,1,8,,20623,26,,,1,48,,20494,26,,,1,7,,20504,26,,,1,8,,20511,26,,,1,8,,20518,26,,,1,7,,20526,26,,,1,8,,20536,26,,,1,8,,20546,26,,,1,7,,20556,26,,,1,47,,20562,26,,,1,7,,20571,26,,,1,7,,20578,26,,,1,7,,20588,26,,,1,7,,20597,26,,,1,7,,20606,26,,,1,7,,20615,26,,,1,7,,20624,26,,,1,7,,20495,26,,,1,47,,20505,26,,,1,7,,20512,26,,,1,7,,20519,26,,,1,7,,20527,26,,,1,7,,20537,26,,,1,7,,20547,26,,,1,7,,20557,26,,,1,7,,20563,26,,,1,7,,20572,26,,,1,47,,20579,26,,,1,7,,20589,26,,,1,7,,20598,26,,,1,7,,20607,26,,,1,7,,20616,26,,,1,7,,20625,26,,,1,7,,20496,26,,,1,7,,20506,26,,,1,47,,20513,26,,,1,6,,20520,26,,,1,7,,20528,26,,,1,7,,20538,26,,,1,7,,20548,26,,,1,7,,20558,26,,,1,7,,20564,26,,,1,7,,20573,26,,,1,7,,20580,26,,,1,47,,20590,26,,,1,8,,20599,26,,,1,9,,20608,26,,,1,8,,20617,26,,,1,9,,20626,26,,,1,8,,20497,26,,,1,8,,20514,26,,,1,49,,20521,26,,,1,8,,20529,26,,,1,9,,20539,26,,,1,8,,20549,26,,,1,8,,20559,26,,,1,9,,20565,26,,,1,8,,20581,26,,,1,49,,20591,26,,,1,8,,20600,26,,,1,8,,20609,26,,,1,9,,20618,26,,,1,8,,20627,26,,,1,9,,20498,26,,,1,8,,20515,26,,,1,48,,20522,26,,,1,9,,20530,26,,,1,9,,20540,26,,,1,9,,20550,26,,,1,9,,20560,26,,,1,9,,20566,26,,,1,9,,20582,26,,,1,49,,20592,26,,,1,9,,20601,26,,,1,9,,20610,26,,,1,9,,20619,26,,,1,9,,20628,26,,,1,10,,20499,26,,,1,10,,20516,26,,,1,50,,20523,26,,,1,10,,20531,26,,,1,10,,20541,26,,,1,10,,20551,26,,,1,10,,20561,26,,,1,10,,20567,26,,,1,53,,20583,26,,,1
100,'GLOBAUX-01-I',603,,20629,26,,,1,10,,20639,26,,,1,10,,20646,26,,,1,11,,20671,26,,,1,10,,20681,26,,,1,10,,20691,26,,,1,50,,20713,26,,,1,10,,20723,26,,,1,10,,20732,26,,,1,10,,20741,26,,,1,10,,20750,26,,,1,10,,20759,26,,,1,50,,20630,26,,,1,10,,20640,26,,,1,10,,20647,26,,,1,10,,20672,26,,,1,9,,20682,26,,,1,10,,20692,26,,,1,49,,20707,26,,,1,10,,20714,26,,,1,9,,20724,26,,,1,9,,20733,26,,,1,10,,20742,26,,,1,9,,20751,26,,,1,8,,20760,26,,,1,49,,20631,26,,,1,8,,20641,26,,,1,9,,20648,26,,,1,8,,20663,26,,,1,9,,20673,26,,,1,8,,20683,26,,,1,9,,20693,26,,,1,48,,20708,26,,,1,9,,20715,26,,,1,8,,20725,26,,,1,8,,20734,26,,,1,9,,20743,26,,,1,8,,20752,26,,,1,9,,20761,26,,,1,48,,20632,26,,,1,8,,20642,26,,,1,8,,20649,26,,,1,7,,20656,26,,,1,8,,20664,26,,,1,8,,20674,26,,,1,8,,20684,26,,,1,7,,20694,26,,,1,48,,20709,26,,,1,8,,20716,26,,,1,7,,20726,26,,,1,8,,20735,26,,,1,8,,20744,26,,,1,7,,20753,26,,,1,8,,20762,26,,,1,48,,20633,26,,,1,7,,20643,26,,,1,8,,20650,26,,,1,8,,20657,26,,,1,7,,20665,26,,,1,8,,20675,26,,,1,8,,20685,26,,,1,7,,20695,26,,,1,47,,20701,26,,,1,7,,20710,26,,,1,7,,20717,26,,,1,7,,20727,26,,,1,7,,20736,26,,,1,7,,20745,26,,,1,7,,20754,26,,,1,7,,20763,26,,,1,7,,20634,26,,,1,47,,20644,26,,,1,7,,20651,26,,,1,7,,20658,26,,,1,7,,20666,26,,,1,7,,20676,26,,,1,7,,20686,26,,,1,7,,20696,26,,,1,7,,20702,26,,,1,7,,20711,26,,,1,47,,20718,26,,,1,7,,20728,26,,,1,7,,20737,26,,,1,7,,20746,26,,,1,7,,20755,26,,,1,7,,20764,26,,,1,7,,20635,26,,,1,7,,20645,26,,,1,47,,20652,26,,,1,6,,20659,26,,,1,7,,20667,26,,,1,7,,20677,26,,,1,7,,20687,26,,,1,7,,20697,26,,,1,7,,20703,26,,,1,7,,20712,26,,,1,7,,20719,26,,,1,47,,20729,26,,,1,8,,20738,26,,,1,9,,20747,26,,,1,8,,20756,26,,,1,9,,20765,26,,,1,8,,20636,26,,,1,8,,20653,26,,,1,49,,20660,26,,,1,8,,20668,26,,,1,9,,20678,26,,,1,8,,20688,26,,,1,8,,20698,26,,,1,9,,20704,26,,,1,8,,20720,26,,,1,49,,20730,26,,,1,8,,20739,26,,,1,8,,20748,26,,,1,9,,20757,26,,,1,8,,20766,26,,,1,9,,20637,26,,,1,8,,20654,26,,,1,48,,20661,26,,,1,9,,20669,26,,,1,9,,20679,26,,,1,9,,20689,26,,,1,9,,20699,26,,,1,9,,20705,26,,,1,9,,20721,26,,,1,49,,20731,26,,,1,9,,20740,26,,,1,9,,20749,26,,,1,9,,20758,26,,,1,9,,20767,26,,,1,10,,20638,26,,,1,10,,20655,26,,,1,50,,20662,26,,,1,10,,20670,26,,,1,10,,20680,26,,,1,10,,20690,26,,,1,10,,20700,26,,,1,10,,20706,26,,,1,53,,20722,26,,,1
100,'GLOBAUX-01-S',604,,20768,26,,,1,7,,20796,26,,,1,6,,20806,26,,,1,7,,20826,26,,,1,7,,20848,26,,,1,7,,20852,26,,,1,7,,20859,26,,,1,7,,20870,26,,,1,5,,20876,26,,,1,44,,20893,26,,,1,3,,20902,26,,,1,4,,20905,26,,,1,4,,20913,26,,,1,4,,20930,26,,,1,3,,20936,26,,,1,3,,20946,26,,,1,4,,20948,26,,,1,3,,20950,26,,,1,3,,20952,26,,,1,4,,20968,26,,,1,3,,20977,26,,,1,3,,20979,26,,,1,3,,20997,26,,,1,4,,21003,26,,,1,3,,21004,26,,,1,3,,20769,26,,,1,3,,20787,26,,,1,44,,20789,26,,,1,3,,20797,26,,,1,3,,20807,26,,,1,3,,20808,26,,,1,3,,20809,26,,,1,3,,20811,26,,,1,4,,20812,26,,,1,3,,20827,26,,,1,3,,20833,26,,,1,3,,20839,26,,,1,3,,20849,26,,,1,3,,20853,26,,,1,3,,20860,26,,,1,3,,20865,26,,,1,3,,20871,26,,,1,3,,20877,26,,,1,3,,20894,26,,,1,3,,20903,26,,,1,3,,20906,26,,,1,43,,20912,26,,,1,4,,20914,26,,,1,3,,20931,26,,,1,3,,20937,26,,,1,3,,20947,26,,,1,3,,20949,26,,,1,4,,20951,26,,,1,3,,20955,26,,,1,4,,20960,26,,,1,3,,20969,26,,,1,4,,20978,26,,,1,3,,20984,26,,,1,4,,20998,26,,,1,3,,21005,26,,,1,4,,20770,26,,,1,5,,20780,26,,,1,4,,20790,26,,,1,45,,20798,26,,,1,5,,20810,26,,,1,5,,20813,26,,,1,5,,20828,26,,,1,6,,20840,26,,,1,6,,20854,26,,,1,6,,20866,26,,,1,6,,20878,26,,,1,6,,20895,26,,,1,6,,20907,26,,,1,6,,20915,26,,,1,46,,20932,26,,,1,6,,20938,26,,,1,6,,20956,26,,,1,6,,20961,26,,,1,6,,20970,26,,,1,6,,20985,26,,,1,6,,20999,26,,,1,6,,20771,26,,,1,6,,20781,26,,,1,6,,20791,26,,,1,46,,20799,26,,,1,6,,20814,26,,,1,6,,20829,26,,,1,6,,20841,26,,,1,6,,20855,26,,,1,7,,20867,26,,,1,6,,20879,26,,,1,6,,20896,26,,,1,6,,20908,26,,,1,46,,20916,26,,,1,6,,20933,26,,,1,6,,20939,26,,,1,6,,20957,26,,,1,6,,20962,26,,,1,6,,20971,26,,,1,6,,20986,26,,,1,6,,21000,26,,,1,6,,20772,26,,,1,6,,20782,26,,,1,46,,20792,26,,,1,6,,20800,26,,,1,6,,20815,26,,,1,6,,20830,26,,,1,6,,20842,26,,,1,6,,20856,26,,,1,6,,20868,26,,,1,6,,20880,26,,,1,6,,20897,26,,,1,6,,20909,26,,,1,46,,20917,26,,,1,6,,20934,26,,,1,6,,20940,26,,,1,6,,20958,26,,,1,6,,20963,26,,,1,6,,20972,26,,,1,5,,20987,26,,,1,5,,20989,26,,,1,4,,21001,26,,,1,4,,20773,26,,,1,4,,20775,26,,,1,4,,20783,26,,,1,44,,20793,26,,,1,4,,20795,26,,,1,4,,20801,26,,,1,3,,20816,26,,,1,4,,20821,26,,,1,3,,20831,26,,,1,4,,20834,26,,,1,3,,20843,26,,,1,3,,20850,26,,,1,3,,20857,26,,,1,4,,20869,26,,,1,3,,20872,26,,,1,3,,20881,26,,,1,3,,20886,26,,,1,3,,20891,26,,,1,3,,20898,26,,,1,3,,20904,26,,,1,2,,20910,26,,,1,3,,20918,26,,,1,43,,20923,26,,,1,3,,20925,26,,,1,2,,20935,26,,,1,3,,20941,26,,,1,3,,20953,26,,,1,3,,20954,26,,,1,2,,20959,26,,,1,3,,20964,26,,,1,3,,20973,26,,,1,3,,20980,26,,,1,2,,20983,26,,,1,3,,20988,26,,,1,3,,20990,26,,,1,2,,20993,26,,,1,3,,21002,26,,,1,3,,20774,26,,,1,3,,20776,26,,,1,3,,20784,26,,,1,3,,20788,26,,,1,3,,20794,26,,,1,3,,20802,26,,,1,44,,20817,26,,,1,3,,20822,26,,,1,4,,20832,26,,,1,4,,20835,26,,,1,3,,20844,26,,,1,4,,20851,26,,,1,3,,20858,26,,,1,4,,20861,26,,,1,4,,20873,26,,,1,4,,20882,26,,,1,4,,20887,26,,,1,4,,20892,26,,,1,4,,20899,26,,,1,4,,20911,26,,,1,4,,20919,26,,,1,4,,20924,26,,,1,44,,20926,26,,,1,4,,20942,26,,,1,6,,20965,26,,,1,5,,20974,26,,,1,6,,20981,26,,,1,6,,20991,26,,,1,6,,20994,26,,,1,6,,20777,26,,,1,6,,20785,26,,,1,6,,20803,26,,,1,6,,20818,26,,,1,46,,20823,26,,,1,5,,20836,26,,,1,6,,20845,26,,,1,7,,20862,26,,,1,6,,20874,26,,,1,6,,20883,26,,,1,6,,20888,26,,,1,6,,20900,26,,,1,6,,20920,26,,,1,6,,20927,26,,,1,46,,20943,26,,,1,6,,20966,26,,,1,6,,20975,26,,,1,7,,20982,26,,,1,6,,20992,26,,,1,5,,20995,26,,,1,7,,20778,26,,,1,6,,20786,26,,,1,6,,20804,26,,,1,46,,20819,26,,,1,6,,20824,26,,,1,6,,20837,26,,,1,6,,20846,26,,,1,6,,20863,26,,,1,6,,20875,26,,,1,6,,20884,26,,,1,6,,20889,26,,,1,7,,20901,26,,,1,6,,20921,26,,,1,46,,20928,26,,,1,9,,20944,26,,,1,8,,20967,26,,,1,8,,20976,26,,,1,8,,20996,26,,,1,7,,20779,26,,,1,8,,20805,26,,,1,8,,20820,26,,,1,48,,20825,26,,,1,8,,20838,26,,,1,8,,20847,26,,,1,8,,20864,26,,,1,8,,20885,26,,,1,8,,20890,26,,,1,8,,20922,26,,,1,48,,20929,26,,,1,11,,20945,26,,,1
101,'GLOBAUX-01-A',531,,21092,2,,,1,10,,21102,2,,,1,10,,21109,2,,,1,50,,21119,2,,,1,10,,21136,2,,,1,10,,21146,2,,,1,10,,21006,2,,,1,10,,21016,2,,,1,10,,21035,2,,,1,50,,21042,2,,,1,10,,21052,2,,,1,10,,21074,2,,,1,9,,21082,2,,,1,10,,21093,2,,,1,9,,21103,2,,,1,9,,21110,2,,,1,50,,21120,2,,,1,8,,21137,2,,,1,8,,21147,2,,,1,9,,21007,2,,,1,8,,21017,2,,,1,9,,21026,2,,,1,8,,21036,2,,,1,49,,21043,2,,,1,8,,21053,2,,,1,8,,21075,2,,,1,9,,21083,2,,,1,8,,21094,2,,,1,9,,21104,2,,,1,8,,21111,2,,,1,49,,21121,2,,,1,8,,21138,2,,,1,8,,21148,2,,,1,9,,21008,2,,,1,8,,21018,2,,,1,8,,21027,2,,,1,8,,21037,2,,,1,47,,21044,2,,,1,8,,21054,2,,,1,8,,21069,2,,,1,7,,21076,2,,,1,8,,21084,2,,,1,8,,21095,2,,,1,7,,21105,2,,,1,8,,21112,2,,,1,47,,21122,2,,,1,6,,21129,2,,,1,7,,21139,2,,,1,6,,21149,2,,,1,7,,21009,2,,,1,6,,21019,2,,,1,7,,21028,2,,,1,6,,21038,2,,,1,7,,21045,2,,,1,46,,21055,2,,,1,7,,21062,2,,,1,6,,21070,2,,,1,7,,21077,2,,,1,6,,21085,2,,,1,7,,21096,2,,,1,6,,21106,2,,,1,7,,21113,2,,,1,6,,21123,2,,,1,47,,21130,2,,,1,6,,21140,2,,,1,7,,21150,2,,,1,6,,21010,2,,,1,7,,21020,2,,,1,6,,21029,2,,,1,7,,21039,2,,,1,6,,21046,2,,,1,7,,21056,2,,,1,6,,21063,2,,,1,47,,21071,2,,,1,6,,21078,2,,,1,7,,21086,2,,,1,6,,21097,2,,,1,7,,21107,2,,,1,6,,21114,2,,,1,7,,21124,2,,,1,6,,21131,2,,,1,7,,21141,2,,,1,46,,21151,2,,,1,7,,21011,2,,,1,6,,21021,2,,,1,7,,21030,2,,,1,6,,21040,2,,,1,7,,21047,2,,,1,6,,21057,2,,,1,7,,21064,2,,,1,6,,21072,2,,,1,47,,21079,2,,,1,6,,21087,2,,,1,7,,21098,2,,,1,6,,21108,2,,,1,7,,21115,2,,,1,6,,21125,2,,,1,7,,21132,2,,,1,6,,21142,2,,,1,7,,21152,2,,,1,46,,21012,2,,,1,7,,21022,2,,,1,6,,21031,2,,,1,7,,21041,2,,,1,6,,21048,2,,,1,7,,21058,2,,,1,8,,21065,2,,,1,8,,21073,2,,,1,7,,21080,2,,,1,48,,21088,2,,,1,8,,21099,2,,,1,7,,21116,2,,,1,8,,21126,2,,,1,8,,21133,2,,,1,9,,21143,2,,,1,8,,21153,2,,,1,48,,21013,2,,,1,9,,21023,2,,,1,8,,21032,2,,,1,9,,21049,2,,,1,8,,21059,2,,,1,8,,21066,2,,,1,9,,21081,2,,,1,8,,21089,2,,,1,49,,21100,2,,,1,8,,21117,2,,,1,9,,21127,2,,,1,8,,21134,2,,,1,9,,21144,2,,,1,10,,21154,2,,,1,49,,21014,2,,,1,9,,21024,2,,,1,10,,21033,2,,,1,10,,21050,2,,,1,9,,21060,2,,,1,10,,21067,2,,,1,10,,21090,2,,,1,50,,21101,2,,,1,10,,21118,2,,,1,10,,21128,2,,,1,10,,21135,2,,,1,10,,21145,2,,,1,10,,21155,2,,,1,50,,21015,2,,,1,10,,21025,2,,,1,10,,21034,2,,,1,10,,21051,2,,,1,10,,21061,2,,,1,10,,21068,2,,,1,50,,21091,2,,,1
101,'GLOBAUX-01-F1',531,,21236,2,,,1,10,,21246,2,,,1,10,,21255,2,,,1,50,,21265,2,,,1,10,,21275,2,,,1,10,,21285,2,,,1,10,,21156,2,,,1,10,,21166,2,,,1,10,,21173,2,,,1,50,,21198,2,,,1,10,,21207,2,,,1,10,,21216,2,,,1,9,,21230,2,,,1,10,,21237,2,,,1,9,,21247,2,,,1,9,,21256,2,,,1,50,,21266,2,,,1,9,,21276,2,,,1,8,,21286,2,,,1,9,,21157,2,,,1,8,,21167,2,,,1,9,,21174,2,,,1,8,,21190,2,,,1,48,,21199,2,,,1,9,,21208,2,,,1,8,,21217,2,,,1,9,,21231,2,,,1,8,,21238,2,,,1,8,,21248,2,,,1,9,,21257,2,,,1,48,,21267,2,,,1,9,,21277,2,,,1,8,,21287,2,,,1,9,,21158,2,,,1,8,,21168,2,,,1,8,,21175,2,,,1,9,,21191,2,,,1,48,,21200,2,,,1,9,,21209,2,,,1,8,,21218,2,,,1,9,,21232,2,,,1,8,,21239,2,,,1,8,,21249,2,,,1,9,,21258,2,,,1,48,,21268,2,,,1,9,,21278,2,,,1,7,,21288,2,,,1,8,,21159,2,,,1,8,,21169,2,,,1,7,,21176,2,,,1,8,,21183,2,,,1,8,,21192,2,,,1,47,,21201,2,,,1,8,,21210,2,,,1,8,,21219,2,,,1,7,,21233,2,,,1,8,,21240,2,,,1,8,,21250,2,,,1,7,,21259,2,,,1,48,,21269,2,,,1,8,,21279,2,,,1,7,,21289,2,,,1,8,,21160,2,,,1,8,,21170,2,,,1,7,,21177,2,,,1,8,,21184,2,,,1,8,,21193,2,,,1,47,,21202,2,,,1,7,,21211,2,,,1,7,,21220,2,,,1,7,,21225,2,,,1,7,,21234,2,,,1,7,,21241,2,,,1,7,,21251,2,,,1,7,,21260,2,,,1,7,,21270,2,,,1,47,,21280,2,,,1,7,,21290,2,,,1,7,,21161,2,,,1,7,,21171,2,,,1,7,,21178,2,,,1,7,,21185,2,,,1,7,,21194,2,,,1,7,,21203,2,,,1,47,,21212,2,,,1,7,,21221,2,,,1,7,,21226,2,,,1,7,,21235,2,,,1,7,,21242,2,,,1,7,,21252,2,,,1,7,,21261,2,,,1,7,,21271,2,,,1,7,,21281,2,,,1,47,,21291,2,,,1,7,,21162,2,,,1,7,,21172,2,,,1,7,,21179,2,,,1,7,,21186,2,,,1,8,,21195,2,,,1,8,,21204,2,,,1,9,,21213,2,,,1,48,,21222,2,,,1,9,,21227,2,,,1,8,,21243,2,,,1,8,,21253,2,,,1,9,,21262,2,,,1,8,,21272,2,,,1,9,,21282,2,,,1,48,,21292,2,,,1,9,,21163,2,,,1,8,,21180,2,,,1,8,,21187,2,,,1,9,,21196,2,,,1,8,,21205,2,,,1,9,,21214,2,,,1,48,,21223,2,,,1,8,,21228,2,,,1,9,,21244,2,,,1,8,,21254,2,,,1,9,,21263,2,,,1,8,,21273,2,,,1,9,,21283,2,,,1,48,,21293,2,,,1,8,,21164,2,,,1,10,,21181,2,,,1,10,,21188,2,,,1,10,,21197,2,,,1,10,,21206,2,,,1,10,,21215,2,,,1,50,,21224,2,,,1,10,,21229,2,,,1,10,,21245,2,,,1,10,,21264,2,,,1,10,,21274,2,,,1,10,,21284,2,,,1,50,,21294,2,,,1,10,,21165,2,,,1,10,,21182,2,,,1,10,,21189,2,,,1
101,'GLOBAUX-01-F2',531,,21375,2,,,1,10,,21385,2,,,1,10,,21394,2,,,1,50,,21404,2,,,1,10,,21414,2,,,1,10,,21424,2,,,1,10,,21295,2,,,1,10,,21305,2,,,1,10,,21312,2,,,1,50,,21337,2,,,1,10,,21346,2,,,1,10,,21355,2,,,1,9,,21369,2,,,1,10,,21376,2,,,1,9,,21386,2,,,1,9,,21395,2,,,1,50,,21405,2,,,1,9,,21415,2,,,1,8,,21425,2,,,1,9,,21296,2,,,1,8,,21306,2,,,1,9,,21313,2,,,1,8,,21329,2,,,1,48,,21338,2,,,1,9,,21347,2,,,1,8,,21356,2,,,1,9,,21370,2,,,1,8,,21377,2,,,1,8,,21387,2,,,1,9,,21396,2,,,1,48,,21406,2,,,1,9,,21416,2,,,1,8,,21426,2,,,1,9,,21297,2,,,1,8,,21307,2,,,1,8,,21314,2,,,1,9,,21330,2,,,1,48,,21339,2,,,1,9,,21348,2,,,1,8,,21357,2,,,1,9,,21371,2,,,1,8,,21378,2,,,1,8,,21388,2,,,1,9,,21397,2,,,1,48,,21407,2,,,1,9,,21417,2,,,1,7,,21427,2,,,1,8,,21298,2,,,1,8,,21308,2,,,1,7,,21315,2,,,1,8,,21322,2,,,1,8,,21331,2,,,1,47,,21340,2,,,1,8,,21349,2,,,1,8,,21358,2,,,1,7,,21372,2,,,1,8,,21379,2,,,1,8,,21389,2,,,1,7,,21398,2,,,1,48,,21408,2,,,1,8,,21418,2,,,1,7,,21428,2,,,1,8,,21299,2,,,1,8,,21309,2,,,1,7,,21316,2,,,1,8,,21323,2,,,1,8,,21332,2,,,1,47,,21341,2,,,1,7,,21350,2,,,1,7,,21359,2,,,1,7,,21364,2,,,1,7,,21373,2,,,1,7,,21380,2,,,1,7,,21390,2,,,1,7,,21399,2,,,1,7,,21409,2,,,1,47,,21419,2,,,1,7,,21429,2,,,1,7,,21300,2,,,1,7,,21310,2,,,1,7,,21317,2,,,1,7,,21324,2,,,1,7,,21333,2,,,1,7,,21342,2,,,1,47,,21351,2,,,1,7,,21360,2,,,1,7,,21365,2,,,1,7,,21374,2,,,1,7,,21381,2,,,1,7,,21391,2,,,1,7,,21400,2,,,1,7,,21410,2,,,1,7,,21420,2,,,1,47,,21430,2,,,1,7,,21301,2,,,1,7,,21311,2,,,1,7,,21318,2,,,1,7,,21325,2,,,1,8,,21334,2,,,1,8,,21343,2,,,1,9,,21352,2,,,1,48,,21361,2,,,1,9,,21366,2,,,1,8,,21382,2,,,1,8,,21392,2,,,1,9,,21401,2,,,1,8,,21411,2,,,1,9,,21421,2,,,1,48,,21431,2,,,1,9,,21302,2,,,1,8,,21319,2,,,1,8,,21326,2,,,1,9,,21335,2,,,1,8,,21344,2,,,1,9,,21353,2,,,1,48,,21362,2,,,1,8,,21367,2,,,1,9,,21383,2,,,1,8,,21393,2,,,1,9,,21402,2,,,1,8,,21412,2,,,1,9,,21422,2,,,1,48,,21432,2,,,1,8,,21303,2,,,1,10,,21320,2,,,1,10,,21327,2,,,1,10,,21336,2,,,1,10,,21345,2,,,1,10,,21354,2,,,1,50,,21363,2,,,1,10,,21368,2,,,1,10,,21384,2,,,1,10,,21403,2,,,1,10,,21413,2,,,1,10,,21423,2,,,1,50,,21433,2,,,1,10,,21304,2,,,1,10,,21321,2,,,1,10,,21328,2,,,1
101,'GLOBAUX-01-I',531,,21514,2,,,1,10,,21524,2,,,1,10,,21533,2,,,1,50,,21543,2,,,1,10,,21553,2,,,1,10,,21563,2,,,1,10,,21434,2,,,1,10,,21444,2,,,1,10,,21451,2,,,1,50,,21476,2,,,1,10,,21485,2,,,1,10,,21494,2,,,1,9,,21508,2,,,1,10,,21515,2,,,1,9,,21525,2,,,1,9,,21534,2,,,1,50,,21544,2,,,1,9,,21554,2,,,1,8,,21564,2,,,1,9,,21435,2,,,1,8,,21445,2,,,1,9,,21452,2,,,1,8,,21468,2,,,1,48,,21477,2,,,1,9,,21486,2,,,1,8,,21495,2,,,1,9,,21509,2,,,1,8,,21516,2,,,1,8,,21526,2,,,1,9,,21535,2,,,1,48,,21545,2,,,1,9,,21555,2,,,1,8,,21565,2,,,1,9,,21436,2,,,1,8,,21446,2,,,1,8,,21453,2,,,1,9,,21469,2,,,1,48,,21478,2,,,1,9,,21487,2,,,1,8,,21496,2,,,1,9,,21510,2,,,1,8,,21517,2,,,1,8,,21527,2,,,1,9,,21536,2,,,1,48,,21546,2,,,1,9,,21556,2,,,1,7,,21566,2,,,1,8,,21437,2,,,1,8,,21447,2,,,1,7,,21454,2,,,1,8,,21461,2,,,1,8,,21470,2,,,1,47,,21479,2,,,1,8,,21488,2,,,1,8,,21497,2,,,1,7,,21511,2,,,1,8,,21518,2,,,1,8,,21528,2,,,1,7,,21537,2,,,1,48,,21547,2,,,1,8,,21557,2,,,1,7,,21567,2,,,1,8,,21438,2,,,1,8,,21448,2,,,1,7,,21455,2,,,1,8,,21462,2,,,1,8,,21471,2,,,1,47,,21480,2,,,1,7,,21489,2,,,1,7,,21498,2,,,1,7,,21503,2,,,1,7,,21512,2,,,1,7,,21519,2,,,1,7,,21529,2,,,1,7,,21538,2,,,1,7,,21548,2,,,1,47,,21558,2,,,1,7,,21568,2,,,1,7,,21439,2,,,1,7,,21449,2,,,1,7,,21456,2,,,1,7,,21463,2,,,1,7,,21472,2,,,1,7,,21481,2,,,1,47,,21490,2,,,1,7,,21499,2,,,1,7,,21504,2,,,1,7,,21513,2,,,1,7,,21520,2,,,1,7,,21530,2,,,1,7,,21539,2,,,1,7,,21549,2,,,1,7,,21559,2,,,1,47,,21569,2,,,1,7,,21440,2,,,1,7,,21450,2,,,1,7,,21457,2,,,1,7,,21464,2,,,1,8,,21473,2,,,1,8,,21482,2,,,1,9,,21491,2,,,1,48,,21500,2,,,1,9,,21505,2,,,1,8,,21521,2,,,1,8,,21531,2,,,1,9,,21540,2,,,1,8,,21550,2,,,1,9,,21560,2,,,1,48,,21570,2,,,1,9,,21441,2,,,1,8,,21458,2,,,1,8,,21465,2,,,1,9,,21474,2,,,1,8,,21483,2,,,1,9,,21492,2,,,1,48,,21501,2,,,1,8,,21506,2,,,1,9,,21522,2,,,1,8,,21532,2,,,1,9,,21541,2,,,1,8,,21551,2,,,1,9,,21561,2,,,1,48,,21571,2,,,1,8,,21442,2,,,1,10,,21459,2,,,1,10,,21466,2,,,1,10,,21475,2,,,1,10,,21484,2,,,1,10,,21493,2,,,1,50,,21502,2,,,1,10,,21507,2,,,1,10,,21523,2,,,1,10,,21542,2,,,1,10,,21552,2,,,1,10,,21562,2,,,1,50,,21572,2,,,1,10,,21443,2,,,1,10,,21460,2,,,1,10,,21467,2,,,1
101,'GLOBAUX-01-S',531,,21696,2,,,1,8,,21708,2,,,1,7,,21732,2,,,1,7,,21749,2,,,1,47,,21753,2,,,1,7,,21772,2,,,1,7,,21802,2,,,1,7,,21809,2,,,1,5,,21573,2,,,1,5,,21595,2,,,1,5,,21602,2,,,1,5,,21612,2,,,1,5,,21616,2,,,1,4,,21618,2,,,1,4,,21633,2,,,1,4,,21640,2,,,1,44,,21655,2,,,1,3,,21659,2,,,1,4,,21665,2,,,1,4,,21670,2,,,1,3,,21676,2,,,1,4,,21681,2,,,1,3,,21697,2,,,1,3,,21705,2,,,1,4,,21709,2,,,1,3,,21717,2,,,1,3,,21733,2,,,1,3,,21739,2,,,1,3,,21740,2,,,1,3,,21750,2,,,1,2,,21752,2,,,1,3,,21754,2,,,1,3,,21755,2,,,1,3,,21757,2,,,1,2,,21763,2,,,1,43,,21773,2,,,1,3,,21782,2,,,1,2,,21783,2,,,1,3,,21788,2,,,1,2,,21803,2,,,1,3,,21808,2,,,1,2,,21810,2,,,1,3,,21574,2,,,1,2,,21585,2,,,1,3,,21593,2,,,1,2,,21596,2,,,1,3,,21603,2,,,1,2,,21613,2,,,1,3,,21614,2,,,1,3,,21615,2,,,1,3,,21617,2,,,1,3,,21619,2,,,1,3,,21634,2,,,1,3,,21641,2,,,1,3,,21647,2,,,1,3,,21656,2,,,1,3,,21660,2,,,1,44,,21671,2,,,1,3,,21677,2,,,1,3,,21682,2,,,1,4,,21698,2,,,1,4,,21706,2,,,1,3,,21710,2,,,1,4,,21716,2,,,1,4,,21718,2,,,1,3,,21734,2,,,1,5,,21741,2,,,1,5,,21751,2,,,1,5,,21758,2,,,1,5,,21764,2,,,1,6,,21774,2,,,1,46,,21789,2,,,1,6,,21804,2,,,1,6,,21575,2,,,1,6,,21586,2,,,1,6,,21597,2,,,1,6,,21604,2,,,1,6,,21620,2,,,1,6,,21635,2,,,1,6,,21648,2,,,1,6,,21661,2,,,1,46,,21672,2,,,1,6,,21683,2,,,1,6,,21699,2,,,1,6,,21711,2,,,1,6,,21719,2,,,1,6,,21735,2,,,1,6,,21742,2,,,1,6,,21759,2,,,1,6,,21765,2,,,1,6,,21775,2,,,1,46,,21790,2,,,1,6,,21805,2,,,1,6,,21576,2,,,1,6,,21587,2,,,1,6,,21598,2,,,1,6,,21605,2,,,1,6,,21621,2,,,1,6,,21636,2,,,1,6,,21649,2,,,1,6,,21662,2,,,1,46,,21673,2,,,1,6,,21684,2,,,1,6,,21700,2,,,1,6,,21712,2,,,1,6,,21720,2,,,1,6,,21736,2,,,1,6,,21743,2,,,1,6,,21760,2,,,1,6,,21766,2,,,1,6,,21776,2,,,1,46,,21791,2,,,1,6,,21806,2,,,1,6,,21577,2,,,1,6,,21588,2,,,1,6,,21599,2,,,1,6,,21606,2,,,1,6,,21622,2,,,1,6,,21637,2,,,1,6,,21650,2,,,1,6,,21663,2,,,1,46,,21674,2,,,1,6,,21685,2,,,1,5,,21694,2,,,1,5,,21701,2,,,1,4,,21713,2,,,1,4,,21721,2,,,1,4,,21726,2,,,1,4,,21737,2,,,1,3,,21744,2,,,1,4,,21756,2,,,1,4,,21761,2,,,1,4,,21767,2,,,1,3,,21777,2,,,1,4,,21787,2,,,1,44,,21792,2,,,1,4,,21794,2,,,1,3,,21807,2,,,1,4,,21578,2,,,1,4,,21580,2,,,1,4,,21589,2,,,1,3,,21600,2,,,1,4,,21601,2,,,1,3,,21607,2,,,1,3,,21623,2,,,1,3,,21628,2,,,1,4,,21638,2,,,1,3,,21642,2,,,1,3,,21651,2,,,1,3,,21657,2,,,1,3,,21664,2,,,1,3,,21666,2,,,1,3,,21675,2,,,1,43,,21678,2,,,1,3,,21686,2,,,1,3,,21690,2,,,1,3,,21695,2,,,1,3,,21702,2,,,1,4,,21707,2,,,1,3,,21714,2,,,1,3,,21722,2,,,1,3,,21727,2,,,1,4,,21728,2,,,1,3,,21738,2,,,1,3,,21745,2,,,1,4,,21762,2,,,1,3,,21768,2,,,1,4,,21778,2,,,1,3,,21784,2,,,1,4,,21793,2,,,1,4,,21795,2,,,1,44,,21798,2,,,1,4,,21579,2,,,1,4,,21581,2,,,1,4,,21590,2,,,1,4,,21594,2,,,1,4,,21608,2,,,1,4,,21624,2,,,1,4,,21629,2,,,1,4,,21639,2,,,1,4,,21643,2,,,1,4,,21652,2,,,1,4,,21658,2,,,1,5,,21667,2,,,1,5,,21679,2,,,1,45,,21687,2,,,1,5,,21691,2,,,1,5,,21703,2,,,1,5,,21715,2,,,1,5,,21723,2,,,1,6,,21729,2,,,1,5,,21746,2,,,1,6,,21769,2,,,1,6,,21779,2,,,1,6,,21785,2,,,1,6,,21796,2,,,1,46,,21799,2,,,1,6,,21582,2,,,1,6,,21591,2,,,1,6,,21609,2,,,1,6,,21625,2,,,1,6,,21630,2,,,1,6,,21644,2,,,1,6,,21653,2,,,1,6,,21668,2,,,1,6,,21680,2,,,1,46,,21688,2,,,1,6,,21692,2,,,1,6,,21704,2,,,1,6,,21724,2,,,1,6,,21730,2,,,1,6,,21747,2,,,1,6,,21770,2,,,1,6,,21780,2,,,1,7,,21786,2,,,1,6,,21797,2,,,1,46,,21800,2,,,1,6,,21583,2,,,1,6,,21592,2,,,1,6,,21610,2,,,1,6,,21626,2,,,1,6,,21631,2,,,1,7,,21645,2,,,1,8,,21654,2,,,1,8,,21669,2,,,1,48,,21689,2,,,1,8,,21693,2,,,1,8,,21725,2,,,1,8,,21731,2,,,1,8,,21748,2,,,1,8,,21771,2,,,1,8,,21781,2,,,1,8,,21801,2,,,1,48,,21584,2,,,1,8,,21611,2,,,1,8,,21627,2,,,1,8,,21632,2,,,1,8,,21646,2,,,1
