100,'GLOBAUX-01-A',546,,20201,13,,,1,10,,20211,13,,,1,50,,20229,13,,,1,11,,20236,13,,,1,10,,20246,13,,,1,10,,20269,13,,,1,10,,20287,13,,,1,10,,20297,13,,,1,50,,20304,13,,,1,10,,20314,13,,,1,10,,20331,13,,,1,10,,20341,13,,,1,10,,20202,13,,,1,10,,20212,13,,,1,50,,20230,13,,,1,10,,20237,13,,,1,10,,20247,13,,,1,9,,20270,13,,,1,10,,20278,13,,,1,9,,20288,13,,,1,50,,20298,13,,,1,8,,20305,13,,,1,9,,20315,13,,,1,8,,20332,13,,,1,8,,20342,13,,,1,9,,20203,13,,,1,8,,20213,13,,,1,49,,20221,13,,,1,8,,20231,13,,,1,8,,20238,13,,,1,9,,20248,13,,,1,8,,20263,13,,,1,7,,20271,13,,,1,8,,20279,13,,,1,48,,20289,13,,,1,7,,20299,13,,,1,8,,20306,13,,,1,8,,20316,13,,,1,7,,20333,13,,,1,8,,20343,13,,,1,8,,20204,13,,,1,7,,20214,13,,,1,48,,20222,13,,,1,8,,20232,13,,,1,7,,20239,13,,,1,6,,20249,13,,,1,7,,20256,13,,,1,6,,20264,13,,,1,7,,20272,13,,,1,6,,20280,13,,,1,7,,20290,13,,,1,46,,20300,13,,,1,7,,20307,13,,,1,6,,20317,13,,,1,7,,20324,13,,,1,6,,20334,13,,,1,7,,20344,13,,,1,6,,20205,13,,,1,7,,20215,13,,,1,6,,20223,13,,,1,47,,20233,13,,,1,6,,20240,13,,,1,7,,20250,13,,,1,6,,20257,13,,,1,7,,20265,13,,,1,6,,20273,13,,,1,7,,20281,13,,,1,6,,20291,13,,,1,7,,20301,13,,,1,6,,20308,13,,,1,47,,20318,13,,,1,6,,20325,13,,,1,7,,20335,13,,,1,6,,20345,13,,,1,7,,20206,13,,,1,6,,20216,13,,,1,7,,20224,13,,,1,6,,20234,13,,,1,7,,20241,13,,,1,46,,20251,13,,,1,7,,20258,13,,,1,6,,20266,13,,,1,7,,20274,13,,,1,6,,20282,13,,,1,7,,20292,13,,,1,6,,20302,13,,,1,7,,20309,13,,,1,6,,20319,13,,,1,47,,20326,13,,,1,6,,20336,13,,,1,7,,20346,13,,,1,6,,20207,13,,,1,7,,20217,13,,,1,6,,20225,13,,,1,7,,20235,13,,,1,6,,20242,13,,,1,7,,20252,13,,,1,46,,20259,13,,,1,7,,20267,13,,,1,6,,20275,13,,,1,7,,20283,13,,,1,6,,20293,13,,,1,7,,20303,13,,,1,6,,20310,13,,,1,7,,20320,13,,,1,7,,20327,13,,,1,48,,20337,13,,,1,7,,20347,13,,,1,8,,20208,13,,,1,8,,20218,13,,,1,7,,20226,13,,,1,8,,20243,13,,,1,7,,20253,13,,,1,8,,20260,13,,,1,48,,20268,13,,,1,7,,20276,13,,,1,8,,20284,13,,,1,8,,20294,13,,,1,9,,20311,13,,,1,8,,20321,13,,,1,8,,20328,13,,,1,9,,20338,13,,,1,48,,20348,13,,,1,9,,20209,13,,,1,8,,20219,13,,,1,8,,20227,13,,,1,9,,20244,13,,,1,8,,20254,13,,,1,9,,20261,13,,,1,48,,20277,13,,,1,8,,20285,13,,,1,9,,20295,13,,,1,10,,20312,13,,,1,9,,20322,13,,,1,10,,20329,13,,,1,50,,20339,13,,,1,10,,20349,13,,,1,10,,20210,13,,,1,10,,20220,13,,,1,10,,20228,13,,,1,10,,20245,13,,,1,50,,20255,13,,,1,10,,20262,13,,,1,10,,20286,13,,,1,10,,20296,13,,,1,10,,20313,13,,,1,10,,20323,13,,,1,50,,20330,13,,,1,10,,20340,13,,,1,10,,20350,13,,,1
100,'GLOBAUX-01-F1',546,,20351,13,,,1,10,,20361,13,,,1,50,,20368,13,,,1,11,,20393,13,,,1,10,,20403,13,,,1,10,,20413,13,,,1,10,,20435,13,,,1,10,,20445,13,,,1,50,,20454,13,,,1,10,,20463,13,,,1,10,,20472,13,,,1,10,,20481,13,,,1,10,,20352,13,,,1,10,,20362,13,,,1,50,,20369,13,,,1,10,,20394,13,,,1,9,,20404,13,,,1,10,,20414,13,,,1,9,,20429,13,,,1,9,,20436,13,,,1,50,,20446,13,,,1,9,,20455,13,,,1,9,,20464,13,,,1,10,,20473,13,,,1,8,,20482,13,,,1,9,,20353,13,,,1,8,,20363,13,,,1,48,,20370,13,,,1,9,,20385,13,,,1,8,,20395,13,,,1,9,,20405,13,,,1,8,,20415,13,,,1,9,,20430,13,,,1,8,,20437,13,,,1,49,,20447,13,,,1,8,,20456,13,,,1,8,,20465,13,,,1,9,,20474,13,,,1,8,,20483,13,,,1,9,,20354,13,,,1,7,,20364,13,,,1,48,,20371,13,,,1,8,,20378,13,,,1,7,,20386,13,,,1,8,,20396,13,,,1,8,,20406,13,,,1,8,,20416,13,,,1,7,,20431,13,,,1,8,,20438,13,,,1,48,,20448,13,,,1,7,,20457,13,,,1,8,,20466,13,,,1,8,,20475,13,,,1,7,,20484,13,,,1,8,,20355,13,,,1,8,,20365,13,,,1,7,,20372,13,,,1,48,,20379,13,,,1,8,,20387,13,,,1,7,,20397,13,,,1,8,,20407,13,,,1,7,,20417,13,,,1,7,,20423,13,,,1,7,,20432,13,,,1,7,,20439,13,,,1,47,,20449,13,,,1,7,,20458,13,,,1,7,,20467,13,,,1,7,,20476,13,,,1,7,,20485,13,,,1,7,,20356,13,,,1,7,,20366,13,,,1,7,,20373,13,,,1,7,,20380,13,,,1,47,,20388,13,,,1,7,,20398,13,,,1,7,,20408,13,,,1,7,,20418,13,,,1,7,,20424,13,,,1,7,,20433,13,,,1,7,,20440,13,,,1,7,,20450,13,,,1,47,,20459,13,,,1,7,,20468,13,,,1,7,,20477,13,,,1,7,,20486,13,,,1,7,,20357,13,,,1,7,,20367,13,,,1,7,,20374,13,,,1,7,,20381,13,,,1,7,,20389,13,,,1,47,,20399,13,,,1,7,,20409,13,,,1,6,,20419,13,,,1,7,,20425,13,,,1,7,,20434,13,,,1,7,,20441,13,,,1,7,,20451,13,,,1,9,,20460,13,,,1,48,,20469,13,,,1,9,,20478,13,,,1,8,,20487,13,,,1,8,,20358,13,,,1,9,,20375,13,,,1,8,,20382,13,,,1,9,,20390,13,,,1,48,,20400,13,,,1,8,,20410,13,,,1,9,,20420,13,,,1,8,,20426,13,,,1,9,,20442,13,,,1,8,,20452,13,,,1,8,,20461,13,,,1,49,,20470,13,,,1,8,,20479,13,,,1,9,,20488,13,,,1,8,,20359,13,,,1,8,,20376,13,,,1,9,,20383,13,,,1,8,,20391,13,,,1,49,,20401,13,,,1,9,,20411,13,,,1,9,,20421,13,,,1,9,,20427,13,,,1,9,,20443,13,,,1,9,,20453,13,,,1,9,,20462,13,,,1,49,,20471,13,,,1,9,,20480,13,,,1,10,,20489,13,,,1,10,,20360,13,,,1,10,,20377,13,,,1,10,,20384,13,,,1,50,,20392,13,,,1,10,,20402,13,,,1,10,,20412,13,,,1,10,,20422,13,,,1,10,,20428,13,,,1,10,,20444,13,,,1
100,'GLOBAUX-01-F2',546,,20490,13,,,1,10,,20500,13,,,1,50,,20507,13,,,1,11,,20532,13,,,1,10,,20542,13,,,1,10,,20552,13,,,1,10,,20574,13,,,1,10,,20584,13,,,1,50,,20593,13,,,1,10,,20602,13,,,1,10,,20611,13,,,1,10,,20620,13,,,1,10,,20491,13,,,1,10,,20501,13,,,1,50,,20508,13,,,1,10,,20533,13,,,1,9,,20543,13,,,1,10,,20553,13,,,1,9,,20568,13,,,1,9,,20575,13,,,1,50,,20585,13,,,1,9,,20594,13,,,1,9,,20603,13,,,1,10,,20612,13,,,1,8,,20621,13,,,1,9,,20492,13,,,1,8,,20502,13,,,1,48,,20509,13,,,1,9,,20524,13,,,1,8,,20534,13,,,1,9,,20544,13,,,1,8,,20554,13,,,1,9,,20569,13,,,1,8,,20576,13,,,1,49,,20586,13,,,1,8,,20595,13,,,1,8,,20604,13,,,1,9,,20613,13,,,1,8,,20622,13,,,1,9,,20493,13,,,1,7,,20503,13,,,1,48,,20510,13,,,1,8,,20517,13,,,1,7,,20525,13,,,1,8,,20535,13,,,1,8,,20545,13,,,1,8,,20555,13,,,1,7,,20570,13,,,1,8,,20577,13,,,1,48,,20587,13,,,1,7,,20596,13,,,1,8,,20605,13,,,1,8,,20614,13,,,1,7,,20623,13,,,1,8,,20494,13,,,1,8,,20504,13,,,1,7,,20511,13,,,1,48,,20518,13,,,1,8,,20526,13,,,1,7,,20536,13,,,1,8,,20546,13,,,1,7,,20556,13,,,1,7,,20562,13,,,1,7,,20571,13,,,1,7,,20578,13,,,1,47,,20588,13,,,1,7,,20597,13,,,1,7,,20606,13,,,1,7,,20615,13,,,1,7,,20624,13,,,1,7,,20495,13,,,1,7,,20505,13,,,1,7,,20512,13,,,1,7,,20519,13,,,1,47,,20527,13,,,1,7,,20537,13,,,1,7,,20547,13,,,1,7,,20557,13,,,1,7,,20563,13,,,1,7,,20572,13,,,1,7,,20579,13,,,1,7,,20589,13,,,1,47,,20598,13,,,1,7,,20607,13,,,1,7,,20616,13,,,1,7,,20625,13,,,1,7,,20496,13,,,1,7,,20506,13,,,1,7,,20513,13,,,1,7,,20520,13,,,1,7,,20528,13,,,1,47,,20538,13,,,1,7,,20548,13,,,1,6,,20558,13,,,1,7,,20564,13,,,1,7,,20573,13,,,1,7,,20580,13,,,1,7,,20590,13,,,1,9,,20599,13,,,1,48,,20608,13,,,1,9,,20617,13,,,1,8,,20626,13,,,1,8,,20497,13,,,1,9,,20514,13,,,1,8,,20521,13,,,1,9,,20529,13,,,1,48,,20539,13,,,1,8,,20549,13,,,1,9,,20559,13,,,1,8,,20565,13,,,1,9,,20581,13,,,1,8,,20591,13,,,1,8,,20600,13,,,1,49,,20609,13,,,1,8,,20618,13,,,1,9,,20627,13,,,1,8,,20498,13,,,1,8,,20515,13,,,1,9,,20522,13,,,1,8,,20530,13,,,1,49,,20540,13,,,1,9,,20550,13,,,1,9,,20560,13,,,1,9,,20566,13,,,1,9,,20582,13,,,1,9,,20592,13,,,1,9,,20601,13,,,1,49,,20610,13,,,1,9,,20619,13,,,1,10,,20628,13,,,1,10,,20499,13,,,1,10,,20516,13,,,1,10,,20523,13,,,1,50,,20531,13,,,1,10,,20541,13,,,1,10,,20551,13,,,1,10,,20561,13,,,1,10,,20567,13,,,1,10,,20583,13,,,1
100,'GLOBAUX-01-I',546,,20629,13,,,1,10,,20639,13,,,1,50,,20646,13,,,1,11,,20671,13,,,1,10,,20681,13,,,1,10,,20691,13,,,1,10,,20713,13,,,1,10,,20723,13,,,1,50,,20732,13,,,1,10,,20741,13,,,1,10,,20750,13,,,1,10,,20759,13,,,1,10,,20630,13,,,1,10,,20640,13,,,1,50,,20647,13,,,1,10,,20672,13,,,1,9,,20682,13,,,1,10,,20692,13,,,1,9,,20707,13,,,1,9,,20714,13,,,1,50,,20724,13,,,1,9,,20733,13,,,1,9,,20742,13,,,1,10,,20751,13,,,1,8,,20760,13,,,1,9,,20631,13,,,1,8,,20641,13,,,1,48,,20648,13,,,1,9,,20663,13,,,1,8,,20673,13,,,1,9,,20683,13,,,1,8,,20693,13,,,1,9,,20708,13,,,1,8,,20715,13,,,1,49,,20725,13,,,1,8,,20734,13,,,1,8,,20743,13,,,1,9,,20752,13,,,1,8,,20761,13,,,1,9,,20632,13,,,1,7,,20642,13,,,1,48,,20649,13,,,1,8,,20656,13,,,1,7,,20664,13,,,1,8,,20674,13,,,1,8,,20684,13,,,1,8,,20694,13,,,1,7,,20709,13,,,1,8,,20716,13,,,1,48,,20726,13,,,1,7,,20735,13,,,1,8,,20744,13,,,1,8,,20753,13,,,1,7,,20762,13,,,1,8,,20633,13,,,1,8,,20643,13,,,1,7,,20650,13,,,1,48,,20657,13,,,1,8,,20665,13,,,1,7,,20675,13,,,1,8,,20685,13,,,1,7,,20695,13,,,1,7,,20701,13,,,1,7,,20710,13,,,1,7,,20717,13,,,1,47,,20727,13,,,1,7,,20736,13,,,1,7,,20745,13,,,1,7,,20754,13,,,1,7,,20763,13,,,1,7,,20634,13,,,1,7,,20644,13,,,1,7,,20651,13,,,1,7,,20658,13,,,1,47,,20666,13,,,1,7,,20676,13,,,1,7,,20686,13,,,1,7,,20696,13,,,1,7,,20702,13,,,1,7,,20711,13,,,1,7,,20718,13,,,1,7,,20728,13,,,1,47,,20737,13,,,1,7,,20746,13,,,1,7,,20755,13,,,1,7,,20764,13,,,1,7,,20635,13,,,1,7,,20645,13,,,1,7,,20652,13,,,1,7,,20659,13,,,1,7,,20667,13,,,1,47,,20677,13,,,1,7,,20687,13,,,1,6,,20697,13,,,1,7,,20703,13,,,1,7,,20712,13,,,1,7,,20719,13,,,1,7,,20729,13,,,1,9,,20738,13,,,1,48,,20747,13,,,1,9,,20756,13,,,1,8,,20765,13,,,1,8,,20636,13,,,1,9,,20653,13,,,1,8,,20660,13,,,1,9,,20668,13,,,1,48,,20678,13,,,1,8,,20688,13,,,1,9,,20698,13,,,1,8,,20704,13,,,1,9,,20720,13,,,1,8,,20730,13,,,1,8,,20739,13,,,1,49,,20748,13,,,1,8,,20757,13,,,1,9,,20766,13,,,1,8,,20637,13,,,1,8,,20654,13,,,1,9,,20661,13,,,1,8,,20669,13,,,1,49,,20679,13,,,1,9,,20689,13,,,1,9,,20699,13,,,1,9,,20705,13,,,1,9,,20721,13,,,1,9,,20731,13,,,1,9,,20740,13,,,1,49,,20749,13,,,1,9,,20758,13,,,1,10,,20767,13,,,1,10,,20638,13,,,1,10,,20655,13,,,1,10,,20662,13,,,1,50,,20670,13,,,1,10,,20680,13,,,1,10,,20690,13,,,1,10,,20700,13,,,1,10,,20706,13,,,1,10,,20722,13,,,1
100,'GLOBAUX-01-S',547,,20768,13,,,1,6,,20796,13,,,1,47,,20806,13,,,1,7,,20826,13,,,1,7,,20848,13,,,1,7,,20852,13,,,1,6,,20859,13,,,1,7,,20870,13,,,1,5,,20876,13,,,1,4,,20893,13,,,1,4,,20902,13,,,1,4,,20905,13,,,1,4,,20913,13,,,1,4,,20930,13,,,1,43,,20936,13,,,1,3,,20946,13,,,1,3,,20948,13,,,1,4,,20950,13,,,1,3,,20952,13,,,1,3,,20968,13,,,1,3,,20977,13,,,1,4,,20979,13,,,1,3,,20997,13,,,1,3,,21003,13,,,1,4,,21004,13,,,1,3,,20769,13,,,1,3,,20787,13,,,1,3,,20789,13,,,1,4,,20797,13,,,1,3,,20807,13,,,1,3,,20808,13,,,1,3,,20809,13,,,1,43,,20811,13,,,1,3,,20812,13,,,1,3,,20827,13,,,1,3,,20833,13,,,1,3,,20839,13,,,1,3,,20849,13,,,1,3,,20853,13,,,1,3,,20860,13,,,1,3,,20865,13,,,1,3,,20871,13,,,1,3,,20877,13,,,1,4,,20894,13,,,1,3,,20903,13,,,1,3,,20906,13,,,1,3,,20912,13,,,1,3,,20914,13,,,1,3,,20931,13,,,1,4,,20937,13,,,1,3,,20947,13,,,1,3,,20949,13,,,1,43,,20951,13,,,1,4,,20955,13,,,1,3,,20960,13,,,1,4,,20969,13,,,1,3,,20978,13,,,1,4,,20984,13,,,1,4,,20998,13,,,1,3,,21005,13,,,1,4,,20770,13,,,1,4,,20780,13,,,1,5,,20790,13,,,1,5,,20798,13,,,1,5,,20810,13,,,1,5,,20813,13,,,1,45,,20828,13,,,1,6,,20840,13,,,1,6,,20854,13,,,1,6,,20866,13,,,1,6,,20878,13,,,1,6,,20895,13,,,1,6,,20907,13,,,1,6,,20915,13,,,1,6,,20932,13,,,1,6,,20938,13,,,1,46,,20956,13,,,1,6,,20961,13,,,1,6,,20970,13,,,1,6,,20985,13,,,1,6,,20999,13,,,1,6,,20771,13,,,1,6,,20781,13,,,1,6,,20791,13,,,1,6,,20799,13,,,1,6,,20814,13,,,1,46,,20829,13,,,1,6,,20841,13,,,1,6,,20855,13,,,1,6,,20867,13,,,1,6,,20879,13,,,1,6,,20896,13,,,1,6,,20908,13,,,1,6,,20916,13,,,1,6,,20933,13,,,1,6,,20939,13,,,1,46,,20957,13,,,1,6,,20962,13,,,1,6,,20971,13,,,1,6,,20986,13,,,1,6,,21000,13,,,1,6,,20772,13,,,1,6,,20782,13,,,1,6,,20792,13,,,1,6,,20800,13,,,1,6,,20815,13,,,1,46,,20830,13,,,1,6,,20842,13,,,1,6,,20856,13,,,1,6,,20868,13,,,1,6,,20880,13,,,1,6,,20897,13,,,1,6,,20909,13,,,1,6,,20917,13,,,1,6,,20934,13,,,1,6,,20940,13,,,1,46,,20958,13,,,1,6,,20963,13,,,1,6,,20972,13,,,1,5,,20987,13,,,1,5,,20989,13,,,1,4,,21001,13,,,1,4,,20773,13,,,1,4,,20775,13,,,1,4,,20783,13,,,1,4,,20793,13,,,1,4,,20795,13,,,1,4,,20801,13,,,1,3,,20816,13,,,1,4,,20821,13,,,1,43,,20831,13,,,1,3,,20834,13,,,1,4,,20843,13,,,1,3,,20850,13,,,1,3,,20857,13,,,1,3,,20869,13,,,1,3,,20872,13,,,1,4,,20881,13,,,1,3,,20886,13,,,1,3,,20891,13,,,1,3,,20898,13,,,1,3,,20904,13,,,1,2,,20910,13,,,1,3,,20918,13,,,1,3,,20923,13,,,1,3,,20925,13,,,1,2,,20935,13,,,1,3,,20941,13,,,1,3,,20953,13,,,1,3,,20954,13,,,1,2,,20959,13,,,1,43,,20964,13,,,1,3,,20973,13,,,1,3,,20980,13,,,1,2,,20983,13,,,1,3,,20988,13,,,1,3,,20990,13,,,1,3,,20993,13,,,1,2,,21002,13,,,1,3,,20774,13,,,1,3,,20776,13,,,1,3,,20784,13,,,1,3,,20788,13,,,1,3,,20794,13,,,1,4,,20802,13,,,1,3,,20817,13,,,1,4,,20822,13,,,1,3,,20832,13,,,1,4,,20835,13,,,1,3,,20844,13,,,1,44,,20851,13,,,1,4,,20858,13,,,1,3,,20861,13,,,1,4,,20873,13,,,1,4,,20882,13,,,1,4,,20887,13,,,1,4,,20892,13,,,1,4,,20899,13,,,1,4,,20911,13,,,1,4,,20919,13,,,1,4,,20924,13,,,1,4,,20926,13,,,1,5,,20942,13,,,1,5,,20965,13,,,1,46,,20974,13,,,1,5,,20981,13,,,1,6,,20991,13,,,1,6,,20994,13,,,1,6,,20777,13,,,1,6,,20785,13,,,1,6,,20803,13,,,1,6,,20818,13,,,1,6,,20823,13,,,1,6,,20836,13,,,1,6,,20845,13,,,1,46,,20862,13,,,1,6,,20874,13,,,1,6,,20883,13,,,1,6,,20888,13,,,1,6,,20900,13,,,1,6,,20920,13,,,1,6,,20927,13,,,1,6,,20943,13,,,1,7,,20966,13,,,1,46,,20975,13,,,1,6,,20982,13,,,1,6,,20992,13,,,1,6,,20995,13,,,1,6,,20778,13,,,1,6,,20786,13,,,1,6,,20804,13,,,1,6,,20819,13,,,1,6,,20824,13,,,1,6,,20837,13,,,1,46,,20846,13,,,1,6,,20863,13,,,1,6,,20875,13,,,1,6,,20884,13,,,1,7,,20889,13,,,1,6,,20901,13,,,1,7,,20921,13,,,1,6,,20928,13,,,1,8,,20944,13,,,1,48,,20967,13,,,1,8,,20976,13,,,1,8,,20996,13,,,1,8,,20779,13,,,1,8,,20805,13,,,1,8,,20820,13,,,1,8,,20825,13,,,1,8,,20838,13,,,1,48,,20847,13,,,1,8,,20864,13,,,1,8,,20885,13,,,1,8,,20890,13,,,1,7,,20922,13,,,1,8,,20929,13,,,1,8,,20945,13,,,1
101,'GLOBAUX-01-A',548,,21092,15,,,1,10,,21102,15,,,1,50,,21109,15,,,1,10,,21119,15,,,1,10,,21136,15,,,1,10,,21146,15,,,1,10,,21006,15,,,1,10,,21016,15,,,1,50,,21035,15,,,1,10,,21042,15,,,1,10,,21052,15,,,1,10,,21074,15,,,1,9,,21082,15,,,1,10,,21093,15,,,1,49,,21103,15,,,1,10,,21110,15,,,1,9,,21120,15,,,1,9,,21137,15,,,1,8,,21147,15,,,1,8,,21007,15,,,1,9,,21017,15,,,1,48,,21026,15,,,1,9,,21036,15,,,1,8,,21043,15,,,1,9,,21053,15,,,1,8,,21075,15,,,1,8,,21083,15,,,1,9,,21094,15,,,1,48,,21104,15,,,1,9,,21111,15,,,1,8,,21121,15,,,1,9,,21138,15,,,1,8,,21148,15,,,1,8,,21008,15,,,1,9,,21018,15,,,1,48,,21027,15,,,1,7,,21037,15,,,1,8,,21044,15,,,1,8,,21054,15,,,1,7,,21069,15,,,1,8,,21076,15,,,1,8,,21084,15,,,1,7,,21095,15,,,1,48,,21105,15,,,1,8,,21112,15,,,1,7,,21122,15,,,1,6,,21129,15,,,1,7,,21139,15,,,1,6,,21149,15,,,1,7,,21009,15,,,1,6,,21019,15,,,1,47,,21028,15,,,1,6,,21038,15,,,1,7,,21045,15,,,1,6,,21055,15,,,1,7,,21062,15,,,1,6,,21070,15,,,1,7,,21077,15,,,1,6,,21085,15,,,1,7,,21096,15,,,1,6,,21106,15,,,1,47,,21113,15,,,1,6,,21123,15,,,1,7,,21130,15,,,1,6,,21140,15,,,1,7,,21150,15,,,1,6,,21010,15,,,1,7,,21020,15,,,1,6,,21029,15,,,1,7,,21039,15,,,1,46,,21046,15,,,1,7,,21056,15,,,1,6,,21063,15,,,1,7,,21071,15,,,1,6,,21078,15,,,1,7,,21086,15,,,1,6,,21097,15,,,1,7,,21107,15,,,1,6,,21114,15,,,1,47,,21124,15,,,1,6,,21131,15,,,1,7,,21141,15,,,1,6,,21151,15,,,1,7,,21011,15,,,1,6,,21021,15,,,1,7,,21030,15,,,1,6,,21040,15,,,1,7,,21047,15,,,1,46,,21057,15,,,1,7,,21064,15,,,1,6,,21072,15,,,1,7,,21079,15,,,1,6,,21087,15,,,1,7,,21098,15,,,1,6,,21108,15,,,1,6,,21115,15,,,1,7,,21125,15,,,1,6,,21132,15,,,1,47,,21142,15,,,1,6,,21152,15,,,1,7,,21012,15,,,1,6,,21022,15,,,1,7,,21031,15,,,1,6,,21041,15,,,1,7,,21048,15,,,1,7,,21058,15,,,1,8,,21065,15,,,1,47,,21073,15,,,1,8,,21080,15,,,1,7,,21088,15,,,1,8,,21099,15,,,1,8,,21116,15,,,1,7,,21126,15,,,1,9,,21133,15,,,1,48,,21143,15,,,1,8,,21153,15,,,1,9,,21013,15,,,1,8,,21023,15,,,1,9,,21032,15,,,1,8,,21049,15,,,1,8,,21059,15,,,1,49,,21066,15,,,1,8,,21081,15,,,1,9,,21089,15,,,1,8,,21100,15,,,1,8,,21117,15,,,1,9,,21127,15,,,1,8,,21134,15,,,1,50,,21144,15,,,1,9,,21154,15,,,1,9,,21014,15,,,1,10,,21024,15,,,1,9,,21033,15,,,1,10,,21050,15,,,1,10,,21060,15,,,1,49,,21067,15,,,1,10,,21090,15,,,1,10,,21101,15,,,1,10,,21118,15,,,1,10,,21128,15,,,1,10,,21135,15,,,1,50,,21145,15,,,1,10,,21155,15,,,1,10,,21015,15,,,1,10,,21025,15,,,1,10,,21034,15,,,1,10,,21051,15,,,1,50,,21061,15,,,1,10,,21068,15,,,1,14,,21091,15,,,1
101,'GLOBAUX-01-F1',548,,21236,15,,,1,10,,21246,15,,,1,50,,21255,15,,,1,10,,21265,15,,,1,10,,21275,15,,,1,10,,21285,15,,,1,10,,21156,15,,,1,10,,21166,15,,,1,50,,21173,15,,,1,10,,21198,15,,,1,10,,21207,15,,,1,10,,21216,15,,,1,9,,21230,15,,,1,10,,21237,15,,,1,49,,21247,15,,,1,9,,21256,15,,,1,10,,21266,15,,,1,9,,21276,15,,,1,9,,21286,15,,,1,8,,21157,15,,,1,8,,21167,15,,,1,49,,21174,15,,,1,8,,21190,15,,,1,9,,21199,15,,,1,8,,21208,15,,,1,9,,21217,15,,,1,8,,21231,15,,,1,9,,21238,15,,,1,48,,21248,15,,,1,8,,21257,15,,,1,9,,21267,15,,,1,8,,21277,15,,,1,9,,21287,15,,,1,8,,21158,15,,,1,8,,21168,15,,,1,49,,21175,15,,,1,8,,21191,15,,,1,9,,21200,15,,,1,8,,21209,15,,,1,9,,21218,15,,,1,8,,21232,15,,,1,9,,21239,15,,,1,48,,21249,15,,,1,8,,21258,15,,,1,9,,21268,15,,,1,8,,21278,15,,,1,8,,21288,15,,,1,8,,21159,15,,,1,7,,21169,15,,,1,48,,21176,15,,,1,8,,21183,15,,,1,7,,21192,15,,,1,8,,21201,15,,,1,8,,21210,15,,,1,7,,21219,15,,,1,8,,21233,15,,,1,8,,21240,15,,,1,47,,21250,15,,,1,8,,21259,15,,,1,8,,21269,15,,,1,7,,21279,15,,,1,8,,21289,15,,,1,8,,21160,15,,,1,7,,21170,15,,,1,8,,21177,15,,,1,48,,21184,15,,,1,7,,21193,15,,,1,7,,21202,15,,,1,7,,21211,15,,,1,7,,21220,15,,,1,7,,21225,15,,,1,7,,21234,15,,,1,7,,21241,15,,,1,47,,21251,15,,,1,7,,21260,15,,,1,7,,21270,15,,,1,7,,21280,15,,,1,7,,21290,15,,,1,7,,21161,15,,,1,7,,21171,15,,,1,7,,21178,15,,,1,7,,21185,15,,,1,47,,21194,15,,,1,7,,21203,15,,,1,7,,21212,15,,,1,7,,21221,15,,,1,7,,21226,15,,,1,7,,21235,15,,,1,7,,21242,15,,,1,7,,21252,15,,,1,7,,21261,15,,,1,47,,21271,15,,,1,7,,21281,15,,,1,7,,21291,15,,,1,7,,21162,15,,,1,7,,21172,15,,,1,7,,21179,15,,,1,7,,21186,15,,,1,8,,21195,15,,,1,49,,21204,15,,,1,8,,21213,15,,,1,9,,21222,15,,,1,8,,21227,15,,,1,8,,21243,15,,,1,9,,21253,15,,,1,8,,21262,15,,,1,49,,21272,15,,,1,8,,21282,15,,,1,8,,21292,15,,,1,9,,21163,15,,,1,8,,21180,15,,,1,9,,21187,15,,,1,8,,21196,15,,,1,48,,21205,15,,,1,9,,21214,15,,,1,8,,21223,15,,,1,9,,21228,15,,,1,8,,21244,15,,,1,8,,21254,15,,,1,9,,21263,15,,,1,48,,21273,15,,,1,9,,21283,15,,,1,8,,21293,15,,,1,9,,21164,15,,,1,9,,21181,15,,,1,10,,21188,15,,,1,10,,21197,15,,,1,50,,21206,15,,,1,10,,21215,15,,,1,10,,21224,15,,,1,10,,21229,15,,,1,10,,21245,15,,,1,10,,21264,15,,,1,50,,21274,15,,,1,10,,21284,15,,,1,10,,21294,15,,,1,10,,21165,15,,,1,10,,21182,15,,,1,54,,21189,15,,,1
101,'GLOBAUX-01-F2',548,,21375,15,,,1,10,,21385,15,,,1,50,,21394,15,,,1,10,,21404,15,,,1,10,,21414,15,,,1,10,,21424,15,,,1,10,,21295,15,,,1,10,,21305,15,,,1,50,,21312,15,,,1,10,,21337,15,,,1,10,,21346,15,,,1,10,,21355,15,,,1,9,,21369,15,,,1,10,,21376,15,,,1,49,,21386,15,,,1,9,,21395,15,,,1,10,,21405,15,,,1,9,,21415,15,,,1,9,,21425,15,,,1,8,,21296,15,,,1,8,,21306,15,,,1,49,,21313,15,,,1,8,,21329,15,,,1,9,,21338,15,,,1,8,,21347,15,,,1,9,,21356,15,,,1,8,,21370,15,,,1,9,,21377,15,,,1,48,,21387,15,,,1,8,,21396,15,,,1,9,,21406,15,,,1,8,,21416,15,,,1,9,,21426,15,,,1,8,,21297,15,,,1,8,,21307,15,,,1,49,,21314,15,,,1,8,,21330,15,,,1,9,,21339,15,,,1,8,,21348,15,,,1,9,,21357,15,,,1,8,,21371,15,,,1,9,,21378,15,,,1,48,,21388,15,,,1,8,,21397,15,,,1,9,,21407,15,,,1,8,,21417,15,,,1,8,,21427,15,,,1,8,,21298,15,,,1,7,,21308,15,,,1,48,,21315,15,,,1,8,,21322,15,,,1,7,,21331,15,,,1,8,,21340,15,,,1,8,,21349,15,,,1,7,,21358,15,,,1,8,,21372,15,,,1,8,,21379,15,,,1,47,,21389,15,,,1,8,,21398,15,,,1,8,,21408,15,,,1,7,,21418,15,,,1,8,,21428,15,,,1,8,,21299,15,,,1,7,,21309,15,,,1,8,,21316,15,,,1,48,,21323,15,,,1,7,,21332,15,,,1,7,,21341,15,,,1,7,,21350,15,,,1,7,,21359,15,,,1,7,,21364,15,,,1,7,,21373,15,,,1,7,,21380,15,,,1,47,,21390,15,,,1,7,,21399,15,,,1,7,,21409,15,,,1,7,,21419,15,,,1,7,,21429,15,,,1,7,,21300,15,,,1,7,,21310,15,,,1,7,,21317,15,,,1,7,,21324,15,,,1,47,,21333,15,,,1,7,,21342,15,,,1,7,,21351,15,,,1,7,,21360,15,,,1,7,,21365,15,,,1,7,,21374,15,,,1,7,,21381,15,,,1,7,,21391,15,,,1,7,,21400,15,,,1,47,,21410,15,,,1,7,,21420,15,,,1,7,,21430,15,,,1,7,,21301,15,,,1,7,,21311,15,,,1,7,,21318,15,,,1,7,,21325,15,,,1,8,,21334,15,,,1,49,,21343,15,,,1,8,,21352,15,,,1,9,,21361,15,,,1,8,,21366,15,,,1,8,,21382,15,,,1,9,,21392,15,,,1,8,,21401,15,,,1,49,,21411,15,,,1,8,,21421,15,,,1,8,,21431,15,,,1,9,,21302,15,,,1,8,,21319,15,,,1,9,,21326,15,,,1,8,,21335,15,,,1,48,,21344,15,,,1,9,,21353,15,,,1,8,,21362,15,,,1,9,,21367,15,,,1,8,,21383,15,,,1,8,,21393,15,,,1,9,,21402,15,,,1,48,,21412,15,,,1,9,,21422,15,,,1,8,,21432,15,,,1,9,,21303,15,,,1,9,,21320,15,,,1,10,,21327,15,,,1,10,,21336,15,,,1,50,,21345,15,,,1,10,,21354,15,,,1,10,,21363,15,,,1,10,,21368,15,,,1,10,,21384,15,,,1,10,,21403,15,,,1,50,,21413,15,,,1,10,,21423,15,,,1,10,,21433,15,,,1,10,,21304,15,,,1,10,,21321,15,,,1,54,,21328,15,,,1
101,'GLOBAUX-01-I',548,,21514,15,,,1,10,,21524,15,,,1,50,,21533,15,,,1,10,,21543,15,,,1,10,,21553,15,,,1,10,,21563,15,,,1,10,,21434,15,,,1,10,,21444,15,,,1,50,,21451,15,,,1,10,,21476,15,,,1,10,,21485,15,,,1,10,,21494,15,,,1,9,,21508,15,,,1,10,,21515,15,,,1,49,,21525,15,,,1,9,,21534,15,,,1,10,,21544,15,,,1,9,,21554,15,,,1,9,,21564,15,,,1,8,,21435,15,,,1,8,,21445,15,,,1,49,,21452,15,,,1,8,,21468,15,,,1,9,,21477,15,,,1,8,,21486,15,,,1,9,,21495,15,,,1,8,,21509,15,,,1,9,,21516,15,,,1,48,,21526,15,,,1,8,,21535,15,,,1,9,,21545,15,,,1,8,,21555,15,,,1,9,,21565,15,,,1,8,,21436,15,,,1,8,,21446,15,,,1,49,,21453,15,,,1,8,,21469,15,,,1,9,,21478,15,,,1,8,,21487,15,,,1,9,,21496,15,,,1,8,,21510,15,,,1,9,,21517,15,,,1,48,,21527,15,,,1,8,,21536,15,,,1,9,,21546,15,,,1,8,,21556,15,,,1,8,,21566,15,,,1,8,,21437,15,,,1,7,,21447,15,,,1,48,,21454,15,,,1,8,,21461,15,,,1,7,,21470,15,,,1,8,,21479,15,,,1,8,,21488,15,,,1,7,,21497,15,,,1,8,,21511,15,,,1,8,,21518,15,,,1,47,,21528,15,,,1,8,,21537,15,,,1,8,,21547,15,,,1,7,,21557,15,,,1,8,,21567,15,,,1,8,,21438,15,,,1,7,,21448,15,,,1,8,,21455,15,,,1,48,,21462,15,,,1,7,,21471,15,,,1,7,,21480,15,,,1,7,,21489,15,,,1,7,,21498,15,,,1,7,,21503,15,,,1,7,,21512,15,,,1,7,,21519,15,,,1,47,,21529,15,,,1,7,,21538,15,,,1,7,,21548,15,,,1,7,,21558,15,,,1,7,,21568,15,,,1,7,,21439,15,,,1,7,,21449,15,,,1,7,,21456,15,,,1,7,,21463,15,,,1,47,,21472,15,,,1,7,,21481,15,,,1,7,,21490,15,,,1,7,,21499,15,,,1,7,,21504,15,,,1,7,,21513,15,,,1,7,,21520,15,,,1,7,,21530,15,,,1,7,,21539,15,,,1,47,,21549,15,,,1,7,,21559,15,,,1,7,,21569,15,,,1,7,,21440,15,,,1,7,,21450,15,,,1,7,,21457,15,,,1,7,,21464,15,,,1,8,,21473,15,,,1,49,,21482,15,,,1,8,,21491,15,,,1,9,,21500,15,,,1,8,,21505,15,,,1,8,,21521,15,,,1,9,,21531,15,,,1,8,,21540,15,,,1,49,,21550,15,,,1,8,,21560,15,,,1,8,,21570,15,,,1,9,,21441,15,,,1,8,,21458,15,,,1,9,,21465,15,,,1,8,,21474,15,,,1,48,,21483,15,,,1,9,,21492,15,,,1,8,,21501,15,,,1,9,,21506,15,,,1,8,,21522,15,,,1,8,,21532,15,,,1,9,,21541,15,,,1,48,,21551,15,,,1,9,,21561,15,,,1,8,,21571,15,,,1,9,,21442,15,,,1,9,,21459,15,,,1,10,,21466,15,,,1,10,,21475,15,,,1,50,,21484,15,,,1,10,,21493,15,,,1,10,,21502,15,,,1,10,,21507,15,,,1,10,,21523,15,,,1,10,,21542,15,,,1,50,,21552,15,,,1,10,,21562,15,,,1,10,,21572,15,,,1,10,,21443,15,,,1,10,,21460,15,,,1,54,,21467,15,,,1
101,'GLOBAUX-01-S',548,,21696,15,,,1,8,,21708,15,,,1,47,,21732,15,,,1,7,,21749,15,,,1,7,,21753,15,,,1,7,,21772,15,,,1,7,,21802,15,,,1,7,,21809,15,,,1,5,,21573,15,,,1,5,,21595,15,,,1,5,,21602,15,,,1,5,,21612,15,,,1,45,,21616,15,,,1,5,,21618,15,,,1,4,,21633,15,,,1,4,,21640,15,,,1,3,,21655,15,,,1,4,,21659,15,,,1,4,,21665,15,,,1,3,,21670,15,,,1,4,,21676,15,,,1,3,,21681,15,,,1,4,,21697,15,,,1,3,,21705,15,,,1,3,,21709,15,,,1,4,,21717,15,,,1,3,,21733,15,,,1,3,,21739,15,,,1,43,,21740,15,,,1,2,,21750,15,,,1,3,,21752,15,,,1,3,,21754,15,,,1,3,,21755,15,,,1,2,,21757,15,,,1,3,,21763,15,,,1,3,,21773,15,,,1,2,,21782,15,,,1,3,,21783,15,,,1,2,,21788,15,,,1,3,,21803,15,,,1,2,,21808,15,,,1,3,,21810,15,,,1,2,,21574,15,,,1,3,,21585,15,,,1,2,,21593,15,,,1,3,,21596,15,,,1,2,,21603,15,,,1,3,,21613,15,,,1,3,,21614,15,,,1,2,,21615,15,,,1,3,,21617,15,,,1,43,,21619,15,,,1,3,,21634,15,,,1,3,,21641,15,,,1,3,,21647,15,,,1,4,,21656,15,,,1,3,,21660,15,,,1,3,,21671,15,,,1,4,,21677,15,,,1,3,,21682,15,,,1,4,,21698,15,,,1,3,,21706,15,,,1,4,,21710,15,,,1,4,,21716,15,,,1,3,,21718,15,,,1,4,,21734,15,,,1,4,,21741,15,,,1,5,,21751,15,,,1,45,,21758,15,,,1,5,,21764,15,,,1,6,,21774,15,,,1,6,,21789,15,,,1,6,,21804,15,,,1,6,,21575,15,,,1,6,,21586,15,,,1,6,,21597,15,,,1,6,,21604,15,,,1,6,,21620,15,,,1,46,,21635,15,,,1,6,,21648,15,,,1,6,,21661,15,,,1,6,,21672,15,,,1,6,,21683,15,,,1,6,,21699,15,,,1,6,,21711,15,,,1,6,,21719,15,,,1,6,,21735,15,,,1,6,,21742,15,,,1,46,,21759,15,,,1,6,,21765,15,,,1,6,,21775,15,,,1,6,,21790,15,,,1,6,,21805,15,,,1,6,,21576,15,,,1,6,,21587,15,,,1,6,,21598,15,,,1,6,,21605,15,,,1,6,,21621,15,,,1,46,,21636,15,,,1,6,,21649,15,,,1,6,,21662,15,,,1,6,,21673,15,,,1,6,,21684,15,,,1,6,,21700,15,,,1,6,,21712,15,,,1,6,,21720,15,,,1,6,,21736,15,,,1,6,,21743,15,,,1,46,,21760,15,,,1,6,,21766,15,,,1,6,,21776,15,,,1,6,,21791,15,,,1,6,,21806,15,,,1,6,,21577,15,,,1,6,,21588,15,,,1,6,,21599,15,,,1,6,,21606,15,,,1,6,,21622,15,,,1,46,,21637,15,,,1,6,,21650,15,,,1,6,,21663,15,,,1,7,,21674,15,,,1,6,,21685,15,,,1,5,,21694,15,,,1,5,,21701,15,,,1,4,,21713,15,,,1,4,,21721,15,,,1,4,,21726,15,,,1,3,,21737,15,,,1,4,,21744,15,,,1,4,,21756,15,,,1,44,,21761,15,,,1,3,,21767,15,,,1,4,,21777,15,,,1,4,,21787,15,,,1,4,,21792,15,,,1,3,,21794,15,,,1,4,,21807,15,,,1,4,,21578,15,,,1,3,,21580,15,,,1,4,,21589,15,,,1,4,,21600,15,,,1,3,,21601,15,,,1,3,,21607,15,,,1,4,,21623,15,,,1,3,,21628,15,,,1,3,,21638,15,,,1,3,,21642,15,,,1,43,,21651,15,,,1,3,,21657,15,,,1,3,,21664,15,,,1,3,,21666,15,,,1,3,,21675,15,,,1,4,,21678,15,,,1,3,,21686,15,,,1,3,,21690,15,,,1,3,,21695,15,,,1,3,,21702,15,,,1,3,,21707,15,,,1,3,,21714,15,,,1,3,,21722,15,,,1,4,,21727,15,,,1,3,,21728,15,,,1,3,,21738,15,,,1,4,,21745,15,,,1,3,,21762,15,,,1,44,,21768,15,,,1,3,,21778,15,,,1,4,,21784,15,,,1,3,,21793,15,,,1,4,,21795,15,,,1,4,,21798,15,,,1,4,,21579,15,,,1,4,,21581,15,,,1,4,,21590,15,,,1,4,,21594,15,,,1,4,,21608,15,,,1,4,,21624,15,,,1,4,,21629,15,,,1,4,,21639,15,,,1,4,,21643,15,,,1,4,,21652,15,,,1,45,,21658,15,,,1,4,,21667,15,,,1,5,,21679,15,,,1,5,,21687,15,,,1,5,,21691,15,,,1,5,,21703,15,,,1,5,,21715,15,,,1,6,,21723,15,,,1,5,,21729,15,,,1,6,,21746,15,,,1,6,,21769,15,,,1,45,,21779,15,,,1,6,,21785,15,,,1,6,,21796,15,,,1,6,,21799,15,,,1,6,,21582,15,,,1,6,,21591,15,,,1,6,,21609,15,,,1,6,,21625,15,,,1,6,,21630,15,,,1,6,,21644,15,,,1,46,,21653,15,,,1,6,,21668,15,,,1,6,,21680,15,,,1,6,,21688,15,,,1,6,,21692,15,,,1,6,,21704,15,,,1,6,,21724,15,,,1,7,,21730,15,,,1,6,,21747,15,,,1,6,,21770,15,,,1,46,,21780,15,,,1,6,,21786,15,,,1,6,,21797,15,,,1,6,,21800,15,,,1,6,,21583,15,,,1,6,,21592,15,,,1,6,,21610,15,,,1,6,,21626,15,,,1,6,,21631,15,,,1,8,,21645,15,,,1,47,,21654,15,,,1,8,,21669,15,,,1,8,,21689,15,,,1,8,,21693,15,,,1,8,,21725,15,,,1,8,,21731,15,,,1,8,,21748,15,,,1,48,,21771,15,,,1,8,,21781,15,,,1,8,,21801,15,,,1,8,,21584,15,,,1,8,,21611,15,,,1,8,,21627,15,,,1,8,,21632,15,,,1,52,,21646,15,,,1
