100,'GLOBAUX-01-A',552,,20201,18,,,1,50,,20211,18,,,1,11,,20229,18,,,1,10,,20236,18,,,1,10,,20246,18,,,1,10,,20269,18,,,1,10,,20287,18,,,1,50,,20297,18,,,1,10,,20304,18,,,1,10,,20314,18,,,1,10,,20331,18,,,1,10,,20341,18,,,1,10,,20202,18,,,1,50,,20212,18,,,1,10,,20230,18,,,1,10,,20237,18,,,1,10,,20247,18,,,1,10,,20270,18,,,1,9,,20278,18,,,1,50,,20288,18,,,1,9,,20298,18,,,1,8,,20305,18,,,1,9,,20315,18,,,1,8,,20332,18,,,1,9,,20342,18,,,1,8,,20203,18,,,1,49,,20213,18,,,1,8,,20221,18,,,1,8,,20231,18,,,1,9,,20238,18,,,1,8,,20248,18,,,1,8,,20263,18,,,1,8,,20271,18,,,1,7,,20279,18,,,1,48,,20289,18,,,1,8,,20299,18,,,1,7,,20306,18,,,1,8,,20316,18,,,1,8,,20333,18,,,1,8,,20343,18,,,1,7,,20204,18,,,1,48,,20214,18,,,1,8,,20222,18,,,1,7,,20232,18,,,1,7,,20239,18,,,1,7,,20249,18,,,1,6,,20256,18,,,1,7,,20264,18,,,1,6,,20272,18,,,1,7,,20280,18,,,1,46,,20290,18,,,1,7,,20300,18,,,1,6,,20307,18,,,1,7,,20317,18,,,1,6,,20324,18,,,1,7,,20334,18,,,1,6,,20344,18,,,1,7,,20205,18,,,1,6,,20215,18,,,1,47,,20223,18,,,1,6,,20233,18,,,1,7,,20240,18,,,1,7,,20250,18,,,1,6,,20257,18,,,1,6,,20265,18,,,1,7,,20273,18,,,1,7,,20281,18,,,1,6,,20291,18,,,1,6,,20301,18,,,1,47,,20308,18,,,1,6,,20318,18,,,1,7,,20325,18,,,1,7,,20335,18,,,1,6,,20345,18,,,1,7,,20206,18,,,1,6,,20216,18,,,1,7,,20224,18,,,1,6,,20234,18,,,1,47,,20241,18,,,1,6,,20251,18,,,1,7,,20258,18,,,1,6,,20266,18,,,1,7,,20274,18,,,1,6,,20282,18,,,1,7,,20292,18,,,1,6,,20302,18,,,1,7,,20309,18,,,1,46,,20319,18,,,1,7,,20326,18,,,1,6,,20336,18,,,1,7,,20346,18,,,1,6,,20207,18,,,1,7,,20217,18,,,1,6,,20225,18,,,1,7,,20235,18,,,1,6,,20242,18,,,1,47,,20252,18,,,1,6,,20259,18,,,1,7,,20267,18,,,1,6,,20275,18,,,1,6,,20283,18,,,1,7,,20293,18,,,1,6,,20303,18,,,1,7,,20310,18,,,1,7,,20320,18,,,1,47,,20327,18,,,1,7,,20337,18,,,1,8,,20347,18,,,1,8,,20208,18,,,1,7,,20218,18,,,1,8,,20226,18,,,1,7,,20243,18,,,1,8,,20253,18,,,1,48,,20260,18,,,1,7,,20268,18,,,1,8,,20276,18,,,1,8,,20284,18,,,1,8,,20294,18,,,1,8,,20311,18,,,1,9,,20321,18,,,1,8,,20328,18,,,1,48,,20338,18,,,1,9,,20348,18,,,1,8,,20209,18,,,1,9,,20219,18,,,1,8,,20227,18,,,1,8,,20244,18,,,1,9,,20254,18,,,1,48,,20261,18,,,1,9,,20277,18,,,1,8,,20285,18,,,1,9,,20295,18,,,1,9,,20312,18,,,1,10,,20322,18,,,1,10,,20329,18,,,1,50,,20339,18,,,1,10,,20349,18,,,1,10,,20210,18,,,1,10,,20220,18,,,1,10,,20228,18,,,1,9,,20245,18,,,1,50,,20255,18,,,1,10,,20262,18,,,1,10,,20286,18,,,1,10,,20296,18,,,1,10,,20313,18,,,1,10,,20323,18,,,1,50,,20330,18,,,1,10,,20340,18,,,1,14,,20350,18,,,1
100,'GLOBAUX-01-F1',552,,20351,18,,,1,50,,20361,18,,,1,11,,20368,18,,,1,10,,20393,18,,,1,10,,20403,18,,,1,10,,20413,18,,,1,10,,20435,18,,,1,50,,20445,18,,,1,10,,20454,18,,,1,10,,20463,18,,,1,10,,20472,18,,,1,10,,20481,18,,,1,10,,20352,18,,,1,50,,20362,18,,,1,10,,20369,18,,,1,10,,20394,18,,,1,9,,20404,18,,,1,10,,20414,18,,,1,9,,20429,18,,,1,50,,20436,18,,,1,9,,20446,18,,,1,9,,20455,18,,,1,10,,20464,18,,,1,9,,20473,18,,,1,9,,20482,18,,,1,8,,20353,18,,,1,48,,20363,18,,,1,9,,20370,18,,,1,8,,20385,18,,,1,9,,20395,18,,,1,8,,20405,18,,,1,9,,20415,18,,,1,8,,20430,18,,,1,49,,20437,18,,,1,8,,20447,18,,,1,8,,20456,18,,,1,9,,20465,18,,,1,8,,20474,18,,,1,9,,20483,18,,,1,8,,20354,18,,,1,48,,20364,18,,,1,8,,20371,18,,,1,7,,20378,18,,,1,8,,20386,18,,,1,8,,20396,18,,,1,7,,20406,18,,,1,8,,20416,18,,,1,8,,20431,18,,,1,47,,20438,18,,,1,8,,20448,18,,,1,8,,20457,18,,,1,7,,20466,18,,,1,8,,20475,18,,,1,8,,20484,18,,,1,8,,20355,18,,,1,7,,20365,18,,,1,48,,20372,18,,,1,8,,20379,18,,,1,7,,20387,18,,,1,8,,20397,18,,,1,7,,20407,18,,,1,7,,20417,18,,,1,7,,20423,18,,,1,7,,20432,18,,,1,47,,20439,18,,,1,7,,20449,18,,,1,7,,20458,18,,,1,7,,20467,18,,,1,7,,20476,18,,,1,7,,20485,18,,,1,7,,20356,18,,,1,7,,20366,18,,,1,7,,20373,18,,,1,47,,20380,18,,,1,7,,20388,18,,,1,7,,20398,18,,,1,7,,20408,18,,,1,7,,20418,18,,,1,7,,20424,18,,,1,7,,20433,18,,,1,7,,20440,18,,,1,47,,20450,18,,,1,7,,20459,18,,,1,7,,20468,18,,,1,7,,20477,18,,,1,7,,20486,18,,,1,7,,20357,18,,,1,7,,20367,18,,,1,7,,20374,18,,,1,7,,20381,18,,,1,47,,20389,18,,,1,7,,20399,18,,,1,7,,20409,18,,,1,7,,20419,18,,,1,7,,20425,18,,,1,7,,20434,18,,,1,7,,20441,18,,,1,7,,20451,18,,,1,48,,20460,18,,,1,9,,20469,18,,,1,8,,20478,18,,,1,9,,20487,18,,,1,8,,20358,18,,,1,8,,20375,18,,,1,9,,20382,18,,,1,48,,20390,18,,,1,9,,20400,18,,,1,8,,20410,18,,,1,8,,20420,18,,,1,9,,20426,18,,,1,8,,20442,18,,,1,9,,20452,18,,,1,8,,20461,18,,,1,48,,20470,18,,,1,9,,20479,18,,,1,8,,20488,18,,,1,9,,20359,18,,,1,8,,20376,18,,,1,8,,20383,18,,,1,9,,20391,18,,,1,49,,20401,18,,,1,9,,20411,18,,,1,9,,20421,18,,,1,9,,20427,18,,,1,9,,20443,18,,,1,9,,20453,18,,,1,49,,20462,18,,,1,9,,20471,18,,,1,9,,20480,18,,,1,9,,20489,18,,,1,10,,20360,18,,,1,10,,20377,18,,,1,10,,20384,18,,,1,50,,20392,18,,,1,10,,20402,18,,,1,10,,20412,18,,,1,10,,20422,18,,,1,10,,20428,18,,,1,54,,20444,18,,,1
100,'GLOBAUX-01-F2',552,,20490,18,,,1,50,,20500,18,,,1,11,,20507,18,,,1,10,,20532,18,,,1,10,,20542,18,,,1,10,,20552,18,,,1,10,,20574,18,,,1,50,,20584,18,,,1,10,,20593,18,,,1,10,,20602,18,,,1,10,,20611,18,,,1,10,,20620,18,,,1,10,,20491,18,,,1,50,,20501,18,,,1,10,,20508,18,,,1,10,,20533,18,,,1,9,,20543,18,,,1,10,,20553,18,,,1,9,,20568,18,,,1,50,,20575,18,,,1,9,,20585,18,,,1,9,,20594,18,,,1,10,,20603,18,,,1,9,,20612,18,,,1,9,,20621,18,,,1,8,,20492,18,,,1,48,,20502,18,,,1,9,,20509,18,,,1,8,,20524,18,,,1,9,,20534,18,,,1,8,,20544,18,,,1,9,,20554,18,,,1,8,,20569,18,,,1,49,,20576,18,,,1,8,,20586,18,,,1,8,,20595,18,,,1,9,,20604,18,,,1,8,,20613,18,,,1,9,,20622,18,,,1,8,,20493,18,,,1,48,,20503,18,,,1,8,,20510,18,,,1,7,,20517,18,,,1,8,,20525,18,,,1,8,,20535,18,,,1,7,,20545,18,,,1,8,,20555,18,,,1,8,,20570,18,,,1,47,,20577,18,,,1,8,,20587,18,,,1,8,,20596,18,,,1,7,,20605,18,,,1,8,,20614,18,,,1,8,,20623,18,,,1,8,,20494,18,,,1,7,,20504,18,,,1,48,,20511,18,,,1,8,,20518,18,,,1,7,,20526,18,,,1,8,,20536,18,,,1,7,,20546,18,,,1,7,,20556,18,,,1,7,,20562,18,,,1,7,,20571,18,,,1,47,,20578,18,,,1,7,,20588,18,,,1,7,,20597,18,,,1,7,,20606,18,,,1,7,,20615,18,,,1,7,,20624,18,,,1,7,,20495,18,,,1,7,,20505,18,,,1,7,,20512,18,,,1,47,,20519,18,,,1,7,,20527,18,,,1,7,,20537,18,,,1,7,,20547,18,,,1,7,,20557,18,,,1,7,,20563,18,,,1,7,,20572,18,,,1,7,,20579,18,,,1,47,,20589,18,,,1,7,,20598,18,,,1,7,,20607,18,,,1,7,,20616,18,,,1,7,,20625,18,,,1,7,,20496,18,,,1,7,,20506,18,,,1,7,,20513,18,,,1,7,,20520,18,,,1,47,,20528,18,,,1,7,,20538,18,,,1,7,,20548,18,,,1,7,,20558,18,,,1,7,,20564,18,,,1,7,,20573,18,,,1,7,,20580,18,,,1,7,,20590,18,,,1,48,,20599,18,,,1,9,,20608,18,,,1,8,,20617,18,,,1,9,,20626,18,,,1,8,,20497,18,,,1,8,,20514,18,,,1,9,,20521,18,,,1,48,,20529,18,,,1,9,,20539,18,,,1,8,,20549,18,,,1,8,,20559,18,,,1,9,,20565,18,,,1,8,,20581,18,,,1,9,,20591,18,,,1,8,,20600,18,,,1,48,,20609,18,,,1,9,,20618,18,,,1,8,,20627,18,,,1,9,,20498,18,,,1,8,,20515,18,,,1,8,,20522,18,,,1,9,,20530,18,,,1,49,,20540,18,,,1,9,,20550,18,,,1,9,,20560,18,,,1,9,,20566,18,,,1,9,,20582,18,,,1,9,,20592,18,,,1,49,,20601,18,,,1,9,,20610,18,,,1,9,,20619,18,,,1,9,,20628,18,,,1,10,,20499,18,,,1,10,,20516,18,,,1,10,,20523,18,,,1,50,,20531,18,,,1,10,,20541,18,,,1,10,,20551,18,,,1,10,,20561,18,,,1,10,,20567,18,,,1,54,,20583,18,,,1
100,'GLOBAUX-01-I',552,,20629,18,,,1,50,,20639,18,,,1,11,,20646,18,,,1,10,,20671,18,,,1,10,,20681,18,,,1,10,,20691,18,,,1,10,,20713,18,,,1,50,,20723,18,,,1,10,,20732,18,,,1,10,,20741,18,,,1,10,,20750,18,,,1,10,,20759,18,,,1,10,,20630,18,,,1,50,,20640,18,,,1,10,,20647,18,,,1,10,,20672,18,,,1,9,,20682,18,,,1,10,,20692,18,,,1,9,,20707,18,,,1,50,,20714,18,,,1,9,,20724,18,,,1,9,,20733,18,,,1,10,,20742,18,,,1,9,,20751,18,,,1,9,,20760,18,,,1,8,,20631,18,,,1,48,,20641,18,,,1,9,,20648,18,,,1,8,,20663,18,,,1,9,,20673,18,,,1,8,,20683,18,,,1,9,,20693,18,,,1,8,,20708,18,,,1,49,,20715,18,,,1,8,,20725,18,,,1,8,,20734,18,,,1,9,,20743,18,,,1,8,,20752,18,,,1,9,,20761,18,,,1,8,,20632,18,,,1,48,,20642,18,,,1,8,,20649,18,,,1,7,,20656,18,,,1,8,,20664,18,,,1,8,,20674,18,,,1,7,,20684,18,,,1,8,,20694,18,,,1,8,,20709,18,,,1,47,,20716,18,,,1,8,,20726,18,,,1,8,,20735,18,,,1,7,,20744,18,,,1,8,,20753,18,,,1,8,,20762,18,,,1,8,,20633,18,,,1,7,,20643,18,,,1,48,,20650,18,,,1,8,,20657,18,,,1,7,,20665,18,,,1,8,,20675,18,,,1,7,,20685,18,,,1,7,,20695,18,,,1,7,,20701,18,,,1,7,,20710,18,,,1,47,,20717,18,,,1,7,,20727,18,,,1,7,,20736,18,,,1,7,,20745,18,,,1,7,,20754,18,,,1,7,,20763,18,,,1,7,,20634,18,,,1,7,,20644,18,,,1,7,,20651,18,,,1,47,,20658,18,,,1,7,,20666,18,,,1,7,,20676,18,,,1,7,,20686,18,,,1,7,,20696,18,,,1,7,,20702,18,,,1,7,,20711,18,,,1,7,,20718,18,,,1,47,,20728,18,,,1,7,,20737,18,,,1,7,,20746,18,,,1,7,,20755,18,,,1,7,,20764,18,,,1,7,,20635,18,,,1,7,,20645,18,,,1,7,,20652,18,,,1,7,,20659,18,,,1,47,,20667,18,,,1,7,,20677,18,,,1,7,,20687,18,,,1,7,,20697,18,,,1,7,,20703,18,,,1,7,,20712,18,,,1,7,,20719,18,,,1,7,,20729,18,,,1,48,,20738,18,,,1,9,,20747,18,,,1,8,,20756,18,,,1,9,,20765,18,,,1,8,,20636,18,,,1,8,,20653,18,,,1,9,,20660,18,,,1,48,,20668,18,,,1,9,,20678,18,,,1,8,,20688,18,,,1,8,,20698,18,,,1,9,,20704,18,,,1,8,,20720,18,,,1,9,,20730,18,,,1,8,,20739,18,,,1,48,,20748,18,,,1,9,,20757,18,,,1,8,,20766,18,,,1,9,,20637,18,,,1,8,,20654,18,,,1,8,,20661,18,,,1,9,,20669,18,,,1,49,,20679,18,,,1,9,,20689,18,,,1,9,,20699,18,,,1,9,,20705,18,,,1,9,,20721,18,,,1,9,,20731,18,,,1,49,,20740,18,,,1,9,,20749,18,,,1,9,,20758,18,,,1,9,,20767,18,,,1,10,,20638,18,,,1,10,,20655,18,,,1,10,,20662,18,,,1,50,,20670,18,,,1,10,,20680,18,,,1,10,,20690,18,,,1,10,,20700,18,,,1,10,,20706,18,,,1,54,,20722,18,,,1
100,'GLOBAUX-01-S',553,,20768,18,,,1,47,,20796,18,,,1,6,,20806,18,,,1,7,,20826,18,,,1,7,,20848,18,,,1,7,,20852,18,,,1,7,,20859,18,,,1,7,,20870,18,,,1,5,,20876,18,,,1,4,,20893,18,,,1,3,,20902,18,,,1,4,,20905,18,,,1,44,,20913,18,,,1,4,,20930,18,,,1,3,,20936,18,,,1,3,,20946,18,,,1,4,,20948,18,,,1,3,,20950,18,,,1,3,,20952,18,,,1,3,,20968,18,,,1,4,,20977,18,,,1,3,,20979,18,,,1,3,,20997,18,,,1,3,,21003,18,,,1,4,,21004,18,,,1,3,,20769,18,,,1,3,,20787,18,,,1,4,,20789,18,,,1,3,,20797,18,,,1,3,,20807,18,,,1,43,,20808,18,,,1,4,,20809,18,,,1,3,,20811,18,,,1,3,,20812,18,,,1,3,,20827,18,,,1,3,,20833,18,,,1,3,,20839,18,,,1,3,,20849,18,,,1,3,,20853,18,,,1,3,,20860,18,,,1,3,,20865,18,,,1,3,,20871,18,,,1,3,,20877,18,,,1,3,,20894,18,,,1,3,,20903,18,,,1,3,,20906,18,,,1,3,,20912,18,,,1,4,,20914,18,,,1,3,,20931,18,,,1,3,,20937,18,,,1,43,,20947,18,,,1,3,,20949,18,,,1,4,,20951,18,,,1,3,,20955,18,,,1,4,,20960,18,,,1,3,,20969,18,,,1,4,,20978,18,,,1,3,,20984,18,,,1,4,,20998,18,,,1,4,,21005,18,,,1,3,,20770,18,,,1,5,,20780,18,,,1,4,,20790,18,,,1,5,,20798,18,,,1,5,,20810,18,,,1,45,,20813,18,,,1,5,,20828,18,,,1,6,,20840,18,,,1,6,,20854,18,,,1,6,,20866,18,,,1,6,,20878,18,,,1,6,,20895,18,,,1,6,,20907,18,,,1,6,,20915,18,,,1,6,,20932,18,,,1,46,,20938,18,,,1,6,,20956,18,,,1,6,,20961,18,,,1,6,,20970,18,,,1,6,,20985,18,,,1,6,,20999,18,,,1,6,,20771,18,,,1,6,,20781,18,,,1,6,,20791,18,,,1,6,,20799,18,,,1,46,,20814,18,,,1,6,,20829,18,,,1,6,,20841,18,,,1,6,,20855,18,,,1,7,,20867,18,,,1,6,,20879,18,,,1,6,,20896,18,,,1,6,,20908,18,,,1,6,,20916,18,,,1,6,,20933,18,,,1,46,,20939,18,,,1,6,,20957,18,,,1,6,,20962,18,,,1,6,,20971,18,,,1,6,,20986,18,,,1,6,,21000,18,,,1,6,,20772,18,,,1,5,,20782,18,,,1,6,,20792,18,,,1,6,,20800,18,,,1,46,,20815,18,,,1,6,,20830,18,,,1,7,,20842,18,,,1,6,,20856,18,,,1,6,,20868,18,,,1,6,,20880,18,,,1,6,,20897,18,,,1,6,,20909,18,,,1,6,,20917,18,,,1,6,,20934,18,,,1,46,,20940,18,,,1,6,,20958,18,,,1,6,,20963,18,,,1,6,,20972,18,,,1,5,,20987,18,,,1,4,,20989,18,,,1,4,,21001,18,,,1,4,,20773,18,,,1,4,,20775,18,,,1,4,,20783,18,,,1,4,,20793,18,,,1,4,,20795,18,,,1,4,,20801,18,,,1,44,,20816,18,,,1,4,,20821,18,,,1,3,,20831,18,,,1,3,,20834,18,,,1,3,,20843,18,,,1,4,,20850,18,,,1,3,,20857,18,,,1,3,,20869,18,,,1,3,,20872,18,,,1,3,,20881,18,,,1,3,,20886,18,,,1,4,,20891,18,,,1,3,,20898,18,,,1,2,,20904,18,,,1,3,,20910,18,,,1,3,,20918,18,,,1,3,,20923,18,,,1,2,,20925,18,,,1,3,,20935,18,,,1,3,,20941,18,,,1,43,,20953,18,,,1,2,,20954,18,,,1,3,,20959,18,,,1,3,,20964,18,,,1,3,,20973,18,,,1,2,,20980,18,,,1,3,,20983,18,,,1,3,,20988,18,,,1,3,,20990,18,,,1,2,,20993,18,,,1,3,,21002,18,,,1,3,,20774,18,,,1,3,,20776,18,,,1,3,,20784,18,,,1,3,,20788,18,,,1,3,,20794,18,,,1,3,,20802,18,,,1,4,,20817,18,,,1,3,,20822,18,,,1,4,,20832,18,,,1,43,,20835,18,,,1,4,,20844,18,,,1,4,,20851,18,,,1,3,,20858,18,,,1,4,,20861,18,,,1,4,,20873,18,,,1,4,,20882,18,,,1,4,,20887,18,,,1,4,,20892,18,,,1,4,,20899,18,,,1,4,,20911,18,,,1,4,,20919,18,,,1,4,,20924,18,,,1,4,,20926,18,,,1,4,,20942,18,,,1,46,,20965,18,,,1,5,,20974,18,,,1,6,,20981,18,,,1,6,,20991,18,,,1,6,,20994,18,,,1,6,,20777,18,,,1,6,,20785,18,,,1,6,,20803,18,,,1,6,,20818,18,,,1,6,,20823,18,,,1,5,,20836,18,,,1,46,,20845,18,,,1,7,,20862,18,,,1,6,,20874,18,,,1,6,,20883,18,,,1,6,,20888,18,,,1,6,,20900,18,,,1,6,,20920,18,,,1,6,,20927,18,,,1,6,,20943,18,,,1,46,,20966,18,,,1,6,,20975,18,,,1,6,,20982,18,,,1,6,,20992,18,,,1,6,,20995,18,,,1,6,,20778,18,,,1,7,,20786,18,,,1,6,,20804,18,,,1,6,,20819,18,,,1,6,,20824,18,,,1,46,,20837,18,,,1,6,,20846,18,,,1,6,,20863,18,,,1,6,,20875,18,,,1,6,,20884,18,,,1,6,,20889,18,,,1,7,,20901,18,,,1,6,,20921,18,,,1,6,,20928,18,,,1,9,,20944,18,,,1,48,,20967,18,,,1,8,,20976,18,,,1,8,,20996,18,,,1,7,,20779,18,,,1,8,,20805,18,,,1,8,,20820,18,,,1,8,,20825,18,,,1,48,,20838,18,,,1,8,,20847,18,,,1,8,,20864,18,,,1,8,,20885,18,,,1,8,,20890,18,,,1,8,,20922,18,,,1,8,,20929,18,,,1,52,,20945,18,,,1
101,'GLOBAUX-01-A',542,,21092,10,,,1,10,,21102,10,,,1,50,,21109,10,,,1,10,,21119,10,,,1,10,,21136,10,,,1,10,,21146,10,,,1,10,,21006,10,,,1,10,,21016,10,,,1,50,,21035,10,,,1,10,,21042,10,,,1,10,,21052,10,,,1,10,,21074,10,,,1,9,,21082,10,,,1,9,,21093,10,,,1,50,,21103,10,,,1,9,,21110,10,,,1,10,,21120,10,,,1,8,,21137,10,,,1,8,,21147,10,,,1,9,,21007,10,,,1,8,,21017,10,,,1,49,,21026,10,,,1,8,,21036,10,,,1,9,,21043,10,,,1,8,,21053,10,,,1,8,,21075,10,,,1,9,,21083,10,,,1,8,,21094,10,,,1,49,,21104,10,,,1,8,,21111,10,,,1,9,,21121,10,,,1,8,,21138,10,,,1,8,,21148,10,,,1,9,,21008,10,,,1,8,,21018,10,,,1,8,,21027,10,,,1,48,,21037,10,,,1,7,,21044,10,,,1,8,,21054,10,,,1,8,,21069,10,,,1,7,,21076,10,,,1,8,,21084,10,,,1,8,,21095,10,,,1,7,,21105,10,,,1,48,,21112,10,,,1,7,,21122,10,,,1,6,,21129,10,,,1,7,,21139,10,,,1,6,,21149,10,,,1,7,,21009,10,,,1,6,,21019,10,,,1,7,,21028,10,,,1,6,,21038,10,,,1,47,,21045,10,,,1,6,,21055,10,,,1,7,,21062,10,,,1,6,,21070,10,,,1,7,,21077,10,,,1,6,,21085,10,,,1,7,,21096,10,,,1,6,,21106,10,,,1,7,,21113,10,,,1,46,,21123,10,,,1,7,,21130,10,,,1,6,,21140,10,,,1,7,,21150,10,,,1,6,,21010,10,,,1,7,,21020,10,,,1,6,,21029,10,,,1,7,,21039,10,,,1,6,,21046,10,,,1,47,,21056,10,,,1,6,,21063,10,,,1,7,,21071,10,,,1,6,,21078,10,,,1,7,,21086,10,,,1,6,,21097,10,,,1,7,,21107,10,,,1,6,,21114,10,,,1,7,,21124,10,,,1,46,,21131,10,,,1,7,,21141,10,,,1,6,,21151,10,,,1,7,,21011,10,,,1,6,,21021,10,,,1,7,,21030,10,,,1,6,,21040,10,,,1,7,,21047,10,,,1,6,,21057,10,,,1,47,,21064,10,,,1,6,,21072,10,,,1,7,,21079,10,,,1,6,,21087,10,,,1,7,,21098,10,,,1,6,,21108,10,,,1,7,,21115,10,,,1,6,,21125,10,,,1,7,,21132,10,,,1,6,,21142,10,,,1,47,,21152,10,,,1,6,,21012,10,,,1,7,,21022,10,,,1,6,,21031,10,,,1,7,,21041,10,,,1,6,,21048,10,,,1,7,,21058,10,,,1,8,,21065,10,,,1,48,,21073,10,,,1,7,,21080,10,,,1,8,,21088,10,,,1,8,,21099,10,,,1,7,,21116,10,,,1,8,,21126,10,,,1,8,,21133,10,,,1,8,,21143,10,,,1,49,,21153,10,,,1,8,,21013,10,,,1,9,,21023,10,,,1,8,,21032,10,,,1,9,,21049,10,,,1,8,,21059,10,,,1,8,,21066,10,,,1,49,,21081,10,,,1,8,,21089,10,,,1,9,,21100,10,,,1,8,,21117,10,,,1,8,,21127,10,,,1,9,,21134,10,,,1,9,,21144,10,,,1,50,,21154,10,,,1,9,,21014,10,,,1,9,,21024,10,,,1,10,,21033,10,,,1,9,,21050,10,,,1,10,,21060,10,,,1,50,,21067,10,,,1,10,,21090,10,,,1,10,,21101,10,,,1,10,,21118,10,,,1,10,,21128,10,,,1,10,,21135,10,,,1,50,,21145,10,,,1,10,,21155,10,,,1,10,,21015,10,,,1,10,,21025,10,,,1,10,,21034,10,,,1,10,,21051,10,,,1,50,,21061,10,,,1,10,,21068,10,,,1,10,,21091,10,,,1
101,'GLOBAUX-01-F1',542,,21236,10,,,1,10,,21246,10,,,1,50,,21255,10,,,1,10,,21265,10,,,1,10,,21275,10,,,1,10,,21285,10,,,1,10,,21156,10,,,1,10,,21166,10,,,1,50,,21173,10,,,1,10,,21198,10,,,1,10,,21207,10,,,1,10,,21216,10,,,1,9,,21230,10,,,1,9,,21237,10,,,1,50,,21247,10,,,1,9,,21256,10,,,1,9,,21266,10,,,1,10,,21276,10,,,1,8,,21286,10,,,1,9,,21157,10,,,1,8,,21167,10,,,1,48,,21174,10,,,1,9,,21190,10,,,1,8,,21199,10,,,1,9,,21208,10,,,1,8,,21217,10,,,1,9,,21231,10,,,1,8,,21238,10,,,1,48,,21248,10,,,1,9,,21257,10,,,1,8,,21267,10,,,1,9,,21277,10,,,1,8,,21287,10,,,1,9,,21158,10,,,1,8,,21168,10,,,1,8,,21175,10,,,1,49,,21191,10,,,1,8,,21200,10,,,1,9,,21209,10,,,1,8,,21218,10,,,1,9,,21232,10,,,1,8,,21239,10,,,1,8,,21249,10,,,1,49,,21258,10,,,1,8,,21268,10,,,1,9,,21278,10,,,1,7,,21288,10,,,1,8,,21159,10,,,1,8,,21169,10,,,1,7,,21176,10,,,1,48,,21183,10,,,1,8,,21192,10,,,1,7,,21201,10,,,1,8,,21210,10,,,1,8,,21219,10,,,1,7,,21233,10,,,1,8,,21240,10,,,1,8,,21250,10,,,1,47,,21259,10,,,1,8,,21269,10,,,1,8,,21279,10,,,1,7,,21289,10,,,1,8,,21160,10,,,1,8,,21170,10,,,1,7,,21177,10,,,1,8,,21184,10,,,1,48,,21193,10,,,1,7,,21202,10,,,1,7,,21211,10,,,1,7,,21220,10,,,1,7,,21225,10,,,1,7,,21234,10,,,1,7,,21241,10,,,1,7,,21251,10,,,1,47,,21260,10,,,1,7,,21270,10,,,1,7,,21280,10,,,1,7,,21290,10,,,1,7,,21161,10,,,1,7,,21171,10,,,1,7,,21178,10,,,1,7,,21185,10,,,1,7,,21194,10,,,1,47,,21203,10,,,1,7,,21212,10,,,1,7,,21221,10,,,1,7,,21226,10,,,1,7,,21235,10,,,1,7,,21242,10,,,1,6,,21252,10,,,1,7,,21261,10,,,1,7,,21271,10,,,1,47,,21281,10,,,1,7,,21291,10,,,1,7,,21162,10,,,1,7,,21172,10,,,1,7,,21179,10,,,1,7,,21186,10,,,1,9,,21195,10,,,1,8,,21204,10,,,1,49,,21213,10,,,1,8,,21222,10,,,1,9,,21227,10,,,1,8,,21243,10,,,1,8,,21253,10,,,1,9,,21262,10,,,1,8,,21272,10,,,1,49,,21282,10,,,1,8,,21292,10,,,1,8,,21163,10,,,1,9,,21180,10,,,1,8,,21187,10,,,1,9,,21196,10,,,1,8,,21205,10,,,1,48,,21214,10,,,1,9,,21223,10,,,1,8,,21228,10,,,1,9,,21244,10,,,1,8,,21254,10,,,1,9,,21263,10,,,1,8,,21273,10,,,1,48,,21283,10,,,1,9,,21293,10,,,1,8,,21164,10,,,1,10,,21181,10,,,1,10,,21188,10,,,1,10,,21197,10,,,1,50,,21206,10,,,1,10,,21215,10,,,1,10,,21224,10,,,1,10,,21229,10,,,1,10,,21245,10,,,1,10,,21264,10,,,1,50,,21274,10,,,1,10,,21284,10,,,1,10,,21294,10,,,1,10,,21165,10,,,1,10,,21182,10,,,1,10,,21189,10,,,1
101,'GLOBAUX-01-F2',542,,21375,10,,,1,10,,21385,10,,,1,50,,21394,10,,,1,10,,21404,10,,,1,10,,21414,10,,,1,10,,21424,10,,,1,10,,21295,10,,,1,10,,21305,10,,,1,50,,21312,10,,,1,10,,21337,10,,,1,10,,21346,10,,,1,10,,21355,10,,,1,9,,21369,10,,,1,9,,21376,10,,,1,50,,21386,10,,,1,9,,21395,10,,,1,9,,21405,10,,,1,10,,21415,10,,,1,8,,21425,10,,,1,9,,21296,10,,,1,8,,21306,10,,,1,48,,21313,10,,,1,9,,21329,10,,,1,8,,21338,10,,,1,9,,21347,10,,,1,8,,21356,10,,,1,9,,21370,10,,,1,8,,21377,10,,,1,48,,21387,10,,,1,9,,21396,10,,,1,8,,21406,10,,,1,9,,21416,10,,,1,8,,21426,10,,,1,9,,21297,10,,,1,8,,21307,10,,,1,8,,21314,10,,,1,49,,21330,10,,,1,8,,21339,10,,,1,9,,21348,10,,,1,8,,21357,10,,,1,9,,21371,10,,,1,8,,21378,10,,,1,8,,21388,10,,,1,49,,21397,10,,,1,8,,21407,10,,,1,9,,21417,10,,,1,7,,21427,10,,,1,8,,21298,10,,,1,8,,21308,10,,,1,7,,21315,10,,,1,48,,21322,10,,,1,8,,21331,10,,,1,7,,21340,10,,,1,8,,21349,10,,,1,8,,21358,10,,,1,7,,21372,10,,,1,8,,21379,10,,,1,8,,21389,10,,,1,47,,21398,10,,,1,8,,21408,10,,,1,8,,21418,10,,,1,7,,21428,10,,,1,8,,21299,10,,,1,8,,21309,10,,,1,7,,21316,10,,,1,8,,21323,10,,,1,48,,21332,10,,,1,7,,21341,10,,,1,7,,21350,10,,,1,7,,21359,10,,,1,7,,21364,10,,,1,7,,21373,10,,,1,7,,21380,10,,,1,7,,21390,10,,,1,47,,21399,10,,,1,7,,21409,10,,,1,7,,21419,10,,,1,7,,21429,10,,,1,7,,21300,10,,,1,7,,21310,10,,,1,7,,21317,10,,,1,7,,21324,10,,,1,7,,21333,10,,,1,47,,21342,10,,,1,7,,21351,10,,,1,7,,21360,10,,,1,7,,21365,10,,,1,7,,21374,10,,,1,7,,21381,10,,,1,6,,21391,10,,,1,7,,21400,10,,,1,7,,21410,10,,,1,47,,21420,10,,,1,7,,21430,10,,,1,7,,21301,10,,,1,7,,21311,10,,,1,7,,21318,10,,,1,7,,21325,10,,,1,9,,21334,10,,,1,8,,21343,10,,,1,49,,21352,10,,,1,8,,21361,10,,,1,9,,21366,10,,,1,8,,21382,10,,,1,8,,21392,10,,,1,9,,21401,10,,,1,8,,21411,10,,,1,49,,21421,10,,,1,8,,21431,10,,,1,8,,21302,10,,,1,9,,21319,10,,,1,8,,21326,10,,,1,9,,21335,10,,,1,8,,21344,10,,,1,48,,21353,10,,,1,9,,21362,10,,,1,8,,21367,10,,,1,9,,21383,10,,,1,8,,21393,10,,,1,9,,21402,10,,,1,8,,21412,10,,,1,48,,21422,10,,,1,9,,21432,10,,,1,8,,21303,10,,,1,10,,21320,10,,,1,10,,21327,10,,,1,10,,21336,10,,,1,50,,21345,10,,,1,10,,21354,10,,,1,10,,21363,10,,,1,10,,21368,10,,,1,10,,21384,10,,,1,10,,21403,10,,,1,50,,21413,10,,,1,10,,21423,10,,,1,10,,21433,10,,,1,10,,21304,10,,,1,10,,21321,10,,,1,10,,21328,10,,,1
101,'GLOBAUX-01-I',542,,21514,10,,,1,10,,21524,10,,,1,50,,21533,10,,,1,10,,21543,10,,,1,10,,21553,10,,,1,10,,21563,10,,,1,10,,21434,10,,,1,10,,21444,10,,,1,50,,21451,10,,,1,10,,21476,10,,,1,10,,21485,10,,,1,10,,21494,10,,,1,9,,21508,10,,,1,9,,21515,10,,,1,50,,21525,10,,,1,9,,21534,10,,,1,9,,21544,10,,,1,10,,21554,10,,,1,8,,21564,10,,,1,9,,21435,10,,,1,8,,21445,10,,,1,48,,21452,10,,,1,9,,21468,10,,,1,8,,21477,10,,,1,9,,21486,10,,,1,8,,21495,10,,,1,9,,21509,10,,,1,8,,21516,10,,,1,48,,21526,10,,,1,9,,21535,10,,,1,8,,21545,10,,,1,9,,21555,10,,,1,8,,21565,10,,,1,9,,21436,10,,,1,8,,21446,10,,,1,8,,21453,10,,,1,49,,21469,10,,,1,8,,21478,10,,,1,9,,21487,10,,,1,8,,21496,10,,,1,9,,21510,10,,,1,8,,21517,10,,,1,8,,21527,10,,,1,49,,21536,10,,,1,8,,21546,10,,,1,9,,21556,10,,,1,7,,21566,10,,,1,8,,21437,10,,,1,8,,21447,10,,,1,7,,21454,10,,,1,48,,21461,10,,,1,8,,21470,10,,,1,7,,21479,10,,,1,8,,21488,10,,,1,8,,21497,10,,,1,7,,21511,10,,,1,8,,21518,10,,,1,8,,21528,10,,,1,47,,21537,10,,,1,8,,21547,10,,,1,8,,21557,10,,,1,7,,21567,10,,,1,8,,21438,10,,,1,8,,21448,10,,,1,7,,21455,10,,,1,8,,21462,10,,,1,48,,21471,10,,,1,7,,21480,10,,,1,7,,21489,10,,,1,7,,21498,10,,,1,7,,21503,10,,,1,7,,21512,10,,,1,7,,21519,10,,,1,7,,21529,10,,,1,47,,21538,10,,,1,7,,21548,10,,,1,7,,21558,10,,,1,7,,21568,10,,,1,7,,21439,10,,,1,7,,21449,10,,,1,7,,21456,10,,,1,7,,21463,10,,,1,7,,21472,10,,,1,47,,21481,10,,,1,7,,21490,10,,,1,7,,21499,10,,,1,7,,21504,10,,,1,7,,21513,10,,,1,7,,21520,10,,,1,6,,21530,10,,,1,7,,21539,10,,,1,7,,21549,10,,,1,47,,21559,10,,,1,7,,21569,10,,,1,7,,21440,10,,,1,7,,21450,10,,,1,7,,21457,10,,,1,7,,21464,10,,,1,9,,21473,10,,,1,8,,21482,10,,,1,49,,21491,10,,,1,8,,21500,10,,,1,9,,21505,10,,,1,8,,21521,10,,,1,8,,21531,10,,,1,9,,21540,10,,,1,8,,21550,10,,,1,49,,21560,10,,,1,8,,21570,10,,,1,8,,21441,10,,,1,9,,21458,10,,,1,8,,21465,10,,,1,9,,21474,10,,,1,8,,21483,10,,,1,48,,21492,10,,,1,9,,21501,10,,,1,8,,21506,10,,,1,9,,21522,10,,,1,8,,21532,10,,,1,9,,21541,10,,,1,8,,21551,10,,,1,48,,21561,10,,,1,9,,21571,10,,,1,8,,21442,10,,,1,10,,21459,10,,,1,10,,21466,10,,,1,10,,21475,10,,,1,50,,21484,10,,,1,10,,21493,10,,,1,10,,21502,10,,,1,10,,21507,10,,,1,10,,21523,10,,,1,10,,21542,10,,,1,50,,21552,10,,,1,10,,21562,10,,,1,10,,21572,10,,,1,10,,21443,10,,,1,10,,21460,10,,,1,10,,21467,10,,,1
101,'GLOBAUX-01-S',542,,21696,10,,,1,8,,21708,10,,,1,7,,21732,10,,,1,47,,21749,10,,,1,7,,21753,10,,,1,7,,21772,10,,,1,7,,21802,10,,,1,7,,21809,10,,,1,5,,21573,10,,,1,5,,21595,10,,,1,5,,21602,10,,,1,5,,21612,10,,,1,5,,21616,10,,,1,44,,21618,10,,,1,4,,21633,10,,,1,4,,21640,10,,,1,4,,21655,10,,,1,3,,21659,10,,,1,4,,21665,10,,,1,4,,21670,10,,,1,3,,21676,10,,,1,4,,21681,10,,,1,3,,21697,10,,,1,4,,21705,10,,,1,3,,21709,10,,,1,3,,21717,10,,,1,3,,21733,10,,,1,3,,21739,10,,,1,3,,21740,10,,,1,3,,21750,10,,,1,2,,21752,10,,,1,43,,21754,10,,,1,3,,21755,10,,,1,3,,21757,10,,,1,2,,21763,10,,,1,3,,21773,10,,,1,3,,21782,10,,,1,2,,21783,10,,,1,3,,21788,10,,,1,2,,21803,10,,,1,3,,21808,10,,,1,2,,21810,10,,,1,3,,21574,10,,,1,2,,21585,10,,,1,3,,21593,10,,,1,2,,21596,10,,,1,3,,21603,10,,,1,2,,21613,10,,,1,3,,21614,10,,,1,3,,21615,10,,,1,3,,21617,10,,,1,3,,21619,10,,,1,3,,21634,10,,,1,43,,21641,10,,,1,3,,21647,10,,,1,3,,21656,10,,,1,3,,21660,10,,,1,4,,21671,10,,,1,3,,21677,10,,,1,3,,21682,10,,,1,4,,21698,10,,,1,4,,21706,10,,,1,3,,21710,10,,,1,4,,21716,10,,,1,4,,21718,10,,,1,3,,21734,10,,,1,5,,21741,10,,,1,5,,21751,10,,,1,5,,21758,10,,,1,45,,21764,10,,,1,6,,21774,10,,,1,6,,21789,10,,,1,6,,21804,10,,,1,6,,21575,10,,,1,6,,21586,10,,,1,6,,21597,10,,,1,6,,21604,10,,,1,6,,21620,10,,,1,6,,21635,10,,,1,46,,21648,10,,,1,6,,21661,10,,,1,6,,21672,10,,,1,6,,21683,10,,,1,6,,21699,10,,,1,6,,21711,10,,,1,6,,21719,10,,,1,6,,21735,10,,,1,6,,21742,10,,,1,6,,21759,10,,,1,46,,21765,10,,,1,6,,21775,10,,,1,6,,21790,10,,,1,6,,21805,10,,,1,6,,21576,10,,,1,6,,21587,10,,,1,6,,21598,10,,,1,6,,21605,10,,,1,6,,21621,10,,,1,6,,21636,10,,,1,46,,21649,10,,,1,6,,21662,10,,,1,6,,21673,10,,,1,6,,21684,10,,,1,6,,21700,10,,,1,6,,21712,10,,,1,6,,21720,10,,,1,6,,21736,10,,,1,6,,21743,10,,,1,6,,21760,10,,,1,46,,21766,10,,,1,6,,21776,10,,,1,6,,21791,10,,,1,6,,21806,10,,,1,6,,21577,10,,,1,6,,21588,10,,,1,6,,21599,10,,,1,6,,21606,10,,,1,6,,21622,10,,,1,6,,21637,10,,,1,46,,21650,10,,,1,6,,21663,10,,,1,6,,21674,10,,,1,6,,21685,10,,,1,5,,21694,10,,,1,5,,21701,10,,,1,4,,21713,10,,,1,4,,21721,10,,,1,4,,21726,10,,,1,4,,21737,10,,,1,4,,21744,10,,,1,3,,21756,10,,,1,4,,21761,10,,,1,44,,21767,10,,,1,3,,21777,10,,,1,4,,21787,10,,,1,4,,21792,10,,,1,4,,21794,10,,,1,3,,21807,10,,,1,4,,21578,10,,,1,4,,21580,10,,,1,4,,21589,10,,,1,3,,21600,10,,,1,4,,21601,10,,,1,3,,21607,10,,,1,3,,21623,10,,,1,3,,21628,10,,,1,4,,21638,10,,,1,3,,21642,10,,,1,3,,21651,10,,,1,3,,21657,10,,,1,43,,21664,10,,,1,3,,21666,10,,,1,3,,21675,10,,,1,3,,21678,10,,,1,3,,21686,10,,,1,3,,21690,10,,,1,3,,21695,10,,,1,3,,21702,10,,,1,4,,21707,10,,,1,3,,21714,10,,,1,3,,21722,10,,,1,3,,21727,10,,,1,4,,21728,10,,,1,3,,21738,10,,,1,3,,21745,10,,,1,4,,21762,10,,,1,3,,21768,10,,,1,4,,21778,10,,,1,43,,21784,10,,,1,4,,21793,10,,,1,4,,21795,10,,,1,4,,21798,10,,,1,4,,21579,10,,,1,4,,21581,10,,,1,4,,21590,10,,,1,4,,21594,10,,,1,4,,21608,10,,,1,4,,21624,10,,,1,4,,21629,10,,,1,4,,21639,10,,,1,4,,21643,10,,,1,4,,21652,10,,,1,4,,21658,10,,,1,45,,21667,10,,,1,5,,21679,10,,,1,5,,21687,10,,,1,5,,21691,10,,,1,5,,21703,10,,,1,5,,21715,10,,,1,5,,21723,10,,,1,6,,21729,10,,,1,5,,21746,10,,,1,6,,21769,10,,,1,6,,21779,10,,,1,46,,21785,10,,,1,6,,21796,10,,,1,6,,21799,10,,,1,6,,21582,10,,,1,6,,21591,10,,,1,6,,21609,10,,,1,6,,21625,10,,,1,6,,21630,10,,,1,6,,21644,10,,,1,6,,21653,10,,,1,46,,21668,10,,,1,6,,21680,10,,,1,6,,21688,10,,,1,6,,21692,10,,,1,6,,21704,10,,,1,6,,21724,10,,,1,6,,21730,10,,,1,6,,21747,10,,,1,6,,21770,10,,,1,6,,21780,10,,,1,46,,21786,10,,,1,7,,21797,10,,,1,6,,21800,10,,,1,6,,21583,10,,,1,6,,21592,10,,,1,6,,21610,10,,,1,6,,21626,10,,,1,6,,21631,10,,,1,7,,21645,10,,,1,8,,21654,10,,,1,48,,21669,10,,,1,8,,21689,10,,,1,8,,21693,10,,,1,8,,21725,10,,,1,8,,21731,10,,,1,8,,21748,10,,,1,8,,21771,10,,,1,48,,21781,10,,,1,8,,21801,10,,,1,8,,21584,10,,,1,8,,21611,10,,,1,8,,21627,10,,,1,7,,21632,10,,,1,8,,21646,10,,,1
