500,'GLOBAUX-01-A',534,,24707,4,,,1,10,,24725,4,,,1,10,,24743,4,,,1,50,,24760,4,,,1,10,,24777,4,,,1,10,,24805,4,,,1,10,,24822,4,,,1,10,,24708,4,,,1,10,,24726,4,,,1,50,,24744,4,,,1,10,,24761,4,,,1,10,,24778,4,,,1,10,,24806,4,,,1,10,,24823,4,,,1,10,,24709,4,,,1,50,,24727,4,,,1,10,,24745,4,,,1,10,,24762,4,,,1,10,,24779,4,,,1,10,,24807,4,,,1,10,,24824,4,,,1,50,,24710,4,,,1,10,,24728,4,,,1,10,,24746,4,,,1,10,,24763,4,,,1,8,,24780,4,,,1,9,,24794,4,,,1,8,,24808,4,,,1,49,,24825,4,,,1,8,,24711,4,,,1,9,,24729,4,,,1,8,,24747,4,,,1,9,,24764,4,,,1,8,,24781,4,,,1,9,,24795,4,,,1,48,,24809,4,,,1,9,,24826,4,,,1,8,,24712,4,,,1,9,,24730,4,,,1,8,,24748,4,,,1,9,,24765,4,,,1,8,,24782,4,,,1,49,,24796,4,,,1,8,,24810,4,,,1,9,,24827,4,,,1,8,,24713,4,,,1,9,,24731,4,,,1,8,,24749,4,,,1,9,,24766,4,,,1,48,,24783,4,,,1,9,,24797,4,,,1,8,,24811,4,,,1,9,,24828,4,,,1,8,,24714,4,,,1,9,,24732,4,,,1,8,,24750,4,,,1,49,,24767,4,,,1,8,,24784,4,,,1,9,,24798,4,,,1,8,,24812,4,,,1,9,,24829,4,,,1,8,,24715,4,,,1,9,,24733,4,,,1,48,,24751,4,,,1,9,,24768,4,,,1,8,,24785,4,,,1,9,,24799,4,,,1,8,,24813,4,,,1,9,,24830,4,,,1,8,,24716,4,,,1,49,,24734,4,,,1,8,,24752,4,,,1,9,,24769,4,,,1,8,,24786,4,,,1,9,,24800,4,,,1,8,,24814,4,,,1,9,,24831,4,,,1,48,,24717,4,,,1,9,,24735,4,,,1,8,,24753,4,,,1,9,,24770,4,,,1,8,,24787,4,,,1,9,,24801,4,,,1,8,,24815,4,,,1,49,,24832,4,,,1,8,,24718,4,,,1,9,,24736,4,,,1,8,,24754,4,,,1,9,,24771,4,,,1,8,,24788,4,,,1,9,,24802,4,,,1,48,,24816,4,,,1,9,,24833,4,,,1,8,,24719,4,,,1,9,,24737,4,,,1,8,,24755,4,,,1,9,,24772,4,,,1,8,,24789,4,,,1,49,,24803,4,,,1,8,,24817,4,,,1,9,,24834,4,,,1,8,,24720,4,,,1,9,,24738,4,,,1,8,,24756,4,,,1,9,,24773,4,,,1,48,,24790,4,,,1,9,,24804,4,,,1,8,,24818,4,,,1,10,,24835,4,,,1,10,,24721,4,,,1,10,,24739,4,,,1,10,,24757,4,,,1,50,,24774,4,,,1,10,,24791,4,,,1,10,,24819,4,,,1,10,,24836,4,,,1,10,,24722,4,,,1,10,,24740,4,,,1,50,,24758,4,,,1,10,,24775,4,,,1,10,,24792,4,,,1,10,,24820,4,,,1,10,,24837,4,,,1,10,,24723,4,,,1,50,,24741,4,,,1,10,,24759,4,,,1,10,,24776,4,,,1,10,,24793,4,,,1,10,,24821,4,,,1,10,,24838,4,,,1,50,,24724,4,,,1,10,,24742,4,,,1
500,'GLOBAUX-01-F1',534,,24839,4,,,1,10,,24856,4,,,1,10,,24873,4,,,1,50,,24890,4,,,1,10,,24907,4,,,1,10,,24938,4,,,1,10,,24951,4,,,1,10,,24840,4,,,1,10,,24857,4,,,1,50,,24874,4,,,1,10,,24891,4,,,1,10,,24908,4,,,1,10,,24939,4,,,1,10,,24952,4,,,1,10,,24841,4,,,1,50,,24858,4,,,1,10,,24875,4,,,1,10,,24892,4,,,1,10,,24909,4,,,1,10,,24940,4,,,1,10,,24953,4,,,1,50,,24842,4,,,1,10,,24859,4,,,1,10,,24876,4,,,1,10,,24893,4,,,1,8,,24910,4,,,1,9,,24924,4,,,1,8,,24941,4,,,1,49,,24954,4,,,1,8,,24843,4,,,1,9,,24860,4,,,1,8,,24877,4,,,1,9,,24894,4,,,1,8,,24911,4,,,1,9,,24925,4,,,1,48,,24942,4,,,1,9,,24955,4,,,1,8,,24844,4,,,1,9,,24861,4,,,1,8,,24878,4,,,1,9,,24895,4,,,1,8,,24912,4,,,1,49,,24926,4,,,1,8,,24943,4,,,1,9,,24956,4,,,1,8,,24845,4,,,1,9,,24862,4,,,1,8,,24879,4,,,1,9,,24896,4,,,1,48,,24913,4,,,1,9,,24927,4,,,1,8,,24944,4,,,1,9,,24957,4,,,1,8,,24846,4,,,1,9,,24863,4,,,1,8,,24880,4,,,1,49,,24897,4,,,1,8,,24914,4,,,1,9,,24928,4,,,1,8,,24945,4,,,1,9,,24958,4,,,1,8,,24847,4,,,1,9,,24864,4,,,1,48,,24881,4,,,1,9,,24898,4,,,1,8,,24915,4,,,1,9,,24929,4,,,1,8,,24946,4,,,1,9,,24959,4,,,1,8,,24848,4,,,1,49,,24865,4,,,1,8,,24882,4,,,1,9,,24899,4,,,1,8,,24916,4,,,1,9,,24930,4,,,1,8,,24947,4,,,1,9,,24960,4,,,1,48,,24849,4,,,1,9,,24866,4,,,1,8,,24883,4,,,1,9,,24900,4,,,1,8,,24917,4,,,1,9,,24931,4,,,1,8,,24948,4,,,1,49,,24961,4,,,1,8,,24850,4,,,1,9,,24867,4,,,1,8,,24884,4,,,1,9,,24901,4,,,1,8,,24918,4,,,1,9,,24932,4,,,1,48,,24949,4,,,1,9,,24962,4,,,1,8,,24851,4,,,1,9,,24868,4,,,1,8,,24885,4,,,1,9,,24902,4,,,1,8,,24919,4,,,1,49,,24933,4,,,1,8,,24950,4,,,1,9,,24963,4,,,1,9,,24852,4,,,1,10,,24869,4,,,1,10,,24886,4,,,1,10,,24903,4,,,1,50,,24920,4,,,1,10,,24934,4,,,1,10,,24964,4,,,1,10,,24853,4,,,1,10,,24870,4,,,1,10,,24887,4,,,1,50,,24904,4,,,1,10,,24921,4,,,1,10,,24935,4,,,1,10,,24965,4,,,1,10,,24854,4,,,1,10,,24871,4,,,1,50,,24888,4,,,1,10,,24905,4,,,1,10,,24922,4,,,1,10,,24936,4,,,1,10,,24966,4,,,1,10,,24855,4,,,1,50,,24872,4,,,1,10,,24889,4,,,1,10,,24906,4,,,1,10,,24923,4,,,1,10,,24937,4,,,1
500,'GLOBAUX-01-F2',534,,24967,4,,,1,10,,24984,4,,,1,10,,25001,4,,,1,50,,25018,4,,,1,10,,25035,4,,,1,10,,25066,4,,,1,10,,25079,4,,,1,10,,24968,4,,,1,10,,24985,4,,,1,50,,25002,4,,,1,10,,25019,4,,,1,10,,25036,4,,,1,10,,25067,4,,,1,10,,25080,4,,,1,10,,24969,4,,,1,50,,24986,4,,,1,10,,25003,4,,,1,10,,25020,4,,,1,10,,25037,4,,,1,10,,25068,4,,,1,10,,25081,4,,,1,50,,24970,4,,,1,10,,24987,4,,,1,10,,25004,4,,,1,10,,25021,4,,,1,8,,25038,4,,,1,9,,25052,4,,,1,8,,25069,4,,,1,49,,25082,4,,,1,8,,24971,4,,,1,9,,24988,4,,,1,8,,25005,4,,,1,9,,25022,4,,,1,8,,25039,4,,,1,9,,25053,4,,,1,48,,25070,4,,,1,9,,25083,4,,,1,8,,24972,4,,,1,9,,24989,4,,,1,8,,25006,4,,,1,9,,25023,4,,,1,8,,25040,4,,,1,49,,25054,4,,,1,8,,25071,4,,,1,9,,25084,4,,,1,8,,24973,4,,,1,9,,24990,4,,,1,8,,25007,4,,,1,9,,25024,4,,,1,48,,25041,4,,,1,9,,25055,4,,,1,8,,25072,4,,,1,9,,25085,4,,,1,8,,24974,4,,,1,9,,24991,4,,,1,8,,25008,4,,,1,49,,25025,4,,,1,8,,25042,4,,,1,9,,25056,4,,,1,8,,25073,4,,,1,9,,25086,4,,,1,8,,24975,4,,,1,9,,24992,4,,,1,48,,25009,4,,,1,9,,25026,4,,,1,8,,25043,4,,,1,9,,25057,4,,,1,8,,25074,4,,,1,9,,25087,4,,,1,8,,24976,4,,,1,49,,24993,4,,,1,8,,25010,4,,,1,9,,25027,4,,,1,8,,25044,4,,,1,9,,25058,4,,,1,8,,25075,4,,,1,9,,25088,4,,,1,48,,24977,4,,,1,9,,24994,4,,,1,8,,25011,4,,,1,9,,25028,4,,,1,8,,25045,4,,,1,9,,25059,4,,,1,8,,25076,4,,,1,49,,25089,4,,,1,8,,24978,4,,,1,9,,24995,4,,,1,8,,25012,4,,,1,9,,25029,4,,,1,8,,25046,4,,,1,9,,25060,4,,,1,48,,25077,4,,,1,9,,25090,4,,,1,8,,24979,4,,,1,9,,24996,4,,,1,8,,25013,4,,,1,9,,25030,4,,,1,8,,25047,4,,,1,49,,25061,4,,,1,8,,25078,4,,,1,9,,25091,4,,,1,9,,24980,4,,,1,10,,24997,4,,,1,10,,25014,4,,,1,10,,25031,4,,,1,50,,25048,4,,,1,10,,25062,4,,,1,10,,25092,4,,,1,10,,24981,4,,,1,10,,24998,4,,,1,10,,25015,4,,,1,50,,25032,4,,,1,10,,25049,4,,,1,10,,25063,4,,,1,10,,25093,4,,,1,10,,24982,4,,,1,10,,24999,4,,,1,50,,25016,4,,,1,10,,25033,4,,,1,10,,25050,4,,,1,10,,25064,4,,,1,10,,25094,4,,,1,10,,24983,4,,,1,50,,25000,4,,,1,10,,25017,4,,,1,10,,25034,4,,,1,10,,25051,4,,,1,10,,25065,4,,,1
500,'GLOBAUX-01-I',534,,25095,4,,,1,10,,25112,4,,,1,10,,25129,4,,,1,50,,25146,4,,,1,10,,25163,4,,,1,10,,25194,4,,,1,10,,25207,4,,,1,10,,25096,4,,,1,10,,25113,4,,,1,50,,25130,4,,,1,10,,25147,4,,,1,10,,25164,4,,,1,10,,25195,4,,,1,10,,25208,4,,,1,10,,25097,4,,,1,50,,25114,4,,,1,10,,25131,4,,,1,10,,25148,4,,,1,10,,25165,4,,,1,10,,25196,4,,,1,10,,25209,4,,,1,50,,25098,4,,,1,10,,25115,4,,,1,10,,25132,4,,,1,10,,25149,4,,,1,8,,25166,4,,,1,9,,25180,4,,,1,8,,25197,4,,,1,49,,25210,4,,,1,8,,25099,4,,,1,9,,25116,4,,,1,8,,25133,4,,,1,9,,25150,4,,,1,8,,25167,4,,,1,9,,25181,4,,,1,48,,25198,4,,,1,9,,25211,4,,,1,8,,25100,4,,,1,9,,25117,4,,,1,8,,25134,4,,,1,9,,25151,4,,,1,8,,25168,4,,,1,49,,25182,4,,,1,8,,25199,4,,,1,9,,25212,4,,,1,8,,25101,4,,,1,9,,25118,4,,,1,8,,25135,4,,,1,9,,25152,4,,,1,48,,25169,4,,,1,9,,25183,4,,,1,8,,25200,4,,,1,9,,25213,4,,,1,8,,25102,4,,,1,9,,25119,4,,,1,8,,25136,4,,,1,49,,25153,4,,,1,8,,25170,4,,,1,9,,25184,4,,,1,8,,25201,4,,,1,9,,25214,4,,,1,8,,25103,4,,,1,9,,25120,4,,,1,48,,25137,4,,,1,9,,25154,4,,,1,8,,25171,4,,,1,9,,25185,4,,,1,8,,25202,4,,,1,9,,25215,4,,,1,8,,25104,4,,,1,49,,25121,4,,,1,8,,25138,4,,,1,9,,25155,4,,,1,8,,25172,4,,,1,9,,25186,4,,,1,8,,25203,4,,,1,9,,25216,4,,,1,48,,25105,4,,,1,9,,25122,4,,,1,8,,25139,4,,,1,9,,25156,4,,,1,8,,25173,4,,,1,9,,25187,4,,,1,8,,25204,4,,,1,49,,25217,4,,,1,8,,25106,4,,,1,9,,25123,4,,,1,8,,25140,4,,,1,9,,25157,4,,,1,8,,25174,4,,,1,9,,25188,4,,,1,48,,25205,4,,,1,9,,25218,4,,,1,8,,25107,4,,,1,9,,25124,4,,,1,8,,25141,4,,,1,9,,25158,4,,,1,8,,25175,4,,,1,49,,25189,4,,,1,8,,25206,4,,,1,9,,25219,4,,,1,9,,25108,4,,,1,10,,25125,4,,,1,10,,25142,4,,,1,10,,25159,4,,,1,50,,25176,4,,,1,10,,25190,4,,,1,10,,25220,4,,,1,10,,25109,4,,,1,10,,25126,4,,,1,10,,25143,4,,,1,50,,25160,4,,,1,10,,25177,4,,,1,10,,25191,4,,,1,10,,25221,4,,,1,10,,25110,4,,,1,10,,25127,4,,,1,50,,25144,4,,,1,10,,25161,4,,,1,10,,25178,4,,,1,10,,25192,4,,,1,10,,25222,4,,,1,10,,25111,4,,,1,50,,25128,4,,,1,10,,25145,4,,,1,10,,25162,4,,,1,10,,25179,4,,,1,10,,25193,4,,,1
500,'GLOBAUX-01-S',534,,25223,4,,,1,8,,25235,4,,,1,8,,25239,4,,,1,8,,25263,4,,,1,48,,25301,4,,,1,6,,25328,4,,,1,6,,25345,4,,,1,5,,25348,4,,,1,5,,25375,4,,,1,4,,25386,4,,,1,5,,25389,4,,,1,4,,25401,4,,,1,5,,25224,4,,,1,4,,25236,4,,,1,5,,25240,4,,,1,4,,25264,4,,,1,45,,25281,4,,,1,4,,25284,4,,,1,5,,25302,4,,,1,4,,25309,4,,,1,5,,25329,4,,,1,5,,25346,4,,,1,4,,25349,4,,,1,5,,25376,4,,,1,4,,25387,4,,,1,5,,25390,4,,,1,4,,25402,4,,,1,5,,25225,4,,,1,4,,25237,4,,,1,45,,25241,4,,,1,3,,25265,4,,,1,4,,25282,4,,,1,3,,25285,4,,,1,4,,25303,4,,,1,3,,25304,4,,,1,4,,25310,4,,,1,3,,25330,4,,,1,4,,25347,4,,,1,3,,25350,4,,,1,5,,25360,4,,,1,4,,25377,4,,,1,4,,25388,4,,,1,5,,25391,4,,,1,4,,25403,4,,,1,45,,25226,4,,,1,4,,25238,4,,,1,5,,25242,4,,,1,4,,25266,4,,,1,5,,25283,4,,,1,4,,25286,4,,,1,5,,25305,4,,,1,4,,25311,4,,,1,7,,25331,4,,,1,7,,25361,4,,,1,8,,25378,4,,,1,47,,25404,4,,,1,7,,25227,4,,,1,7,,25243,4,,,1,8,,25267,4,,,1,7,,25287,4,,,1,7,,25312,4,,,1,7,,25332,4,,,1,8,,25362,4,,,1,7,,25379,4,,,1,47,,25405,4,,,1,7,,25228,4,,,1,8,,25244,4,,,1,7,,25268,4,,,1,7,,25288,4,,,1,8,,25313,4,,,1,7,,25333,4,,,1,7,,25363,4,,,1,47,,25380,4,,,1,8,,25406,4,,,1,7,,25229,4,,,1,7,,25245,4,,,1,7,,25269,4,,,1,8,,25289,4,,,1,7,,25314,4,,,1,7,,25334,4,,,1,47,,25364,4,,,1,8,,25381,4,,,1,7,,25407,4,,,1,7,,25230,4,,,1,7,,25246,4,,,1,8,,25270,4,,,1,7,,25290,4,,,1,7,,25315,4,,,1,47,,25335,4,,,1,7,,25365,4,,,1,8,,25382,4,,,1,7,,25408,4,,,1,7,,25231,4,,,1,8,,25247,4,,,1,7,,25271,4,,,1,7,,25291,4,,,1,7,,25316,4,,,1,46,,25336,4,,,1,5,,25351,4,,,1,6,,25366,4,,,1,5,,25383,4,,,1,6,,25392,4,,,1,4,,25409,4,,,1,5,,25232,4,,,1,5,,25248,4,,,1,5,,25257,4,,,1,5,,25272,4,,,1,5,,25292,4,,,1,4,,25306,4,,,1,45,,25317,4,,,1,5,,25325,4,,,1,5,,25337,4,,,1,5,,25352,4,,,1,5,,25367,4,,,1,4,,25384,4,,,1,5,,25393,4,,,1,5,,25410,4,,,1,5,,25233,4,,,1,5,,25249,4,,,1,5,,25258,4,,,1,4,,25273,4,,,1,45,,25293,4,,,1,5,,25307,4,,,1,5,,25318,4,,,1,5,,25326,4,,,1,5,,25338,4,,,1,4,,25353,4,,,1,5,,25368,4,,,1,5,,25385,4,,,1,5,,25394,4,,,1,5,,25411,4,,,1,5,,25234,4,,,1,5,,25250,4,,,1,45,,25259,4,,,1,5,,25274,4,,,1,5,,25294,4,,,1,6,,25308,4,,,1,5,,25319,4,,,1,6,,25327,4,,,1,7,,25339,4,,,1,6,,25354,4,,,1,7,,25369,4,,,1,6,,25395,4,,,1,47,,25412,4,,,1,6,,25251,4,,,1,7,,25260,4,,,1,6,,25275,4,,,1,7,,25295,4,,,1,6,,25320,4,,,1,7,,25340,4,,,1,6,,25355,4,,,1,7,,25370,4,,,1,6,,25396,4,,,1,47,,25413,4,,,1,6,,25252,4,,,1,7,,25261,4,,,1,6,,25276,4,,,1,7,,25296,4,,,1,6,,25321,4,,,1,7,,25341,4,,,1,6,,25356,4,,,1,7,,25371,4,,,1,46,,25397,4,,,1,7,,25414,4,,,1,6,,25253,4,,,1,7,,25262,4,,,1,6,,25277,4,,,1,7,,25297,4,,,1,6,,25322,4,,,1,7,,25342,4,,,1,6,,25357,4,,,1,47,,25372,4,,,1,6,,25398,4,,,1,7,,25415,4,,,1,6,,25254,4,,,1,8,,25278,4,,,1,8,,25298,4,,,1,8,,25323,4,,,1,8,,25343,4,,,1,48,,25358,4,,,1,8,,25373,4,,,1,8,,25399,4,,,1,8,,25255,4,,,1,8,,25279,4,,,1,8,,25299,4,,,1,8,,25324,4,,,1,8,,25344,4,,,1,48,,25359,4,,,1,8,,25374,4,,,1,8,,25400,4,,,1,8,,25256,4,,,1,9,,25280,4,,,1,10,,25300,4,,,1
501,'GLOBAUX-01-A',540,,25484,9,,,1,10,,25513,9,,,1,50,,25531,9,,,1,10,,25416,9,,,1,10,,25433,9,,,1,10,,25450,9,,,1,10,,25467,9,,,1,10,,25485,9,,,1,50,,25514,9,,,1,10,,25532,9,,,1,10,,25417,9,,,1,11,,25434,9,,,1,10,,25451,9,,,1,10,,25468,9,,,1,50,,25486,9,,,1,10,,25515,9,,,1,10,,25533,9,,,1,10,,25418,9,,,1,10,,25435,9,,,1,10,,25452,9,,,1,50,,25469,9,,,1,8,,25487,9,,,1,9,,25502,9,,,1,9,,25516,9,,,1,8,,25534,9,,,1,9,,25419,9,,,1,8,,25436,9,,,1,49,,25453,9,,,1,8,,25470,9,,,1,8,,25488,9,,,1,9,,25503,9,,,1,9,,25517,9,,,1,8,,25535,9,,,1,9,,25420,9,,,1,48,,25437,9,,,1,9,,25454,9,,,1,8,,25471,9,,,1,9,,25489,9,,,1,8,,25504,9,,,1,9,,25518,9,,,1,8,,25536,9,,,1,49,,25421,9,,,1,8,,25438,9,,,1,9,,25455,9,,,1,8,,25472,9,,,1,9,,25490,9,,,1,8,,25505,9,,,1,9,,25519,9,,,1,8,,25537,9,,,1,49,,25422,9,,,1,8,,25439,9,,,1,9,,25456,9,,,1,8,,25473,9,,,1,9,,25491,9,,,1,8,,25506,9,,,1,9,,25520,9,,,1,48,,25538,9,,,1,9,,25423,9,,,1,8,,25440,9,,,1,9,,25457,9,,,1,8,,25474,9,,,1,9,,25492,9,,,1,8,,25507,9,,,1,49,,25521,9,,,1,8,,25539,9,,,1,9,,25424,9,,,1,8,,25441,9,,,1,9,,25458,9,,,1,8,,25475,9,,,1,9,,25493,9,,,1,48,,25508,9,,,1,9,,25522,9,,,1,8,,25540,9,,,1,9,,25425,9,,,1,8,,25442,9,,,1,9,,25459,9,,,1,8,,25476,9,,,1,49,,25494,9,,,1,8,,25509,9,,,1,9,,25523,9,,,1,8,,25541,9,,,1,9,,25426,9,,,1,8,,25443,9,,,1,9,,25460,9,,,1,48,,25477,9,,,1,9,,25495,9,,,1,8,,25510,9,,,1,9,,25524,9,,,1,8,,25542,9,,,1,9,,25427,9,,,1,8,,25444,9,,,1,49,,25461,9,,,1,8,,25478,9,,,1,8,,25496,9,,,1,9,,25511,9,,,1,8,,25525,9,,,1,9,,25543,9,,,1,8,,25428,9,,,1,49,,25445,9,,,1,8,,25462,9,,,1,9,,25479,9,,,1,8,,25497,9,,,1,9,,25512,9,,,1,8,,25526,9,,,1,10,,25544,9,,,1,50,,25429,9,,,1,10,,25446,9,,,1,10,,25463,9,,,1,10,,25480,9,,,1,10,,25498,9,,,1,10,,25527,9,,,1,50,,25545,9,,,1,10,,25430,9,,,1,10,,25447,9,,,1,10,,25464,9,,,1,10,,25481,9,,,1,10,,25499,9,,,1,50,,25528,9,,,1,10,,25546,9,,,1,10,,25431,9,,,1,10,,25448,9,,,1,10,,25465,9,,,1,10,,25482,9,,,1,50,,25500,9,,,1,10,,25529,9,,,1,10,,25547,9,,,1,10,,25432,9,,,1,10,,25449,9,,,1,10,,25466,9,,,1,50,,25483,9,,,1,10,,25501,9,,,1,10,,25530,9,,,1
501,'GLOBAUX-01-F1',540,,25615,9,,,1,10,,25646,9,,,1,50,,25659,9,,,1,10,,25548,9,,,1,10,,25565,9,,,1,10,,25582,9,,,1,10,,25599,9,,,1,10,,25616,9,,,1,50,,25647,9,,,1,10,,25660,9,,,1,10,,25549,9,,,1,10,,25566,9,,,1,10,,25583,9,,,1,10,,25600,9,,,1,51,,25617,9,,,1,10,,25648,9,,,1,10,,25661,9,,,1,10,,25550,9,,,1,10,,25567,9,,,1,10,,25584,9,,,1,50,,25601,9,,,1,8,,25618,9,,,1,9,,25632,9,,,1,8,,25649,9,,,1,9,,25662,9,,,1,8,,25551,9,,,1,9,,25568,9,,,1,48,,25585,9,,,1,9,,25602,9,,,1,8,,25619,9,,,1,9,,25633,9,,,1,8,,25650,9,,,1,9,,25663,9,,,1,8,,25552,9,,,1,49,,25569,9,,,1,8,,25586,9,,,1,9,,25603,9,,,1,8,,25620,9,,,1,9,,25634,9,,,1,8,,25651,9,,,1,9,,25664,9,,,1,8,,25553,9,,,1,49,,25570,9,,,1,8,,25587,9,,,1,9,,25604,9,,,1,8,,25621,9,,,1,9,,25635,9,,,1,8,,25652,9,,,1,9,,25665,9,,,1,48,,25554,9,,,1,9,,25571,9,,,1,8,,25588,9,,,1,9,,25605,9,,,1,9,,25622,9,,,1,8,,25636,9,,,1,9,,25653,9,,,1,48,,25666,9,,,1,9,,25555,9,,,1,8,,25572,9,,,1,9,,25589,9,,,1,8,,25606,9,,,1,9,,25623,9,,,1,8,,25637,9,,,1,49,,25654,9,,,1,8,,25667,9,,,1,9,,25556,9,,,1,8,,25573,9,,,1,9,,25590,9,,,1,8,,25607,9,,,1,9,,25624,9,,,1,48,,25638,9,,,1,9,,25655,9,,,1,8,,25668,9,,,1,9,,25557,9,,,1,8,,25574,9,,,1,9,,25591,9,,,1,8,,25608,9,,,1,49,,25625,9,,,1,8,,25639,9,,,1,9,,25656,9,,,1,8,,25669,9,,,1,9,,25558,9,,,1,8,,25575,9,,,1,9,,25592,9,,,1,48,,25609,9,,,1,8,,25626,9,,,1,9,,25640,9,,,1,8,,25657,9,,,1,9,,25670,9,,,1,8,,25559,9,,,1,9,,25576,9,,,1,48,,25593,9,,,1,9,,25610,9,,,1,8,,25627,9,,,1,9,,25641,9,,,1,8,,25658,9,,,1,9,,25671,9,,,1,9,,25560,9,,,1,50,,25577,9,,,1,10,,25594,9,,,1,10,,25611,9,,,1,10,,25628,9,,,1,10,,25642,9,,,1,10,,25672,9,,,1,50,,25561,9,,,1,10,,25578,9,,,1,10,,25595,9,,,1,10,,25612,9,,,1,10,,25629,9,,,1,10,,25643,9,,,1,50,,25673,9,,,1,9,,25562,9,,,1,10,,25579,9,,,1,10,,25596,9,,,1,10,,25613,9,,,1,10,,25630,9,,,1,50,,25644,9,,,1,10,,25674,9,,,1,10,,25563,9,,,1,10,,25580,9,,,1,10,,25597,9,,,1,10,,25614,9,,,1,50,,25631,9,,,1,10,,25645,9,,,1,10,,25675,9,,,1,10,,25564,9,,,1,10,,25581,9,,,1,10,,25598,9,,,1
501,'GLOBAUX-01-F2',540,,25743,9,,,1,10,,25774,9,,,1,50,,25787,9,,,1,10,,25676,9,,,1,10,,25693,9,,,1,10,,25710,9,,,1,10,,25727,9,,,1,10,,25744,9,,,1,50,,25775,9,,,1,10,,25788,9,,,1,10,,25677,9,,,1,10,,25694,9,,,1,10,,25711,9,,,1,10,,25728,9,,,1,51,,25745,9,,,1,10,,25776,9,,,1,10,,25789,9,,,1,10,,25678,9,,,1,10,,25695,9,,,1,10,,25712,9,,,1,50,,25729,9,,,1,8,,25746,9,,,1,9,,25760,9,,,1,8,,25777,9,,,1,9,,25790,9,,,1,8,,25679,9,,,1,9,,25696,9,,,1,48,,25713,9,,,1,9,,25730,9,,,1,8,,25747,9,,,1,9,,25761,9,,,1,8,,25778,9,,,1,9,,25791,9,,,1,8,,25680,9,,,1,49,,25697,9,,,1,8,,25714,9,,,1,9,,25731,9,,,1,8,,25748,9,,,1,9,,25762,9,,,1,8,,25779,9,,,1,9,,25792,9,,,1,8,,25681,9,,,1,49,,25698,9,,,1,8,,25715,9,,,1,9,,25732,9,,,1,8,,25749,9,,,1,9,,25763,9,,,1,8,,25780,9,,,1,9,,25793,9,,,1,48,,25682,9,,,1,9,,25699,9,,,1,8,,25716,9,,,1,9,,25733,9,,,1,9,,25750,9,,,1,8,,25764,9,,,1,9,,25781,9,,,1,48,,25794,9,,,1,9,,25683,9,,,1,8,,25700,9,,,1,9,,25717,9,,,1,8,,25734,9,,,1,9,,25751,9,,,1,8,,25765,9,,,1,49,,25782,9,,,1,8,,25795,9,,,1,9,,25684,9,,,1,8,,25701,9,,,1,9,,25718,9,,,1,8,,25735,9,,,1,9,,25752,9,,,1,48,,25766,9,,,1,9,,25783,9,,,1,8,,25796,9,,,1,9,,25685,9,,,1,8,,25702,9,,,1,9,,25719,9,,,1,8,,25736,9,,,1,49,,25753,9,,,1,8,,25767,9,,,1,9,,25784,9,,,1,8,,25797,9,,,1,9,,25686,9,,,1,8,,25703,9,,,1,9,,25720,9,,,1,48,,25737,9,,,1,8,,25754,9,,,1,9,,25768,9,,,1,8,,25785,9,,,1,9,,25798,9,,,1,8,,25687,9,,,1,9,,25704,9,,,1,48,,25721,9,,,1,9,,25738,9,,,1,8,,25755,9,,,1,9,,25769,9,,,1,8,,25786,9,,,1,9,,25799,9,,,1,9,,25688,9,,,1,50,,25705,9,,,1,10,,25722,9,,,1,10,,25739,9,,,1,10,,25756,9,,,1,10,,25770,9,,,1,10,,25800,9,,,1,50,,25689,9,,,1,10,,25706,9,,,1,10,,25723,9,,,1,10,,25740,9,,,1,10,,25757,9,,,1,10,,25771,9,,,1,50,,25801,9,,,1,9,,25690,9,,,1,10,,25707,9,,,1,10,,25724,9,,,1,10,,25741,9,,,1,10,,25758,9,,,1,50,,25772,9,,,1,10,,25802,9,,,1,10,,25691,9,,,1,10,,25708,9,,,1,10,,25725,9,,,1,10,,25742,9,,,1,50,,25759,9,,,1,10,,25773,9,,,1,10,,25803,9,,,1,10,,25692,9,,,1,10,,25709,9,,,1,10,,25726,9,,,1
501,'GLOBAUX-01-I',540,,25871,9,,,1,10,,25902,9,,,1,50,,25915,9,,,1,10,,25804,9,,,1,10,,25821,9,,,1,10,,25838,9,,,1,10,,25855,9,,,1,10,,25872,9,,,1,50,,25903,9,,,1,10,,25916,9,,,1,10,,25805,9,,,1,10,,25822,9,,,1,10,,25839,9,,,1,10,,25856,9,,,1,51,,25873,9,,,1,10,,25904,9,,,1,10,,25917,9,,,1,10,,25806,9,,,1,10,,25823,9,,,1,10,,25840,9,,,1,50,,25857,9,,,1,8,,25874,9,,,1,9,,25888,9,,,1,8,,25905,9,,,1,9,,25918,9,,,1,8,,25807,9,,,1,9,,25824,9,,,1,48,,25841,9,,,1,9,,25858,9,,,1,8,,25875,9,,,1,9,,25889,9,,,1,8,,25906,9,,,1,9,,25919,9,,,1,8,,25808,9,,,1,49,,25825,9,,,1,8,,25842,9,,,1,9,,25859,9,,,1,8,,25876,9,,,1,9,,25890,9,,,1,8,,25907,9,,,1,9,,25920,9,,,1,8,,25809,9,,,1,49,,25826,9,,,1,8,,25843,9,,,1,9,,25860,9,,,1,8,,25877,9,,,1,9,,25891,9,,,1,8,,25908,9,,,1,9,,25921,9,,,1,48,,25810,9,,,1,9,,25827,9,,,1,8,,25844,9,,,1,9,,25861,9,,,1,9,,25878,9,,,1,8,,25892,9,,,1,9,,25909,9,,,1,48,,25922,9,,,1,9,,25811,9,,,1,8,,25828,9,,,1,9,,25845,9,,,1,8,,25862,9,,,1,9,,25879,9,,,1,8,,25893,9,,,1,49,,25910,9,,,1,8,,25923,9,,,1,9,,25812,9,,,1,8,,25829,9,,,1,9,,25846,9,,,1,8,,25863,9,,,1,9,,25880,9,,,1,48,,25894,9,,,1,9,,25911,9,,,1,8,,25924,9,,,1,9,,25813,9,,,1,8,,25830,9,,,1,9,,25847,9,,,1,8,,25864,9,,,1,49,,25881,9,,,1,8,,25895,9,,,1,9,,25912,9,,,1,8,,25925,9,,,1,9,,25814,9,,,1,8,,25831,9,,,1,9,,25848,9,,,1,48,,25865,9,,,1,8,,25882,9,,,1,9,,25896,9,,,1,8,,25913,9,,,1,9,,25926,9,,,1,8,,25815,9,,,1,9,,25832,9,,,1,48,,25849,9,,,1,9,,25866,9,,,1,8,,25883,9,,,1,9,,25897,9,,,1,8,,25914,9,,,1,9,,25927,9,,,1,9,,25816,9,,,1,50,,25833,9,,,1,10,,25850,9,,,1,10,,25867,9,,,1,10,,25884,9,,,1,10,,25898,9,,,1,10,,25928,9,,,1,50,,25817,9,,,1,10,,25834,9,,,1,10,,25851,9,,,1,10,,25868,9,,,1,10,,25885,9,,,1,10,,25899,9,,,1,50,,25929,9,,,1,9,,25818,9,,,1,10,,25835,9,,,1,10,,25852,9,,,1,10,,25869,9,,,1,10,,25886,9,,,1,50,,25900,9,,,1,10,,25930,9,,,1,10,,25819,9,,,1,10,,25836,9,,,1,10,,25853,9,,,1,10,,25870,9,,,1,50,,25887,9,,,1,10,,25901,9,,,1,10,,25931,9,,,1,10,,25820,9,,,1,10,,25837,9,,,1,10,,25854,9,,,1
501,'GLOBAUX-01-S',540,,26034,9,,,1,8,,26052,9,,,1,8,,26083,9,,,1,48,,26095,9,,,1,8,,25932,9,,,1,7,,25943,9,,,1,6,,25947,9,,,1,6,,25971,9,,,1,6,,25990,9,,,1,4,,26007,9,,,1,5,,26014,9,,,1,4,,26035,9,,,1,5,,26053,9,,,1,4,,26056,9,,,1,45,,26084,9,,,1,4,,26096,9,,,1,5,,26099,9,,,1,5,,26111,9,,,1,4,,25933,9,,,1,5,,25944,9,,,1,4,,25948,9,,,1,5,,25972,9,,,1,4,,25988,9,,,1,5,,25991,9,,,1,4,,26008,9,,,1,4,,26009,9,,,1,3,,26015,9,,,1,44,,26036,9,,,1,3,,26054,9,,,1,4,,26057,9,,,1,3,,26067,9,,,1,4,,26085,9,,,1,3,,26097,9,,,1,4,,26100,9,,,1,4,,26112,9,,,1,4,,25934,9,,,1,5,,25945,9,,,1,4,,25949,9,,,1,5,,25973,9,,,1,4,,25989,9,,,1,5,,25992,9,,,1,4,,26010,9,,,1,44,,26016,9,,,1,5,,26037,9,,,1,4,,26055,9,,,1,5,,26068,9,,,1,4,,26086,9,,,1,5,,26098,9,,,1,4,,26101,9,,,1,5,,26113,9,,,1,4,,25935,9,,,1,5,,25946,9,,,1,5,,25950,9,,,1,7,,25974,9,,,1,47,,25993,9,,,1,7,,26017,9,,,1,8,,26038,9,,,1,7,,26069,9,,,1,7,,26087,9,,,1,7,,26114,9,,,1,8,,25936,9,,,1,7,,25951,9,,,1,7,,25975,9,,,1,47,,25994,9,,,1,8,,26018,9,,,1,7,,26039,9,,,1,7,,26070,9,,,1,7,,26088,9,,,1,8,,26115,9,,,1,7,,25937,9,,,1,7,,25952,9,,,1,47,,25976,9,,,1,8,,25995,9,,,1,7,,26019,9,,,1,7,,26040,9,,,1,8,,26071,9,,,1,7,,26089,9,,,1,7,,26116,9,,,1,7,,25938,9,,,1,47,,25953,9,,,1,8,,25977,9,,,1,7,,25996,9,,,1,7,,26020,9,,,1,7,,26041,9,,,1,8,,26072,9,,,1,7,,26090,9,,,1,7,,26117,9,,,1,7,,25939,9,,,1,48,,25954,9,,,1,7,,25978,9,,,1,7,,25997,9,,,1,7,,26021,9,,,1,8,,26042,9,,,1,7,,26073,9,,,1,7,,26091,9,,,1,7,,26118,9,,,1,48,,25940,9,,,1,5,,25955,9,,,1,5,,25964,9,,,1,5,,25979,9,,,1,5,,25998,9,,,1,5,,26011,9,,,1,4,,26022,9,,,1,5,,26031,9,,,1,5,,26043,9,,,1,5,,26058,9,,,1,5,,26074,9,,,1,5,,26092,9,,,1,44,,26102,9,,,1,5,,26119,9,,,1,5,,25941,9,,,1,5,,25956,9,,,1,5,,25965,9,,,1,5,,25980,9,,,1,4,,25999,9,,,1,5,,26012,9,,,1,5,,26023,9,,,1,5,,26032,9,,,1,5,,26044,9,,,1,5,,26059,9,,,1,44,,26075,9,,,1,5,,26093,9,,,1,5,,26103,9,,,1,5,,26120,9,,,1,5,,25942,9,,,1,5,,25957,9,,,1,5,,25966,9,,,1,5,,25981,9,,,1,5,,26000,9,,,1,5,,26013,9,,,1,5,,26024,9,,,1,5,,26033,9,,,1,45,,26045,9,,,1,5,,26060,9,,,1,5,,26076,9,,,1,5,,26094,9,,,1,6,,26104,9,,,1,6,,26121,9,,,1,7,,25958,9,,,1,6,,25967,9,,,1,7,,25982,9,,,1,6,,26001,9,,,1,47,,26025,9,,,1,6,,26046,9,,,1,7,,26061,9,,,1,6,,26077,9,,,1,7,,26105,9,,,1,6,,26122,9,,,1,7,,25959,9,,,1,6,,25968,9,,,1,7,,25983,9,,,1,6,,26002,9,,,1,47,,26026,9,,,1,6,,26047,9,,,1,7,,26062,9,,,1,6,,26078,9,,,1,7,,26106,9,,,1,6,,26123,9,,,1,7,,25960,9,,,1,6,,25969,9,,,1,7,,25984,9,,,1,46,,26003,9,,,1,7,,26027,9,,,1,6,,26048,9,,,1,7,,26063,9,,,1,6,,26079,9,,,1,7,,26107,9,,,1,6,,26124,9,,,1,7,,25961,9,,,1,6,,25970,9,,,1,47,,25985,9,,,1,6,,26004,9,,,1,8,,26028,9,,,1,7,,26049,9,,,1,8,,26064,9,,,1,8,,26080,9,,,1,8,,26108,9,,,1,8,,25962,9,,,1,48,,25986,9,,,1,7,,26005,9,,,1,8,,26029,9,,,1,8,,26050,9,,,1,8,,26065,9,,,1,8,,26081,9,,,1,8,,26109,9,,,1,8,,25963,9,,,1,48,,25987,9,,,1,8,,26006,9,,,1,8,,26030,9,,,1,8,,26051,9,,,1,8,,26066,9,,,1,8,,26082,9,,,1,8,,26110,9,,,1
