100,'GLOBAUX-01-A',535,,20201,5,,,1,10,,20211,5,,,1,10,,20229,5,,,1,50,,20236,5,,,1,10,,20246,5,,,1,10,,20269,5,,,1,10,,20287,5,,,1,10,,20297,5,,,1,10,,20304,5,,,1,50,,20314,5,,,1,10,,20331,5,,,1,10,,20341,5,,,1,10,,20202,5,,,1,10,,20212,5,,,1,10,,20230,5,,,1,50,,20237,5,,,1,10,,20247,5,,,1,10,,20270,5,,,1,9,,20278,5,,,1,9,,20288,5,,,1,10,,20298,5,,,1,48,,20305,5,,,1,9,,20315,5,,,1,8,,20332,5,,,1,9,,20342,5,,,1,8,,20203,5,,,1,8,,20213,5,,,1,9,,20221,5,,,1,48,,20231,5,,,1,9,,20238,5,,,1,8,,20248,5,,,1,8,,20263,5,,,1,7,,20271,5,,,1,8,,20279,5,,,1,8,,20289,5,,,1,7,,20299,5,,,1,48,,20306,5,,,1,8,,20316,5,,,1,7,,20333,5,,,1,8,,20343,5,,,1,8,,20204,5,,,1,7,,20214,5,,,1,8,,20222,5,,,1,8,,20232,5,,,1,47,,20239,5,,,1,6,,20249,5,,,1,7,,20256,5,,,1,6,,20264,5,,,1,7,,20272,5,,,1,6,,20280,5,,,1,7,,20290,5,,,1,6,,20300,5,,,1,7,,20307,5,,,1,46,,20317,5,,,1,7,,20324,5,,,1,6,,20334,5,,,1,7,,20344,5,,,1,6,,20205,5,,,1,7,,20215,5,,,1,6,,20223,5,,,1,7,,20233,5,,,1,6,,20240,5,,,1,47,,20250,5,,,1,6,,20257,5,,,1,7,,20265,5,,,1,6,,20273,5,,,1,7,,20281,5,,,1,6,,20291,5,,,1,7,,20301,5,,,1,6,,20308,5,,,1,7,,20318,5,,,1,6,,20325,5,,,1,47,,20335,5,,,1,6,,20345,5,,,1,7,,20206,5,,,1,6,,20216,5,,,1,7,,20224,5,,,1,6,,20234,5,,,1,7,,20241,5,,,1,6,,20251,5,,,1,7,,20258,5,,,1,46,,20266,5,,,1,7,,20274,5,,,1,6,,20282,5,,,1,7,,20292,5,,,1,6,,20302,5,,,1,7,,20309,5,,,1,6,,20319,5,,,1,7,,20326,5,,,1,6,,20336,5,,,1,47,,20346,5,,,1,6,,20207,5,,,1,7,,20217,5,,,1,6,,20225,5,,,1,7,,20235,5,,,1,6,,20242,5,,,1,7,,20252,5,,,1,6,,20259,5,,,1,7,,20267,5,,,1,46,,20275,5,,,1,7,,20283,5,,,1,6,,20293,5,,,1,7,,20303,5,,,1,6,,20310,5,,,1,7,,20320,5,,,1,7,,20327,5,,,1,8,,20337,5,,,1,7,,20347,5,,,1,48,,20208,5,,,1,8,,20218,5,,,1,7,,20226,5,,,1,8,,20243,5,,,1,8,,20253,5,,,1,7,,20260,5,,,1,8,,20268,5,,,1,8,,20276,5,,,1,47,,20284,5,,,1,9,,20294,5,,,1,8,,20311,5,,,1,8,,20321,5,,,1,9,,20328,5,,,1,8,,20338,5,,,1,8,,20348,5,,,1,49,,20209,5,,,1,8,,20219,5,,,1,9,,20227,5,,,1,8,,20244,5,,,1,9,,20254,5,,,1,8,,20261,5,,,1,8,,20277,5,,,1,49,,20285,5,,,1,8,,20295,5,,,1,10,,20312,5,,,1,10,,20322,5,,,1,9,,20329,5,,,1,10,,20339,5,,,1,50,,20349,5,,,1,10,,20210,5,,,1,10,,20220,5,,,1,10,,20228,5,,,1,10,,20245,5,,,1,10,,20255,5,,,1,50,,20262,5,,,1,10,,20286,5,,,1,10,,20296,5,,,1,10,,20313,5,,,1,10,,20323,5,,,1,10,,20330,5,,,1,50,,20340,5,,,1,10,,20350,5,,,1
100,'GLOBAUX-01-F1',535,,20351,5,,,1,10,,20361,5,,,1,10,,20368,5,,,1,50,,20393,5,,,1,10,,20403,5,,,1,10,,20413,5,,,1,10,,20435,5,,,1,10,,20445,5,,,1,10,,20454,5,,,1,50,,20463,5,,,1,10,,20472,5,,,1,10,,20481,5,,,1,10,,20352,5,,,1,10,,20362,5,,,1,10,,20369,5,,,1,50,,20394,5,,,1,10,,20404,5,,,1,9,,20414,5,,,1,9,,20429,5,,,1,10,,20436,5,,,1,9,,20446,5,,,1,49,,20455,5,,,1,10,,20464,5,,,1,9,,20473,5,,,1,9,,20482,5,,,1,8,,20353,5,,,1,8,,20363,5,,,1,9,,20370,5,,,1,48,,20385,5,,,1,9,,20395,5,,,1,8,,20405,5,,,1,9,,20415,5,,,1,8,,20430,5,,,1,8,,20437,5,,,1,9,,20447,5,,,1,48,,20456,5,,,1,9,,20465,5,,,1,8,,20474,5,,,1,8,,20483,5,,,1,9,,20354,5,,,1,8,,20364,5,,,1,7,,20371,5,,,1,8,,20378,5,,,1,48,,20386,5,,,1,7,,20396,5,,,1,8,,20406,5,,,1,8,,20416,5,,,1,7,,20431,5,,,1,8,,20438,5,,,1,8,,20448,5,,,1,7,,20457,5,,,1,48,,20466,5,,,1,8,,20475,5,,,1,7,,20484,5,,,1,8,,20355,5,,,1,8,,20365,5,,,1,7,,20372,5,,,1,8,,20379,5,,,1,48,,20387,5,,,1,7,,20397,5,,,1,8,,20407,5,,,1,7,,20417,5,,,1,7,,20423,5,,,1,7,,20432,5,,,1,7,,20439,5,,,1,7,,20449,5,,,1,7,,20458,5,,,1,47,,20467,5,,,1,7,,20476,5,,,1,7,,20485,5,,,1,7,,20356,5,,,1,7,,20366,5,,,1,7,,20373,5,,,1,7,,20380,5,,,1,7,,20388,5,,,1,47,,20398,5,,,1,7,,20408,5,,,1,7,,20418,5,,,1,7,,20424,5,,,1,7,,20433,5,,,1,7,,20440,5,,,1,7,,20450,5,,,1,7,,20459,5,,,1,7,,20468,5,,,1,47,,20477,5,,,1,7,,20486,5,,,1,7,,20357,5,,,1,7,,20367,5,,,1,7,,20374,5,,,1,7,,20381,5,,,1,7,,20389,5,,,1,7,,20399,5,,,1,47,,20409,5,,,1,7,,20419,5,,,1,7,,20425,5,,,1,7,,20434,5,,,1,7,,20441,5,,,1,7,,20451,5,,,1,8,,20460,5,,,1,8,,20469,5,,,1,49,,20478,5,,,1,8,,20487,5,,,1,9,,20358,5,,,1,8,,20375,5,,,1,9,,20382,5,,,1,8,,20390,5,,,1,8,,20400,5,,,1,9,,20410,5,,,1,48,,20420,5,,,1,9,,20426,5,,,1,8,,20442,5,,,1,8,,20452,5,,,1,9,,20461,5,,,1,8,,20470,5,,,1,9,,20479,5,,,1,48,,20488,5,,,1,9,,20359,5,,,1,8,,20376,5,,,1,8,,20383,5,,,1,9,,20391,5,,,1,9,,20401,5,,,1,9,,20411,5,,,1,49,,20421,5,,,1,9,,20427,5,,,1,9,,20443,5,,,1,9,,20453,5,,,1,9,,20462,5,,,1,9,,20471,5,,,1,49,,20480,5,,,1,9,,20489,5,,,1,10,,20360,5,,,1,10,,20377,5,,,1,10,,20384,5,,,1,10,,20392,5,,,1,50,,20402,5,,,1,10,,20412,5,,,1,10,,20422,5,,,1,10,,20428,5,,,1,10,,20444,5,,,1
100,'GLOBAUX-01-F2',535,,20490,5,,,1,10,,20500,5,,,1,10,,20507,5,,,1,50,,20532,5,,,1,10,,20542,5,,,1,10,,20552,5,,,1,10,,20574,5,,,1,10,,20584,5,,,1,10,,20593,5,,,1,50,,20602,5,,,1,10,,20611,5,,,1,10,,20620,5,,,1,10,,20491,5,,,1,10,,20501,5,,,1,10,,20508,5,,,1,50,,20533,5,,,1,10,,20543,5,,,1,9,,20553,5,,,1,9,,20568,5,,,1,10,,20575,5,,,1,9,,20585,5,,,1,49,,20594,5,,,1,10,,20603,5,,,1,9,,20612,5,,,1,9,,20621,5,,,1,8,,20492,5,,,1,8,,20502,5,,,1,9,,20509,5,,,1,48,,20524,5,,,1,9,,20534,5,,,1,8,,20544,5,,,1,9,,20554,5,,,1,8,,20569,5,,,1,8,,20576,5,,,1,9,,20586,5,,,1,48,,20595,5,,,1,9,,20604,5,,,1,8,,20613,5,,,1,8,,20622,5,,,1,9,,20493,5,,,1,8,,20503,5,,,1,7,,20510,5,,,1,8,,20517,5,,,1,48,,20525,5,,,1,7,,20535,5,,,1,8,,20545,5,,,1,8,,20555,5,,,1,7,,20570,5,,,1,8,,20577,5,,,1,8,,20587,5,,,1,7,,20596,5,,,1,48,,20605,5,,,1,8,,20614,5,,,1,7,,20623,5,,,1,8,,20494,5,,,1,8,,20504,5,,,1,7,,20511,5,,,1,8,,20518,5,,,1,48,,20526,5,,,1,7,,20536,5,,,1,8,,20546,5,,,1,7,,20556,5,,,1,7,,20562,5,,,1,7,,20571,5,,,1,7,,20578,5,,,1,7,,20588,5,,,1,7,,20597,5,,,1,47,,20606,5,,,1,7,,20615,5,,,1,7,,20624,5,,,1,7,,20495,5,,,1,7,,20505,5,,,1,7,,20512,5,,,1,7,,20519,5,,,1,7,,20527,5,,,1,47,,20537,5,,,1,7,,20547,5,,,1,7,,20557,5,,,1,7,,20563,5,,,1,7,,20572,5,,,1,7,,20579,5,,,1,7,,20589,5,,,1,7,,20598,5,,,1,7,,20607,5,,,1,47,,20616,5,,,1,7,,20625,5,,,1,7,,20496,5,,,1,7,,20506,5,,,1,7,,20513,5,,,1,7,,20520,5,,,1,7,,20528,5,,,1,7,,20538,5,,,1,47,,20548,5,,,1,7,,20558,5,,,1,7,,20564,5,,,1,7,,20573,5,,,1,7,,20580,5,,,1,7,,20590,5,,,1,8,,20599,5,,,1,8,,20608,5,,,1,49,,20617,5,,,1,8,,20626,5,,,1,9,,20497,5,,,1,8,,20514,5,,,1,9,,20521,5,,,1,8,,20529,5,,,1,8,,20539,5,,,1,9,,20549,5,,,1,48,,20559,5,,,1,9,,20565,5,,,1,8,,20581,5,,,1,8,,20591,5,,,1,9,,20600,5,,,1,8,,20609,5,,,1,9,,20618,5,,,1,48,,20627,5,,,1,9,,20498,5,,,1,8,,20515,5,,,1,8,,20522,5,,,1,9,,20530,5,,,1,9,,20540,5,,,1,9,,20550,5,,,1,49,,20560,5,,,1,9,,20566,5,,,1,9,,20582,5,,,1,9,,20592,5,,,1,9,,20601,5,,,1,9,,20610,5,,,1,49,,20619,5,,,1,9,,20628,5,,,1,10,,20499,5,,,1,10,,20516,5,,,1,10,,20523,5,,,1,10,,20531,5,,,1,50,,20541,5,,,1,10,,20551,5,,,1,10,,20561,5,,,1,10,,20567,5,,,1,10,,20583,5,,,1
100,'GLOBAUX-01-I',535,,20629,5,,,1,10,,20639,5,,,1,10,,20646,5,,,1,50,,20671,5,,,1,10,,20681,5,,,1,10,,20691,5,,,1,10,,20713,5,,,1,10,,20723,5,,,1,10,,20732,5,,,1,50,,20741,5,,,1,10,,20750,5,,,1,10,,20759,5,,,1,10,,20630,5,,,1,10,,20640,5,,,1,10,,20647,5,,,1,50,,20672,5,,,1,10,,20682,5,,,1,9,,20692,5,,,1,9,,20707,5,,,1,10,,20714,5,,,1,9,,20724,5,,,1,49,,20733,5,,,1,10,,20742,5,,,1,9,,20751,5,,,1,9,,20760,5,,,1,8,,20631,5,,,1,8,,20641,5,,,1,9,,20648,5,,,1,48,,20663,5,,,1,9,,20673,5,,,1,8,,20683,5,,,1,9,,20693,5,,,1,8,,20708,5,,,1,8,,20715,5,,,1,9,,20725,5,,,1,48,,20734,5,,,1,9,,20743,5,,,1,8,,20752,5,,,1,8,,20761,5,,,1,9,,20632,5,,,1,8,,20642,5,,,1,7,,20649,5,,,1,8,,20656,5,,,1,48,,20664,5,,,1,7,,20674,5,,,1,8,,20684,5,,,1,8,,20694,5,,,1,7,,20709,5,,,1,8,,20716,5,,,1,8,,20726,5,,,1,7,,20735,5,,,1,48,,20744,5,,,1,8,,20753,5,,,1,7,,20762,5,,,1,8,,20633,5,,,1,8,,20643,5,,,1,7,,20650,5,,,1,8,,20657,5,,,1,48,,20665,5,,,1,7,,20675,5,,,1,8,,20685,5,,,1,7,,20695,5,,,1,7,,20701,5,,,1,7,,20710,5,,,1,7,,20717,5,,,1,7,,20727,5,,,1,7,,20736,5,,,1,47,,20745,5,,,1,7,,20754,5,,,1,7,,20763,5,,,1,7,,20634,5,,,1,7,,20644,5,,,1,7,,20651,5,,,1,7,,20658,5,,,1,7,,20666,5,,,1,47,,20676,5,,,1,7,,20686,5,,,1,7,,20696,5,,,1,7,,20702,5,,,1,7,,20711,5,,,1,7,,20718,5,,,1,7,,20728,5,,,1,7,,20737,5,,,1,7,,20746,5,,,1,47,,20755,5,,,1,7,,20764,5,,,1,7,,20635,5,,,1,7,,20645,5,,,1,7,,20652,5,,,1,7,,20659,5,,,1,7,,20667,5,,,1,7,,20677,5,,,1,47,,20687,5,,,1,7,,20697,5,,,1,7,,20703,5,,,1,7,,20712,5,,,1,7,,20719,5,,,1,7,,20729,5,,,1,8,,20738,5,,,1,8,,20747,5,,,1,49,,20756,5,,,1,8,,20765,5,,,1,9,,20636,5,,,1,8,,20653,5,,,1,9,,20660,5,,,1,8,,20668,5,,,1,8,,20678,5,,,1,9,,20688,5,,,1,48,,20698,5,,,1,9,,20704,5,,,1,8,,20720,5,,,1,8,,20730,5,,,1,9,,20739,5,,,1,8,,20748,5,,,1,9,,20757,5,,,1,48,,20766,5,,,1,9,,20637,5,,,1,8,,20654,5,,,1,8,,20661,5,,,1,9,,20669,5,,,1,9,,20679,5,,,1,9,,20689,5,,,1,49,,20699,5,,,1,9,,20705,5,,,1,9,,20721,5,,,1,9,,20731,5,,,1,9,,20740,5,,,1,9,,20749,5,,,1,49,,20758,5,,,1,9,,20767,5,,,1,10,,20638,5,,,1,10,,20655,5,,,1,10,,20662,5,,,1,10,,20670,5,,,1,50,,20680,5,,,1,10,,20690,5,,,1,10,,20700,5,,,1,10,,20706,5,,,1,10,,20722,5,,,1
100,'GLOBAUX-01-S',535,,20768,5,,,1,7,,20796,5,,,1,7,,20806,5,,,1,7,,20826,5,,,1,46,,20848,5,,,1,7,,20852,5,,,1,7,,20859,5,,,1,7,,20870,5,,,1,5,,20876,5,,,1,4,,20893,5,,,1,4,,20902,5,,,1,4,,20905,5,,,1,3,,20913,5,,,1,4,,20930,5,,,1,3,,20936,5,,,1,4,,20946,5,,,1,3,,20948,5,,,1,43,,20950,5,,,1,3,,20952,5,,,1,4,,20968,5,,,1,3,,20977,5,,,1,3,,20979,5,,,1,3,,20997,5,,,1,4,,21003,5,,,1,3,,21004,5,,,1,3,,20769,5,,,1,3,,20787,5,,,1,4,,20789,5,,,1,3,,20797,5,,,1,3,,20807,5,,,1,3,,20808,5,,,1,3,,20809,5,,,1,3,,20811,5,,,1,3,,20812,5,,,1,3,,20827,5,,,1,3,,20833,5,,,1,43,,20839,5,,,1,3,,20849,5,,,1,3,,20853,5,,,1,3,,20860,5,,,1,3,,20865,5,,,1,3,,20871,5,,,1,3,,20877,5,,,1,4,,20894,5,,,1,3,,20903,5,,,1,3,,20906,5,,,1,3,,20912,5,,,1,3,,20914,5,,,1,3,,20931,5,,,1,4,,20937,5,,,1,3,,20947,5,,,1,3,,20949,5,,,1,3,,20951,5,,,1,4,,20955,5,,,1,3,,20960,5,,,1,44,,20969,5,,,1,3,,20978,5,,,1,4,,20984,5,,,1,4,,20998,5,,,1,3,,21005,5,,,1,4,,20770,5,,,1,5,,20780,5,,,1,4,,20790,5,,,1,5,,20798,5,,,1,5,,20810,5,,,1,5,,20813,5,,,1,5,,20828,5,,,1,6,,20840,5,,,1,46,,20854,5,,,1,6,,20866,5,,,1,6,,20878,5,,,1,6,,20895,5,,,1,6,,20907,5,,,1,6,,20915,5,,,1,6,,20932,5,,,1,6,,20938,5,,,1,6,,20956,5,,,1,6,,20961,5,,,1,46,,20970,5,,,1,6,,20985,5,,,1,6,,20999,5,,,1,6,,20771,5,,,1,6,,20781,5,,,1,6,,20791,5,,,1,6,,20799,5,,,1,6,,20814,5,,,1,6,,20829,5,,,1,6,,20841,5,,,1,46,,20855,5,,,1,6,,20867,5,,,1,6,,20879,5,,,1,6,,20896,5,,,1,6,,20908,5,,,1,6,,20916,5,,,1,6,,20933,5,,,1,6,,20939,5,,,1,6,,20957,5,,,1,6,,20962,5,,,1,46,,20971,5,,,1,6,,20986,5,,,1,6,,21000,5,,,1,6,,20772,5,,,1,6,,20782,5,,,1,6,,20792,5,,,1,6,,20800,5,,,1,6,,20815,5,,,1,6,,20830,5,,,1,6,,20842,5,,,1,46,,20856,5,,,1,6,,20868,5,,,1,6,,20880,5,,,1,6,,20897,5,,,1,6,,20909,5,,,1,6,,20917,5,,,1,6,,20934,5,,,1,6,,20940,5,,,1,6,,20958,5,,,1,6,,20963,5,,,1,46,,20972,5,,,1,5,,20987,5,,,1,5,,20989,5,,,1,4,,21001,5,,,1,4,,20773,5,,,1,4,,20775,5,,,1,4,,20783,5,,,1,4,,20793,5,,,1,4,,20795,5,,,1,4,,20801,5,,,1,3,,20816,5,,,1,4,,20821,5,,,1,3,,20831,5,,,1,3,,20834,5,,,1,4,,20843,5,,,1,3,,20850,5,,,1,43,,20857,5,,,1,3,,20869,5,,,1,3,,20872,5,,,1,4,,20881,5,,,1,3,,20886,5,,,1,3,,20891,5,,,1,3,,20898,5,,,1,3,,20904,5,,,1,2,,20910,5,,,1,3,,20918,5,,,1,3,,20923,5,,,1,3,,20925,5,,,1,2,,20935,5,,,1,3,,20941,5,,,1,3,,20953,5,,,1,3,,20954,5,,,1,2,,20959,5,,,1,3,,20964,5,,,1,3,,20973,5,,,1,3,,20980,5,,,1,2,,20983,5,,,1,43,,20988,5,,,1,3,,20990,5,,,1,3,,20993,5,,,1,2,,21002,5,,,1,3,,20774,5,,,1,3,,20776,5,,,1,3,,20784,5,,,1,3,,20788,5,,,1,3,,20794,5,,,1,4,,20802,5,,,1,3,,20817,5,,,1,4,,20822,5,,,1,3,,20832,5,,,1,4,,20835,5,,,1,3,,20844,5,,,1,4,,20851,5,,,1,4,,20858,5,,,1,3,,20861,5,,,1,44,,20873,5,,,1,4,,20882,5,,,1,4,,20887,5,,,1,4,,20892,5,,,1,4,,20899,5,,,1,4,,20911,5,,,1,4,,20919,5,,,1,4,,20924,5,,,1,4,,20926,5,,,1,5,,20942,5,,,1,5,,20965,5,,,1,6,,20974,5,,,1,5,,20981,5,,,1,6,,20991,5,,,1,46,,20994,5,,,1,6,,20777,5,,,1,6,,20785,5,,,1,6,,20803,5,,,1,6,,20818,5,,,1,6,,20823,5,,,1,6,,20836,5,,,1,6,,20845,5,,,1,6,,20862,5,,,1,6,,20874,5,,,1,46,,20883,5,,,1,6,,20888,5,,,1,6,,20900,5,,,1,6,,20920,5,,,1,6,,20927,5,,,1,6,,20943,5,,,1,7,,20966,5,,,1,6,,20975,5,,,1,6,,20982,5,,,1,46,,20992,5,,,1,6,,20995,5,,,1,6,,20778,5,,,1,6,,20786,5,,,1,6,,20804,5,,,1,6,,20819,5,,,1,6,,20824,5,,,1,6,,20837,5,,,1,6,,20846,5,,,1,7,,20863,5,,,1,46,,20875,5,,,1,6,,20884,5,,,1,6,,20889,5,,,1,6,,20901,5,,,1,7,,20921,5,,,1,6,,20928,5,,,1,8,,20944,5,,,1,8,,20967,5,,,1,8,,20976,5,,,1,48,,20996,5,,,1,8,,20779,5,,,1,8,,20805,5,,,1,8,,20820,5,,,1,8,,20825,5,,,1,8,,20838,5,,,1,8,,20847,5,,,1,48,,20864,5,,,1,8,,20885,5,,,1,8,,20890,5,,,1,8,,20922,5,,,1,8,,20929,5,,,1,8,,20945,5,,,1
101,'GLOBAUX-01-A',559,,21092,23,,,1,50,,21102,23,,,1,10,,21109,23,,,1,10,,21119,23,,,1,10,,21136,23,,,1,10,,21146,23,,,1,10,,21006,23,,,1,50,,21016,23,,,1,10,,21035,23,,,1,11,,21042,23,,,1,10,,21052,23,,,1,10,,21074,23,,,1,9,,21082,23,,,1,49,,21093,23,,,1,10,,21103,23,,,1,9,,21110,23,,,1,10,,21120,23,,,1,8,,21137,23,,,1,9,,21147,23,,,1,48,,21007,23,,,1,8,,21017,23,,,1,9,,21026,23,,,1,8,,21036,23,,,1,9,,21043,23,,,1,8,,21053,23,,,1,9,,21075,23,,,1,48,,21083,23,,,1,9,,21094,23,,,1,8,,21104,23,,,1,8,,21111,23,,,1,9,,21121,23,,,1,8,,21138,23,,,1,9,,21148,23,,,1,48,,21008,23,,,1,9,,21018,23,,,1,7,,21027,23,,,1,8,,21037,23,,,1,8,,21044,23,,,1,7,,21054,23,,,1,8,,21069,23,,,1,8,,21076,23,,,1,48,,21084,23,,,1,7,,21095,23,,,1,8,,21105,23,,,1,8,,21112,23,,,1,7,,21122,23,,,1,6,,21129,23,,,1,7,,21139,23,,,1,6,,21149,23,,,1,7,,21009,23,,,1,46,,21019,23,,,1,7,,21028,23,,,1,6,,21038,23,,,1,7,,21045,23,,,1,6,,21055,23,,,1,7,,21062,23,,,1,6,,21070,23,,,1,7,,21077,23,,,1,6,,21085,23,,,1,47,,21096,23,,,1,6,,21106,23,,,1,7,,21113,23,,,1,6,,21123,23,,,1,7,,21130,23,,,1,6,,21140,23,,,1,7,,21150,23,,,1,6,,21010,23,,,1,7,,21020,23,,,1,46,,21029,23,,,1,7,,21039,23,,,1,6,,21046,23,,,1,7,,21056,23,,,1,6,,21063,23,,,1,7,,21071,23,,,1,6,,21078,23,,,1,7,,21086,23,,,1,6,,21097,23,,,1,47,,21107,23,,,1,6,,21114,23,,,1,7,,21124,23,,,1,6,,21131,23,,,1,7,,21141,23,,,1,6,,21151,23,,,1,7,,21011,23,,,1,6,,21021,23,,,1,7,,21030,23,,,1,6,,21040,23,,,1,47,,21047,23,,,1,6,,21057,23,,,1,7,,21064,23,,,1,6,,21072,23,,,1,7,,21079,23,,,1,6,,21087,23,,,1,7,,21098,23,,,1,6,,21108,23,,,1,7,,21115,23,,,1,46,,21125,23,,,1,6,,21132,23,,,1,7,,21142,23,,,1,6,,21152,23,,,1,7,,21012,23,,,1,6,,21022,23,,,1,7,,21031,23,,,1,6,,21041,23,,,1,7,,21048,23,,,1,47,,21058,23,,,1,7,,21065,23,,,1,8,,21073,23,,,1,8,,21080,23,,,1,7,,21088,23,,,1,8,,21099,23,,,1,8,,21116,23,,,1,7,,21126,23,,,1,48,,21133,23,,,1,9,,21143,23,,,1,8,,21153,23,,,1,9,,21013,23,,,1,8,,21023,23,,,1,8,,21032,23,,,1,9,,21049,23,,,1,48,,21059,23,,,1,9,,21066,23,,,1,8,,21081,23,,,1,8,,21089,23,,,1,9,,21100,23,,,1,8,,21117,23,,,1,9,,21127,23,,,1,48,,21134,23,,,1,10,,21144,23,,,1,9,,21154,23,,,1,9,,21014,23,,,1,10,,21024,23,,,1,9,,21033,23,,,1,10,,21050,23,,,1,49,,21060,23,,,1,10,,21067,23,,,1,10,,21090,23,,,1,10,,21101,23,,,1,10,,21118,23,,,1,10,,21128,23,,,1,50,,21135,23,,,1,10,,21145,23,,,1,10,,21155,23,,,1,10,,21015,23,,,1,10,,21025,23,,,1,10,,21034,23,,,1,50,,21051,23,,,1,10,,21061,23,,,1,10,,21068,23,,,1,13,,21091,23,,,1
101,'GLOBAUX-01-F1',559,,21236,23,,,1,50,,21246,23,,,1,10,,21255,23,,,1,10,,21265,23,,,1,10,,21275,23,,,1,10,,21285,23,,,1,10,,21156,23,,,1,50,,21166,23,,,1,10,,21173,23,,,1,10,,21198,23,,,1,10,,21207,23,,,1,10,,21216,23,,,1,10,,21230,23,,,1,49,,21237,23,,,1,10,,21247,23,,,1,9,,21256,23,,,1,9,,21266,23,,,1,10,,21276,23,,,1,8,,21286,23,,,1,49,,21157,23,,,1,8,,21167,23,,,1,8,,21174,23,,,1,9,,21190,23,,,1,8,,21199,23,,,1,9,,21208,23,,,1,8,,21217,23,,,1,49,,21231,23,,,1,8,,21238,23,,,1,9,,21248,23,,,1,8,,21257,23,,,1,8,,21267,23,,,1,9,,21277,23,,,1,8,,21287,23,,,1,49,,21158,23,,,1,8,,21168,23,,,1,9,,21175,23,,,1,8,,21191,23,,,1,9,,21200,23,,,1,8,,21209,23,,,1,9,,21218,23,,,1,48,,21232,23,,,1,9,,21239,23,,,1,8,,21249,23,,,1,8,,21258,23,,,1,9,,21268,23,,,1,8,,21278,23,,,1,8,,21288,23,,,1,8,,21159,23,,,1,47,,21169,23,,,1,8,,21176,23,,,1,8,,21183,23,,,1,7,,21192,23,,,1,8,,21201,23,,,1,8,,21210,23,,,1,7,,21219,23,,,1,8,,21233,23,,,1,48,,21240,23,,,1,7,,21250,23,,,1,8,,21259,23,,,1,8,,21269,23,,,1,7,,21279,23,,,1,8,,21289,23,,,1,8,,21160,23,,,1,47,,21170,23,,,1,8,,21177,23,,,1,8,,21184,23,,,1,7,,21193,23,,,1,7,,21202,23,,,1,7,,21211,23,,,1,7,,21220,23,,,1,7,,21225,23,,,1,7,,21234,23,,,1,47,,21241,23,,,1,7,,21251,23,,,1,7,,21260,23,,,1,7,,21270,23,,,1,7,,21280,23,,,1,7,,21290,23,,,1,7,,21161,23,,,1,7,,21171,23,,,1,47,,21178,23,,,1,7,,21185,23,,,1,7,,21194,23,,,1,7,,21203,23,,,1,7,,21212,23,,,1,7,,21221,23,,,1,7,,21226,23,,,1,7,,21235,23,,,1,7,,21242,23,,,1,47,,21252,23,,,1,7,,21261,23,,,1,7,,21271,23,,,1,7,,21281,23,,,1,7,,21291,23,,,1,7,,21162,23,,,1,7,,21172,23,,,1,7,,21179,23,,,1,47,,21186,23,,,1,8,,21195,23,,,1,9,,21204,23,,,1,8,,21213,23,,,1,8,,21222,23,,,1,9,,21227,23,,,1,8,,21243,23,,,1,9,,21253,23,,,1,48,,21262,23,,,1,8,,21272,23,,,1,9,,21282,23,,,1,8,,21292,23,,,1,9,,21163,23,,,1,8,,21180,23,,,1,8,,21187,23,,,1,49,,21196,23,,,1,8,,21205,23,,,1,9,,21214,23,,,1,8,,21223,23,,,1,8,,21228,23,,,1,9,,21244,23,,,1,8,,21254,23,,,1,49,,21263,23,,,1,8,,21273,23,,,1,8,,21283,23,,,1,9,,21293,23,,,1,8,,21164,23,,,1,10,,21181,23,,,1,10,,21188,23,,,1,50,,21197,23,,,1,10,,21206,23,,,1,10,,21215,23,,,1,9,,21224,23,,,1,10,,21229,23,,,1,10,,21245,23,,,1,50,,21264,23,,,1,10,,21274,23,,,1,10,,21284,23,,,1,10,,21294,23,,,1,10,,21165,23,,,1,10,,21182,23,,,1,54,,21189,23,,,1
101,'GLOBAUX-01-F2',559,,21375,23,,,1,50,,21385,23,,,1,10,,21394,23,,,1,10,,21404,23,,,1,10,,21414,23,,,1,10,,21424,23,,,1,10,,21295,23,,,1,50,,21305,23,,,1,10,,21312,23,,,1,10,,21337,23,,,1,10,,21346,23,,,1,10,,21355,23,,,1,10,,21369,23,,,1,49,,21376,23,,,1,10,,21386,23,,,1,9,,21395,23,,,1,9,,21405,23,,,1,10,,21415,23,,,1,8,,21425,23,,,1,49,,21296,23,,,1,8,,21306,23,,,1,8,,21313,23,,,1,9,,21329,23,,,1,8,,21338,23,,,1,9,,21347,23,,,1,8,,21356,23,,,1,49,,21370,23,,,1,8,,21377,23,,,1,9,,21387,23,,,1,8,,21396,23,,,1,8,,21406,23,,,1,9,,21416,23,,,1,8,,21426,23,,,1,49,,21297,23,,,1,8,,21307,23,,,1,9,,21314,23,,,1,8,,21330,23,,,1,9,,21339,23,,,1,8,,21348,23,,,1,9,,21357,23,,,1,48,,21371,23,,,1,9,,21378,23,,,1,8,,21388,23,,,1,8,,21397,23,,,1,9,,21407,23,,,1,8,,21417,23,,,1,8,,21427,23,,,1,8,,21298,23,,,1,47,,21308,23,,,1,8,,21315,23,,,1,8,,21322,23,,,1,7,,21331,23,,,1,8,,21340,23,,,1,8,,21349,23,,,1,7,,21358,23,,,1,8,,21372,23,,,1,48,,21379,23,,,1,7,,21389,23,,,1,8,,21398,23,,,1,8,,21408,23,,,1,7,,21418,23,,,1,8,,21428,23,,,1,8,,21299,23,,,1,47,,21309,23,,,1,8,,21316,23,,,1,8,,21323,23,,,1,7,,21332,23,,,1,7,,21341,23,,,1,7,,21350,23,,,1,7,,21359,23,,,1,7,,21364,23,,,1,7,,21373,23,,,1,47,,21380,23,,,1,7,,21390,23,,,1,7,,21399,23,,,1,7,,21409,23,,,1,7,,21419,23,,,1,7,,21429,23,,,1,7,,21300,23,,,1,7,,21310,23,,,1,47,,21317,23,,,1,7,,21324,23,,,1,7,,21333,23,,,1,7,,21342,23,,,1,7,,21351,23,,,1,7,,21360,23,,,1,7,,21365,23,,,1,7,,21374,23,,,1,7,,21381,23,,,1,47,,21391,23,,,1,7,,21400,23,,,1,7,,21410,23,,,1,7,,21420,23,,,1,7,,21430,23,,,1,7,,21301,23,,,1,7,,21311,23,,,1,7,,21318,23,,,1,47,,21325,23,,,1,8,,21334,23,,,1,9,,21343,23,,,1,8,,21352,23,,,1,8,,21361,23,,,1,9,,21366,23,,,1,8,,21382,23,,,1,9,,21392,23,,,1,48,,21401,23,,,1,8,,21411,23,,,1,9,,21421,23,,,1,8,,21431,23,,,1,9,,21302,23,,,1,8,,21319,23,,,1,8,,21326,23,,,1,49,,21335,23,,,1,8,,21344,23,,,1,9,,21353,23,,,1,8,,21362,23,,,1,8,,21367,23,,,1,9,,21383,23,,,1,8,,21393,23,,,1,49,,21402,23,,,1,8,,21412,23,,,1,8,,21422,23,,,1,9,,21432,23,,,1,8,,21303,23,,,1,10,,21320,23,,,1,10,,21327,23,,,1,50,,21336,23,,,1,10,,21345,23,,,1,10,,21354,23,,,1,9,,21363,23,,,1,10,,21368,23,,,1,10,,21384,23,,,1,50,,21403,23,,,1,10,,21413,23,,,1,10,,21423,23,,,1,10,,21433,23,,,1,10,,21304,23,,,1,10,,21321,23,,,1,54,,21328,23,,,1
101,'GLOBAUX-01-I',559,,21514,23,,,1,50,,21524,23,,,1,10,,21533,23,,,1,10,,21543,23,,,1,10,,21553,23,,,1,10,,21563,23,,,1,10,,21434,23,,,1,50,,21444,23,,,1,10,,21451,23,,,1,10,,21476,23,,,1,10,,21485,23,,,1,10,,21494,23,,,1,10,,21508,23,,,1,49,,21515,23,,,1,10,,21525,23,,,1,9,,21534,23,,,1,9,,21544,23,,,1,10,,21554,23,,,1,8,,21564,23,,,1,49,,21435,23,,,1,8,,21445,23,,,1,8,,21452,23,,,1,9,,21468,23,,,1,8,,21477,23,,,1,9,,21486,23,,,1,8,,21495,23,,,1,49,,21509,23,,,1,8,,21516,23,,,1,9,,21526,23,,,1,8,,21535,23,,,1,8,,21545,23,,,1,9,,21555,23,,,1,8,,21565,23,,,1,49,,21436,23,,,1,8,,21446,23,,,1,9,,21453,23,,,1,8,,21469,23,,,1,9,,21478,23,,,1,8,,21487,23,,,1,9,,21496,23,,,1,48,,21510,23,,,1,9,,21517,23,,,1,8,,21527,23,,,1,8,,21536,23,,,1,9,,21546,23,,,1,8,,21556,23,,,1,8,,21566,23,,,1,8,,21437,23,,,1,47,,21447,23,,,1,8,,21454,23,,,1,8,,21461,23,,,1,7,,21470,23,,,1,8,,21479,23,,,1,8,,21488,23,,,1,7,,21497,23,,,1,8,,21511,23,,,1,48,,21518,23,,,1,7,,21528,23,,,1,8,,21537,23,,,1,8,,21547,23,,,1,7,,21557,23,,,1,8,,21567,23,,,1,8,,21438,23,,,1,47,,21448,23,,,1,8,,21455,23,,,1,8,,21462,23,,,1,7,,21471,23,,,1,7,,21480,23,,,1,7,,21489,23,,,1,7,,21498,23,,,1,7,,21503,23,,,1,7,,21512,23,,,1,47,,21519,23,,,1,7,,21529,23,,,1,7,,21538,23,,,1,7,,21548,23,,,1,7,,21558,23,,,1,7,,21568,23,,,1,7,,21439,23,,,1,7,,21449,23,,,1,47,,21456,23,,,1,7,,21463,23,,,1,7,,21472,23,,,1,7,,21481,23,,,1,7,,21490,23,,,1,7,,21499,23,,,1,7,,21504,23,,,1,7,,21513,23,,,1,7,,21520,23,,,1,47,,21530,23,,,1,7,,21539,23,,,1,7,,21549,23,,,1,7,,21559,23,,,1,7,,21569,23,,,1,7,,21440,23,,,1,7,,21450,23,,,1,7,,21457,23,,,1,47,,21464,23,,,1,8,,21473,23,,,1,9,,21482,23,,,1,8,,21491,23,,,1,8,,21500,23,,,1,9,,21505,23,,,1,8,,21521,23,,,1,9,,21531,23,,,1,48,,21540,23,,,1,8,,21550,23,,,1,9,,21560,23,,,1,8,,21570,23,,,1,9,,21441,23,,,1,8,,21458,23,,,1,8,,21465,23,,,1,49,,21474,23,,,1,8,,21483,23,,,1,9,,21492,23,,,1,8,,21501,23,,,1,8,,21506,23,,,1,9,,21522,23,,,1,8,,21532,23,,,1,49,,21541,23,,,1,8,,21551,23,,,1,8,,21561,23,,,1,9,,21571,23,,,1,8,,21442,23,,,1,10,,21459,23,,,1,10,,21466,23,,,1,50,,21475,23,,,1,10,,21484,23,,,1,10,,21493,23,,,1,9,,21502,23,,,1,10,,21507,23,,,1,10,,21523,23,,,1,50,,21542,23,,,1,10,,21552,23,,,1,10,,21562,23,,,1,10,,21572,23,,,1,10,,21443,23,,,1,10,,21460,23,,,1,54,,21467,23,,,1
101,'GLOBAUX-01-S',600,,21696,23,,,1,8,,21708,23,,,1,7,,21732,23,,,1,7,,21749,23,,,1,7,,21753,23,,,1,7,,21772,23,,,1,7,,21802,23,,,1,7,,21809,23,,,1,5,,21573,23,,,1,45,,21595,23,,,1,5,,21602,23,,,1,5,,21612,23,,,1,5,,21616,23,,,1,4,,21618,23,,,1,5,,21633,23,,,1,3,,21640,23,,,1,4,,21655,23,,,1,4,,21659,23,,,1,3,,21665,23,,,1,4,,21670,23,,,1,4,,21676,23,,,1,3,,21681,23,,,1,4,,21697,23,,,1,3,,21705,23,,,1,3,,21709,23,,,1,43,,21717,23,,,1,3,,21733,23,,,1,4,,21739,23,,,1,2,,21740,23,,,1,3,,21750,23,,,1,3,,21752,23,,,1,2,,21754,23,,,1,3,,21755,23,,,1,3,,21757,23,,,1,3,,21763,23,,,1,2,,21773,23,,,1,3,,21782,23,,,1,2,,21783,23,,,1,3,,21788,23,,,1,2,,21803,23,,,1,3,,21808,23,,,1,2,,21810,23,,,1,3,,21574,23,,,1,2,,21585,23,,,1,3,,21593,23,,,1,2,,21596,23,,,1,3,,21603,23,,,1,43,,21613,23,,,1,2,,21614,23,,,1,3,,21615,23,,,1,3,,21617,23,,,1,3,,21619,23,,,1,3,,21634,23,,,1,3,,21641,23,,,1,3,,21647,23,,,1,3,,21656,23,,,1,4,,21660,23,,,1,3,,21671,23,,,1,3,,21677,23,,,1,4,,21682,23,,,1,3,,21698,23,,,1,4,,21706,23,,,1,4,,21710,23,,,1,3,,21716,23,,,1,4,,21718,23,,,1,44,,21734,23,,,1,4,,21741,23,,,1,5,,21751,23,,,1,5,,21758,23,,,1,5,,21764,23,,,1,6,,21774,23,,,1,6,,21789,23,,,1,6,,21804,23,,,1,6,,21575,23,,,1,6,,21586,23,,,1,6,,21597,23,,,1,46,,21604,23,,,1,6,,21620,23,,,1,6,,21635,23,,,1,6,,21648,23,,,1,6,,21661,23,,,1,6,,21672,23,,,1,6,,21683,23,,,1,6,,21699,23,,,1,6,,21711,23,,,1,6,,21719,23,,,1,46,,21735,23,,,1,6,,21742,23,,,1,6,,21759,23,,,1,6,,21765,23,,,1,6,,21775,23,,,1,6,,21790,23,,,1,6,,21805,23,,,1,6,,21576,23,,,1,6,,21587,23,,,1,6,,21598,23,,,1,46,,21605,23,,,1,6,,21621,23,,,1,6,,21636,23,,,1,6,,21649,23,,,1,6,,21662,23,,,1,6,,21673,23,,,1,6,,21684,23,,,1,6,,21700,23,,,1,6,,21712,23,,,1,6,,21720,23,,,1,46,,21736,23,,,1,6,,21743,23,,,1,6,,21760,23,,,1,6,,21766,23,,,1,6,,21776,23,,,1,6,,21791,23,,,1,6,,21806,23,,,1,6,,21577,23,,,1,6,,21588,23,,,1,6,,21599,23,,,1,46,,21606,23,,,1,6,,21622,23,,,1,6,,21637,23,,,1,7,,21650,23,,,1,6,,21663,23,,,1,6,,21674,23,,,1,6,,21685,23,,,1,5,,21694,23,,,1,5,,21701,23,,,1,4,,21713,23,,,1,4,,21721,23,,,1,44,,21726,23,,,1,4,,21737,23,,,1,3,,21744,23,,,1,4,,21756,23,,,1,4,,21761,23,,,1,3,,21767,23,,,1,4,,21777,23,,,1,4,,21787,23,,,1,4,,21792,23,,,1,3,,21794,23,,,1,4,,21807,23,,,1,4,,21578,23,,,1,3,,21580,23,,,1,4,,21589,23,,,1,4,,21600,23,,,1,3,,21601,23,,,1,3,,21607,23,,,1,44,,21623,23,,,1,3,,21628,23,,,1,3,,21638,23,,,1,3,,21642,23,,,1,3,,21651,23,,,1,3,,21657,23,,,1,3,,21664,23,,,1,4,,21666,23,,,1,3,,21675,23,,,1,3,,21678,23,,,1,3,,21686,23,,,1,3,,21690,23,,,1,3,,21695,23,,,1,3,,21702,23,,,1,3,,21707,23,,,1,3,,21714,23,,,1,4,,21722,23,,,1,3,,21727,23,,,1,3,,21728,23,,,1,43,,21738,23,,,1,4,,21745,23,,,1,3,,21762,23,,,1,4,,21768,23,,,1,3,,21778,23,,,1,4,,21784,23,,,1,3,,21793,23,,,1,4,,21795,23,,,1,4,,21798,23,,,1,4,,21579,23,,,1,4,,21581,23,,,1,4,,21590,23,,,1,4,,21594,23,,,1,4,,21608,23,,,1,4,,21624,23,,,1,4,,21629,23,,,1,44,,21639,23,,,1,4,,21643,23,,,1,4,,21652,23,,,1,4,,21658,23,,,1,5,,21667,23,,,1,5,,21679,23,,,1,5,,21687,23,,,1,5,,21691,23,,,1,5,,21703,23,,,1,5,,21715,23,,,1,6,,21723,23,,,1,5,,21729,23,,,1,46,,21746,23,,,1,6,,21769,23,,,1,5,,21779,23,,,1,6,,21785,23,,,1,6,,21796,23,,,1,6,,21799,23,,,1,6,,21582,23,,,1,6,,21591,23,,,1,6,,21609,23,,,1,6,,21625,23,,,1,46,,21630,23,,,1,6,,21644,23,,,1,6,,21653,23,,,1,6,,21668,23,,,1,6,,21680,23,,,1,6,,21688,23,,,1,6,,21692,23,,,1,6,,21704,23,,,1,6,,21724,23,,,1,6,,21730,23,,,1,46,,21747,23,,,1,7,,21770,23,,,1,6,,21780,23,,,1,6,,21786,23,,,1,6,,21797,23,,,1,6,,21800,23,,,1,6,,21583,23,,,1,6,,21592,23,,,1,6,,21610,23,,,1,6,,21626,23,,,1,46,,21631,23,,,1,7,,21645,23,,,1,8,,21654,23,,,1,8,,21669,23,,,1,8,,21689,23,,,1,8,,21693,23,,,1,7,,21725,23,,,1,8,,21731,23,,,1,49,,21748,23,,,1,8,,21771,23,,,1,7,,21781,23,,,1,8,,21801,23,,,1,8,,21584,23,,,1,8,,21611,23,,,1,8,,21627,23,,,1,8,,21632,23,,,1,52,,21646,23,,,1
