200,'GLOBAUX-01-A',547,,21847,12,,,1,10,,21851,12,,,1,50,,21872,12,,,1,9,,21881,12,,,1,10,,21890,12,,,1,10,,21905,12,,,1,10,,21919,12,,,1,10,,21927,12,,,1,49,,21933,12,,,1,10,,21941,12,,,1,10,,21952,12,,,1,10,,21960,12,,,1,9,,21811,12,,,1,9,,21825,12,,,1,49,,21839,12,,,1,9,,21848,12,,,1,9,,21852,12,,,1,9,,21860,12,,,1,8,,21873,12,,,1,9,,21882,12,,,1,9,,21891,12,,,1,49,,21898,12,,,1,8,,21906,12,,,1,9,,21913,12,,,1,8,,21920,12,,,1,9,,21934,12,,,1,8,,21942,12,,,1,8,,21953,12,,,1,49,,21961,12,,,1,8,,21812,12,,,1,9,,21826,12,,,1,8,,21840,12,,,1,9,,21849,12,,,1,8,,21853,12,,,1,9,,21861,12,,,1,48,,21874,12,,,1,9,,21883,12,,,1,8,,21892,12,,,1,8,,21899,12,,,1,8,,21907,12,,,1,7,,21914,12,,,1,8,,21921,12,,,1,8,,21935,12,,,1,47,,21943,12,,,1,8,,21954,12,,,1,8,,21962,12,,,1,7,,21813,12,,,1,8,,21819,12,,,1,7,,21827,12,,,1,8,,21841,12,,,1,7,,21850,12,,,1,47,,21854,12,,,1,8,,21862,12,,,1,7,,21866,12,,,1,7,,21875,12,,,1,6,,21884,12,,,1,7,,21893,12,,,1,6,,21900,12,,,1,7,,21908,12,,,1,6,,21915,12,,,1,47,,21922,12,,,1,6,,21928,12,,,1,6,,21936,12,,,1,7,,21944,12,,,1,6,,21947,12,,,1,7,,21955,12,,,1,6,,21963,12,,,1,7,,21814,12,,,1,6,,21820,12,,,1,47,,21828,12,,,1,6,,21833,12,,,1,6,,21842,12,,,1,7,,21855,12,,,1,6,,21863,12,,,1,7,,21867,12,,,1,6,,21876,12,,,1,7,,21885,12,,,1,6,,21894,12,,,1,46,,21901,12,,,1,7,,21909,12,,,1,6,,21916,12,,,1,7,,21923,12,,,1,6,,21929,12,,,1,7,,21937,12,,,1,6,,21945,12,,,1,7,,21948,12,,,1,6,,21956,12,,,1,6,,21964,12,,,1,47,,21815,12,,,1,6,,21821,12,,,1,7,,21829,12,,,1,6,,21834,12,,,1,6,,21843,12,,,1,7,,21856,12,,,1,6,,21864,12,,,1,6,,21868,12,,,1,7,,21877,12,,,1,46,,21886,12,,,1,7,,21895,12,,,1,6,,21902,12,,,1,6,,21910,12,,,1,7,,21917,12,,,1,6,,21924,12,,,1,7,,21930,12,,,1,6,,21938,12,,,1,6,,21946,12,,,1,47,,21949,12,,,1,6,,21957,12,,,1,6,,21965,12,,,1,7,,21816,12,,,1,6,,21822,12,,,1,7,,21830,12,,,1,6,,21835,12,,,1,6,,21844,12,,,1,8,,21857,12,,,1,47,,21865,12,,,1,8,,21869,12,,,1,7,,21878,12,,,1,7,,21887,12,,,1,8,,21896,12,,,1,7,,21903,12,,,1,8,,21911,12,,,1,7,,21918,12,,,1,48,,21925,12,,,1,7,,21931,12,,,1,7,,21939,12,,,1,8,,21950,12,,,1,7,,21958,12,,,1,8,,21817,12,,,1,8,,21823,12,,,1,7,,21831,12,,,1,48,,21836,12,,,1,8,,21845,12,,,1,9,,21858,12,,,1,8,,21870,12,,,1,9,,21879,12,,,1,9,,21888,12,,,1,9,,21897,12,,,1,49,,21904,12,,,1,9,,21912,12,,,1,9,,21926,12,,,1,10,,21932,12,,,1,10,,21940,12,,,1,9,,21951,12,,,1,10,,21959,12,,,1,49,,21818,12,,,1,10,,21832,12,,,1,10,,21837,12,,,1,10,,21846,12,,,1,10,,21859,12,,,1,10,,21871,12,,,1,50,,21880,12,,,1,10,,21889,12,,,1
200,'GLOBAUX-01-F1',547,,22001,12,,,1,9,,22009,12,,,1,49,,22017,12,,,1,10,,22025,12,,,1,9,,22031,12,,,1,9,,22043,12,,,1,9,,22047,12,,,1,10,,22062,12,,,1,49,,22074,12,,,1,9,,22082,12,,,1,10,,22090,12,,,1,9,,22095,12,,,1,9,,21966,12,,,1,9,,21975,12,,,1,10,,21993,12,,,1,49,,22002,12,,,1,9,,22010,12,,,1,9,,22018,12,,,1,10,,22026,12,,,1,9,,22032,12,,,1,9,,22044,12,,,1,49,,22048,12,,,1,9,,22055,12,,,1,9,,22063,12,,,1,8,,22075,12,,,1,9,,22083,12,,,1,8,,22091,12,,,1,9,,22096,12,,,1,48,,21967,12,,,1,9,,21976,12,,,1,9,,21986,12,,,1,8,,21994,12,,,1,9,,22003,12,,,1,8,,22011,12,,,1,9,,22019,12,,,1,49,,22027,12,,,1,8,,22033,12,,,1,9,,22045,12,,,1,8,,22049,12,,,1,9,,22056,12,,,1,8,,22064,12,,,1,9,,22076,12,,,1,49,,22084,12,,,1,8,,22092,12,,,1,9,,22097,12,,,1,8,,21968,12,,,1,9,,21977,12,,,1,8,,21987,12,,,1,8,,21995,12,,,1,48,,22004,12,,,1,7,,22012,12,,,1,8,,22020,12,,,1,8,,22028,12,,,1,8,,22034,12,,,1,8,,22046,12,,,1,8,,22050,12,,,1,8,,22057,12,,,1,48,,22065,12,,,1,8,,22070,12,,,1,7,,22077,12,,,1,7,,22085,12,,,1,7,,22093,12,,,1,6,,22098,12,,,1,7,,22103,12,,,1,7,,21969,12,,,1,7,,21978,12,,,1,47,,21981,12,,,1,7,,21988,12,,,1,6,,21996,12,,,1,7,,22005,12,,,1,7,,22013,12,,,1,7,,22021,12,,,1,7,,22029,12,,,1,7,,22035,12,,,1,46,,22039,12,,,1,7,,22051,12,,,1,7,,22058,12,,,1,7,,22066,12,,,1,7,,22071,12,,,1,7,,22078,12,,,1,6,,22086,12,,,1,7,,22094,12,,,1,7,,22099,12,,,1,47,,22104,12,,,1,7,,21970,12,,,1,7,,21979,12,,,1,7,,21982,12,,,1,6,,21989,12,,,1,7,,21997,12,,,1,8,,22006,12,,,1,7,,22014,12,,,1,7,,22022,12,,,1,47,,22030,12,,,1,8,,22036,12,,,1,7,,22040,12,,,1,7,,22052,12,,,1,8,,22059,12,,,1,7,,22067,12,,,1,7,,22072,12,,,1,8,,22079,12,,,1,47,,22087,12,,,1,8,,22100,12,,,1,8,,22105,12,,,1,8,,21971,12,,,1,8,,21980,12,,,1,8,,21983,12,,,1,7,,21990,12,,,1,8,,21998,12,,,1,48,,22007,12,,,1,8,,22015,12,,,1,8,,22023,12,,,1,7,,22037,12,,,1,8,,22041,12,,,1,8,,22053,12,,,1,8,,22060,12,,,1,48,,22068,12,,,1,8,,22073,12,,,1,8,,22080,12,,,1,9,,22088,12,,,1,8,,22101,12,,,1,9,,22106,12,,,1,9,,21972,12,,,1,48,,21984,12,,,1,9,,21991,12,,,1,8,,21999,12,,,1,9,,22008,12,,,1,10,,22016,12,,,1,10,,22024,12,,,1,10,,22038,12,,,1,50,,22042,12,,,1,10,,22054,12,,,1,10,,22061,12,,,1,10,,22069,12,,,1,10,,22081,12,,,1,10,,22089,12,,,1,50,,22102,12,,,1,10,,22107,12,,,1,10,,21973,12,,,1,10,,21985,12,,,1,10,,22000,12,,,1
200,'GLOBAUX-01-F2',547,,22143,12,,,1,9,,22151,12,,,1,49,,22159,12,,,1,10,,22167,12,,,1,9,,22173,12,,,1,9,,22185,12,,,1,9,,22189,12,,,1,10,,22204,12,,,1,49,,22216,12,,,1,9,,22224,12,,,1,10,,22232,12,,,1,9,,22237,12,,,1,9,,22108,12,,,1,9,,22117,12,,,1,10,,22135,12,,,1,49,,22144,12,,,1,9,,22152,12,,,1,9,,22160,12,,,1,10,,22168,12,,,1,9,,22174,12,,,1,9,,22186,12,,,1,49,,22190,12,,,1,9,,22197,12,,,1,9,,22205,12,,,1,8,,22217,12,,,1,9,,22225,12,,,1,8,,22233,12,,,1,9,,22238,12,,,1,48,,22109,12,,,1,9,,22118,12,,,1,9,,22128,12,,,1,8,,22136,12,,,1,9,,22145,12,,,1,8,,22153,12,,,1,9,,22161,12,,,1,49,,22169,12,,,1,8,,22175,12,,,1,9,,22187,12,,,1,8,,22191,12,,,1,9,,22198,12,,,1,8,,22206,12,,,1,9,,22218,12,,,1,49,,22226,12,,,1,8,,22234,12,,,1,9,,22239,12,,,1,8,,22110,12,,,1,9,,22119,12,,,1,8,,22129,12,,,1,8,,22137,12,,,1,48,,22146,12,,,1,7,,22154,12,,,1,8,,22162,12,,,1,8,,22170,12,,,1,8,,22176,12,,,1,8,,22188,12,,,1,8,,22192,12,,,1,8,,22199,12,,,1,48,,22207,12,,,1,8,,22212,12,,,1,7,,22219,12,,,1,7,,22227,12,,,1,7,,22235,12,,,1,6,,22240,12,,,1,7,,22245,12,,,1,7,,22111,12,,,1,7,,22120,12,,,1,47,,22123,12,,,1,7,,22130,12,,,1,6,,22138,12,,,1,7,,22147,12,,,1,7,,22155,12,,,1,7,,22163,12,,,1,7,,22171,12,,,1,7,,22177,12,,,1,46,,22181,12,,,1,7,,22193,12,,,1,7,,22200,12,,,1,7,,22208,12,,,1,7,,22213,12,,,1,7,,22220,12,,,1,6,,22228,12,,,1,7,,22236,12,,,1,7,,22241,12,,,1,47,,22246,12,,,1,7,,22112,12,,,1,7,,22121,12,,,1,7,,22124,12,,,1,6,,22131,12,,,1,7,,22139,12,,,1,8,,22148,12,,,1,7,,22156,12,,,1,7,,22164,12,,,1,47,,22172,12,,,1,8,,22178,12,,,1,7,,22182,12,,,1,7,,22194,12,,,1,8,,22201,12,,,1,7,,22209,12,,,1,7,,22214,12,,,1,8,,22221,12,,,1,47,,22229,12,,,1,8,,22242,12,,,1,8,,22247,12,,,1,8,,22113,12,,,1,8,,22122,12,,,1,8,,22125,12,,,1,7,,22132,12,,,1,8,,22140,12,,,1,48,,22149,12,,,1,8,,22157,12,,,1,8,,22165,12,,,1,7,,22179,12,,,1,8,,22183,12,,,1,8,,22195,12,,,1,8,,22202,12,,,1,48,,22210,12,,,1,8,,22215,12,,,1,8,,22222,12,,,1,9,,22230,12,,,1,8,,22243,12,,,1,9,,22248,12,,,1,9,,22114,12,,,1,48,,22126,12,,,1,9,,22133,12,,,1,8,,22141,12,,,1,9,,22150,12,,,1,10,,22158,12,,,1,10,,22166,12,,,1,10,,22180,12,,,1,50,,22184,12,,,1,10,,22196,12,,,1,10,,22203,12,,,1,10,,22211,12,,,1,10,,22223,12,,,1,10,,22231,12,,,1,50,,22244,12,,,1,10,,22249,12,,,1,10,,22115,12,,,1,10,,22127,12,,,1,10,,22142,12,,,1
200,'GLOBAUX-01-I',547,,22285,12,,,1,9,,22293,12,,,1,49,,22301,12,,,1,10,,22309,12,,,1,9,,22315,12,,,1,9,,22327,12,,,1,9,,22331,12,,,1,10,,22346,12,,,1,49,,22358,12,,,1,9,,22366,12,,,1,10,,22374,12,,,1,9,,22379,12,,,1,9,,22250,12,,,1,9,,22259,12,,,1,10,,22277,12,,,1,49,,22286,12,,,1,9,,22294,12,,,1,9,,22302,12,,,1,10,,22310,12,,,1,9,,22316,12,,,1,9,,22328,12,,,1,49,,22332,12,,,1,9,,22339,12,,,1,9,,22347,12,,,1,8,,22359,12,,,1,9,,22367,12,,,1,8,,22375,12,,,1,9,,22380,12,,,1,48,,22251,12,,,1,9,,22260,12,,,1,9,,22270,12,,,1,8,,22278,12,,,1,9,,22287,12,,,1,8,,22295,12,,,1,9,,22303,12,,,1,49,,22311,12,,,1,8,,22317,12,,,1,9,,22329,12,,,1,8,,22333,12,,,1,9,,22340,12,,,1,8,,22348,12,,,1,9,,22360,12,,,1,49,,22368,12,,,1,8,,22376,12,,,1,9,,22381,12,,,1,8,,22252,12,,,1,9,,22261,12,,,1,8,,22271,12,,,1,8,,22279,12,,,1,48,,22288,12,,,1,7,,22296,12,,,1,8,,22304,12,,,1,8,,22312,12,,,1,8,,22318,12,,,1,8,,22330,12,,,1,8,,22334,12,,,1,8,,22341,12,,,1,48,,22349,12,,,1,8,,22354,12,,,1,7,,22361,12,,,1,7,,22369,12,,,1,7,,22377,12,,,1,6,,22382,12,,,1,7,,22387,12,,,1,7,,22253,12,,,1,7,,22262,12,,,1,47,,22265,12,,,1,7,,22272,12,,,1,6,,22280,12,,,1,7,,22289,12,,,1,7,,22297,12,,,1,7,,22305,12,,,1,7,,22313,12,,,1,7,,22319,12,,,1,46,,22323,12,,,1,7,,22335,12,,,1,7,,22342,12,,,1,7,,22350,12,,,1,7,,22355,12,,,1,7,,22362,12,,,1,6,,22370,12,,,1,7,,22378,12,,,1,7,,22383,12,,,1,47,,22388,12,,,1,7,,22254,12,,,1,7,,22263,12,,,1,7,,22266,12,,,1,6,,22273,12,,,1,7,,22281,12,,,1,8,,22290,12,,,1,7,,22298,12,,,1,7,,22306,12,,,1,47,,22314,12,,,1,8,,22320,12,,,1,7,,22324,12,,,1,7,,22336,12,,,1,8,,22343,12,,,1,7,,22351,12,,,1,7,,22356,12,,,1,8,,22363,12,,,1,47,,22371,12,,,1,8,,22384,12,,,1,8,,22389,12,,,1,8,,22255,12,,,1,8,,22264,12,,,1,8,,22267,12,,,1,7,,22274,12,,,1,8,,22282,12,,,1,48,,22291,12,,,1,8,,22299,12,,,1,8,,22307,12,,,1,7,,22321,12,,,1,8,,22325,12,,,1,8,,22337,12,,,1,8,,22344,12,,,1,48,,22352,12,,,1,8,,22357,12,,,1,8,,22364,12,,,1,9,,22372,12,,,1,8,,22385,12,,,1,9,,22390,12,,,1,9,,22256,12,,,1,48,,22268,12,,,1,9,,22275,12,,,1,8,,22283,12,,,1,9,,22292,12,,,1,10,,22300,12,,,1,10,,22308,12,,,1,10,,22322,12,,,1,50,,22326,12,,,1,10,,22338,12,,,1,10,,22345,12,,,1,10,,22353,12,,,1,10,,22365,12,,,1,10,,22373,12,,,1,50,,22386,12,,,1,10,,22391,12,,,1,10,,22257,12,,,1,10,,22269,12,,,1,10,,22284,12,,,1
200,'GLOBAUX-01-S',547,,22463,12,,,1,6,,22473,12,,,1,6,,22483,12,,,1,46,,22498,12,,,1,6,,22509,12,,,1,6,,22518,12,,,1,6,,22532,12,,,1,6,,22534,12,,,1,5,,22554,12,,,1,5,,22571,12,,,1,5,,22573,12,,,1,5,,22580,12,,,1,5,,22582,12,,,1,4,,22594,12,,,1,44,,22600,12,,,1,4,,22606,12,,,1,4,,22607,12,,,1,3,,22613,12,,,1,4,,22622,12,,,1,3,,22392,12,,,1,4,,22393,12,,,1,3,,22403,12,,,1,4,,22411,12,,,1,3,,22412,12,,,1,4,,22421,12,,,1,3,,22423,12,,,1,3,,22428,12,,,1,4,,22436,12,,,1,3,,22444,12,,,1,3,,22456,12,,,1,4,,22461,12,,,1,43,,22462,12,,,1,3,,22464,12,,,1,3,,22474,12,,,1,4,,22484,12,,,1,3,,22492,12,,,1,3,,22494,12,,,1,4,,22499,12,,,1,3,,22504,12,,,1,3,,22510,12,,,1,3,,22515,12,,,1,3,,22519,12,,,1,4,,22527,12,,,1,3,,22533,12,,,1,3,,22535,12,,,1,3,,22540,12,,,1,4,,22555,12,,,1,3,,22564,12,,,1,3,,22572,12,,,1,44,,22574,12,,,1,4,,22575,12,,,1,3,,22583,12,,,1,4,,22590,12,,,1,4,,22595,12,,,1,3,,22601,12,,,1,4,,22608,12,,,1,4,,22614,12,,,1,4,,22623,12,,,1,4,,22630,12,,,1,4,,22394,12,,,1,4,,22404,12,,,1,4,,22413,12,,,1,4,,22420,12,,,1,4,,22424,12,,,1,5,,22437,12,,,1,45,,22445,12,,,1,5,,22457,12,,,1,6,,22465,12,,,1,6,,22475,12,,,1,6,,22485,12,,,1,6,,22495,12,,,1,6,,22505,12,,,1,6,,22511,12,,,1,6,,22520,12,,,1,6,,22528,12,,,1,46,,22541,12,,,1,6,,22556,12,,,1,6,,22565,12,,,1,6,,22576,12,,,1,6,,22584,12,,,1,6,,22596,12,,,1,6,,22602,12,,,1,6,,22615,12,,,1,6,,22624,12,,,1,6,,22395,12,,,1,46,,22405,12,,,1,6,,22414,12,,,1,6,,22425,12,,,1,6,,22438,12,,,1,6,,22446,12,,,1,6,,22458,12,,,1,6,,22466,12,,,1,6,,22476,12,,,1,6,,22486,12,,,1,6,,22496,12,,,1,46,,22506,12,,,1,6,,22512,12,,,1,6,,22521,12,,,1,6,,22529,12,,,1,6,,22542,12,,,1,6,,22557,12,,,1,6,,22566,12,,,1,6,,22577,12,,,1,6,,22585,12,,,1,6,,22597,12,,,1,46,,22603,12,,,1,6,,22616,12,,,1,6,,22625,12,,,1,6,,22396,12,,,1,6,,22406,12,,,1,6,,22415,12,,,1,6,,22426,12,,,1,6,,22439,12,,,1,6,,22447,12,,,1,6,,22459,12,,,1,46,,22467,12,,,1,5,,22477,12,,,1,5,,22487,12,,,1,5,,22497,12,,,1,4,,22500,12,,,1,5,,22507,12,,,1,4,,22513,12,,,1,5,,22516,12,,,1,4,,22522,12,,,1,3,,22530,12,,,1,4,,22536,12,,,1,3,,22543,12,,,1,4,,22547,12,,,1,3,,22558,12,,,1,43,,22562,12,,,1,3,,22567,12,,,1,3,,22578,12,,,1,3,,22581,12,,,1,3,,22586,12,,,1,3,,22591,12,,,1,2,,22598,12,,,1,3,,22604,12,,,1,3,,22609,12,,,1,3,,22617,12,,,1,3,,22618,12,,,1,3,,22626,12,,,1,3,,22397,12,,,1,3,,22398,12,,,1,3,,22399,12,,,1,3,,22400,12,,,1,3,,22407,12,,,1,3,,22416,12,,,1,2,,22422,12,,,1,3,,22427,12,0,5,1,3,,22429,12,,,1,43,,22433,12,,,1,3,,22440,12,,,1,3,,22448,12,0,5,1,3,,22449,12,,,1,3,,22453,12,,,1,3,,22460,12,,,1,3,,22468,12,0,5,1,3,,22469,12,,,1,3,,22478,12,,,1,2,,22482,12,0,5,1,3,,22488,12,,,1,3,,22493,12,0,5,1,3,,22501,12,,,1,3,,22508,12,,,1,4,,22514,12,,,1,3,,22517,12,,,1,4,,22523,12,,,1,3,,22531,12,,,1,3,,22537,12,,,1,44,,22544,12,,,1,3,,22548,12,,,1,4,,22551,12,,,1,4,,22559,12,,,1,4,,22563,12,,,1,4,,22568,12,,,1,4,,22579,12,,,1,4,,22587,12,,,1,4,,22592,12,,,1,3,,22599,12,,,1,4,,22605,12,,,1,4,,22610,12,,,1,5,,22619,12,,,1,4,,22627,12,,,1,5,,22401,12,,,1,45,,22408,12,,,1,5,,22417,12,,,1,5,,22430,12,,,1,6,,22434,12,,,1,6,,22441,12,,,1,6,,22450,12,,,1,6,,22454,12,,,1,6,,22470,12,,,1,6,,22479,12,,,1,6,,22489,12,,,1,6,,22502,12,,,1,46,,22524,12,,,1,6,,22538,12,,,1,6,,22545,12,,,1,6,,22549,12,,,1,6,,22552,12,,,1,6,,22560,12,,,1,6,,22569,12,,,1,6,,22588,12,,,1,6,,22593,12,,,1,6,,22611,12,,,1,46,,22620,12,,,1,6,,22628,12,,,1,6,,22402,12,,,1,6,,22409,12,,,1,6,,22418,12,,,1,6,,22431,12,,,1,6,,22435,12,,,1,6,,22442,12,,,1,6,,22451,12,,,1,6,,22455,12,,,1,46,,22471,12,,,1,6,,22480,12,,,1,6,,22490,12,,,1,6,,22503,12,,,1,6,,22525,12,,,1,6,,22539,12,,,1,6,,22546,12,,,1,6,,22550,12,,,1,7,,22553,12,,,1,47,,22561,12,,,1,7,,22570,12,,,1,7,,22589,12,,,1,7,,22612,12,,,1,7,,22621,12,,,1,7,,22629,12,,,1,7,,22410,12,,,1,8,,22419,12,,,1,8,,22432,12,,,1,48,,22443,12,,,1,8,,22452,12,,,1,8,,22472,12,,,1,8,,22481,12,,,1,8,,22491,12,,,1,7,,22526,12,,,1
201,'GLOBAUX-01-A',553,,22741,20,,,1,49,,22748,20,,,1,10,,22757,20,,,1,9,,22769,20,,,1,10,,22778,20,,,1,10,,22631,20,,,1,10,,22645,20,,,1,49,,22658,20,,,1,10,,22666,20,,,1,10,,22669,20,,,1,9,,22688,20,,,1,10,,22696,20,,,1,10,,22704,20,,,1,9,,22712,20,,,1,50,,22719,20,,,1,9,,22727,20,,,1,9,,22733,20,,,1,9,,22749,20,,,1,8,,22758,20,,,1,9,,22770,20,,,1,49,,22779,20,,,1,9,,22632,20,,,1,8,,22646,20,,,1,9,,22659,20,,,1,8,,22667,20,,,1,9,,22670,20,,,1,8,,22677,20,,,1,49,,22689,20,,,1,9,,22697,20,,,1,9,,22705,20,,,1,8,,22713,20,,,1,9,,22720,20,,,1,9,,22728,20,,,1,9,,22734,20,,,1,47,,22750,20,,,1,8,,22759,20,,,1,8,,22771,20,,,1,7,,22780,20,,,1,8,,22633,20,,,1,7,,22640,20,,,1,8,,22647,20,,,1,7,,22660,20,,,1,47,,22668,20,,,1,7,,22671,20,,,1,7,,22678,20,,,1,7,,22682,20,,,1,7,,22690,20,,,1,7,,22698,20,,,1,7,,22706,20,,,1,7,,22714,20,,,1,6,,22721,20,,,1,47,,22729,20,,,1,6,,22735,20,,,1,7,,22742,20,,,1,6,,22751,20,,,1,6,,22760,20,,,1,7,,22763,20,,,1,6,,22772,20,,,1,7,,22781,20,,,1,6,,22634,20,,,1,47,,22641,20,,,1,6,,22648,20,,,1,6,,22653,20,,,1,7,,22661,20,,,1,6,,22672,20,,,1,7,,22679,20,,,1,6,,22683,20,,,1,7,,22691,20,,,1,6,,22699,20,,,1,6,,22707,20,,,1,47,,22715,20,,,1,6,,22722,20,,,1,7,,22730,20,,,1,6,,22736,20,,,1,6,,22743,20,,,1,7,,22752,20,,,1,6,,22761,20,,,1,7,,22764,20,,,1,6,,22773,20,,,1,47,,22782,20,,,1,6,,22635,20,,,1,6,,22642,20,,,1,7,,22649,20,,,1,6,,22654,20,,,1,7,,22662,20,,,1,6,,22673,20,,,1,7,,22680,20,,,1,6,,22684,20,,,1,46,,22692,20,,,1,7,,22700,20,,,1,6,,22708,20,,,1,7,,22716,20,,,1,6,,22723,20,,,1,6,,22731,20,,,1,7,,22737,20,,,1,6,,22744,20,,,1,7,,22753,20,,,1,6,,22762,20,,,1,46,,22765,20,,,1,7,,22774,20,,,1,6,,22783,20,,,1,7,,22636,20,,,1,6,,22643,20,,,1,6,,22650,20,,,1,7,,22655,20,,,1,6,,22663,20,,,1,7,,22674,20,,,1,46,,22681,20,,,1,7,,22685,20,,,1,8,,22693,20,,,1,7,,22701,20,,,1,7,,22709,20,,,1,7,,22717,20,,,1,8,,22724,20,,,1,7,,22732,20,,,1,47,,22738,20,,,1,8,,22745,20,,,1,7,,22754,20,,,1,8,,22766,20,,,1,7,,22775,20,,,1,8,,22637,20,,,1,8,,22644,20,,,1,8,,22651,20,,,1,47,,22656,20,,,1,8,,22664,20,,,1,8,,22675,20,,,1,8,,22686,20,,,1,8,,22694,20,,,1,9,,22702,20,,,1,8,,22710,20,,,1,9,,22718,20,,,1,49,,22725,20,,,1,9,,22739,20,,,1,10,,22746,20,,,1,9,,22755,20,,,1,9,,22767,20,,,1,10,,22776,20,,,1,49,,22638,20,,,1,10,,22652,20,,,1,9,,22657,20,,,1,10,,22665,20,,,1,10,,22676,20,,,1,9,,22687,20,,,1,50,,22695,20,,,1,10,,22703,20,,,1,10,,22711,20,,,1,9,,22726,20,,,1,10,,22740,20,,,1,10,,22747,20,,,1,50,,22756,20,,,1,10,,22768,20,,,1,10,,22777,20,,,1,14,,22639,20,,,1
201,'GLOBAUX-01-F1',552,,22877,20,,,1,50,,22890,20,,,1,9,,22898,20,,,1,9,,22906,20,,,1,10,,22911,20,,,1,9,,22784,20,,,1,9,,22792,20,,,1,10,,22809,20,,,1,49,,22817,20,,,1,9,,22825,20,,,1,10,,22833,20,,,1,9,,22841,20,,,1,10,,22846,20,,,1,9,,22859,20,,,1,49,,22862,20,,,1,10,,22878,20,,,1,9,,22891,20,,,1,10,,22899,20,,,1,9,,22907,20,,,1,9,,22912,20,,,1,9,,22785,20,,,1,49,,22793,20,,,1,9,,22803,20,,,1,9,,22810,20,,,1,9,,22818,20,,,1,8,,22826,20,,,1,9,,22834,20,,,1,49,,22842,20,,,1,8,,22847,20,,,1,9,,22860,20,,,1,9,,22863,20,,,1,8,,22870,20,,,1,9,,22879,20,,,1,8,,22892,20,,,1,49,,22900,20,,,1,9,,22908,20,,,1,8,,22913,20,,,1,9,,22786,20,,,1,8,,22794,20,,,1,9,,22804,20,,,1,9,,22811,20,,,1,48,,22819,20,,,1,9,,22827,20,,,1,9,,22835,20,,,1,8,,22843,20,,,1,7,,22848,20,,,1,8,,22861,20,,,1,8,,22864,20,,,1,8,,22871,20,,,1,48,,22880,20,,,1,7,,22886,20,,,1,7,,22893,20,,,1,7,,22901,20,,,1,7,,22909,20,,,1,6,,22914,20,,,1,7,,22919,20,,,1,7,,22787,20,,,1,47,,22795,20,,,1,7,,22798,20,,,1,7,,22805,20,,,1,6,,22812,20,,,1,7,,22820,20,,,1,7,,22828,20,,,1,7,,22836,20,,,1,7,,22844,20,,,1,7,,22849,20,,,1,47,,22854,20,,,1,6,,22865,20,,,1,7,,22872,20,,,1,7,,22881,20,,,1,7,,22887,20,,,1,7,,22894,20,,,1,7,,22902,20,,,1,6,,22910,20,,,1,7,,22915,20,,,1,47,,22920,20,,,1,7,,22788,20,,,1,7,,22796,20,,,1,7,,22799,20,,,1,7,,22806,20,,,1,7,,22813,20,,,1,8,,22821,20,,,1,7,,22829,20,,,1,47,,22837,20,,,1,8,,22845,20,,,1,7,,22850,20,,,1,7,,22855,20,,,1,8,,22866,20,,,1,7,,22873,20,,,1,7,,22882,20,,,1,8,,22888,20,,,1,47,,22895,20,,,1,7,,22903,20,,,1,8,,22916,20,,,1,8,,22921,20,,,1,7,,22789,20,,,1,8,,22797,20,,,1,8,,22800,20,,,1,8,,22807,20,,,1,47,,22814,20,,,1,8,,22822,20,,,1,8,,22830,20,,,1,8,,22838,20,,,1,8,,22851,20,,,1,7,,22856,20,,,1,8,,22867,20,,,1,8,,22874,20,,,1,48,,22883,20,,,1,8,,22889,20,,,1,8,,22896,20,,,1,8,,22904,20,,,1,9,,22917,20,,,1,8,,22922,20,,,1,9,,22790,20,,,1,48,,22801,20,,,1,9,,22808,20,,,1,8,,22815,20,,,1,9,,22823,20,,,1,9,,22831,20,,,1,8,,22839,20,,,1,9,,22852,20,,,1,49,,22857,20,,,1,9,,22868,20,,,1,10,,22875,20,,,1,10,,22884,20,,,1,10,,22897,20,,,1,10,,22905,20,,,1,50,,22918,20,,,1,10,,22923,20,,,1,10,,22791,20,,,1,10,,22802,20,,,1,10,,22816,20,,,1,10,,22824,20,,,1,50,,22832,20,,,1,10,,22840,20,,,1,10,,22853,20,,,1,10,,22858,20,,,1,10,,22869,20,,,1,10,,22876,20,,,1,53,,22885,20,,,1
201,'GLOBAUX-01-F2',552,,23017,20,,,1,50,,23030,20,,,1,9,,23038,20,,,1,9,,23046,20,,,1,10,,23051,20,,,1,9,,22924,20,,,1,9,,22932,20,,,1,10,,22949,20,,,1,49,,22957,20,,,1,9,,22965,20,,,1,10,,22973,20,,,1,9,,22981,20,,,1,10,,22986,20,,,1,9,,22999,20,,,1,49,,23002,20,,,1,10,,23018,20,,,1,9,,23031,20,,,1,10,,23039,20,,,1,9,,23047,20,,,1,9,,23052,20,,,1,9,,22925,20,,,1,49,,22933,20,,,1,9,,22943,20,,,1,9,,22950,20,,,1,9,,22958,20,,,1,8,,22966,20,,,1,9,,22974,20,,,1,49,,22982,20,,,1,8,,22987,20,,,1,9,,23000,20,,,1,9,,23003,20,,,1,8,,23010,20,,,1,9,,23019,20,,,1,8,,23032,20,,,1,49,,23040,20,,,1,9,,23048,20,,,1,8,,23053,20,,,1,9,,22926,20,,,1,8,,22934,20,,,1,9,,22944,20,,,1,9,,22951,20,,,1,48,,22959,20,,,1,9,,22967,20,,,1,9,,22975,20,,,1,8,,22983,20,,,1,7,,22988,20,,,1,8,,23001,20,,,1,8,,23004,20,,,1,8,,23011,20,,,1,48,,23020,20,,,1,7,,23026,20,,,1,7,,23033,20,,,1,7,,23041,20,,,1,7,,23049,20,,,1,6,,23054,20,,,1,7,,23059,20,,,1,7,,22927,20,,,1,47,,22935,20,,,1,7,,22938,20,,,1,7,,22945,20,,,1,6,,22952,20,,,1,7,,22960,20,,,1,7,,22968,20,,,1,7,,22976,20,,,1,7,,22984,20,,,1,7,,22989,20,,,1,47,,22994,20,,,1,6,,23005,20,,,1,7,,23012,20,,,1,7,,23021,20,,,1,7,,23027,20,,,1,7,,23034,20,,,1,7,,23042,20,,,1,6,,23050,20,,,1,7,,23055,20,,,1,47,,23060,20,,,1,7,,22928,20,,,1,7,,22936,20,,,1,7,,22939,20,,,1,7,,22946,20,,,1,7,,22953,20,,,1,8,,22961,20,,,1,7,,22969,20,,,1,47,,22977,20,,,1,8,,22985,20,,,1,7,,22990,20,,,1,7,,22995,20,,,1,8,,23006,20,,,1,7,,23013,20,,,1,7,,23022,20,,,1,8,,23028,20,,,1,47,,23035,20,,,1,7,,23043,20,,,1,8,,23056,20,,,1,8,,23061,20,,,1,7,,22929,20,,,1,8,,22937,20,,,1,8,,22940,20,,,1,8,,22947,20,,,1,47,,22954,20,,,1,8,,22962,20,,,1,8,,22970,20,,,1,8,,22978,20,,,1,8,,22991,20,,,1,7,,22996,20,,,1,8,,23007,20,,,1,8,,23014,20,,,1,48,,23023,20,,,1,8,,23029,20,,,1,8,,23036,20,,,1,8,,23044,20,,,1,9,,23057,20,,,1,8,,23062,20,,,1,9,,22930,20,,,1,48,,22941,20,,,1,9,,22948,20,,,1,8,,22955,20,,,1,9,,22963,20,,,1,9,,22971,20,,,1,8,,22979,20,,,1,9,,22992,20,,,1,49,,22997,20,,,1,9,,23008,20,,,1,10,,23015,20,,,1,10,,23024,20,,,1,10,,23037,20,,,1,10,,23045,20,,,1,50,,23058,20,,,1,10,,23063,20,,,1,10,,22931,20,,,1,10,,22942,20,,,1,10,,22956,20,,,1,10,,22964,20,,,1,50,,22972,20,,,1,10,,22980,20,,,1,10,,22993,20,,,1,10,,22998,20,,,1,10,,23009,20,,,1,10,,23016,20,,,1,53,,23025,20,,,1
201,'GLOBAUX-01-I',552,,23157,20,,,1,50,,23170,20,,,1,9,,23178,20,,,1,9,,23186,20,,,1,10,,23191,20,,,1,9,,23064,20,,,1,9,,23072,20,,,1,10,,23089,20,,,1,49,,23097,20,,,1,9,,23105,20,,,1,10,,23113,20,,,1,9,,23121,20,,,1,10,,23126,20,,,1,9,,23139,20,,,1,49,,23142,20,,,1,10,,23158,20,,,1,9,,23171,20,,,1,10,,23179,20,,,1,9,,23187,20,,,1,9,,23192,20,,,1,9,,23065,20,,,1,49,,23073,20,,,1,9,,23083,20,,,1,9,,23090,20,,,1,9,,23098,20,,,1,8,,23106,20,,,1,9,,23114,20,,,1,49,,23122,20,,,1,8,,23127,20,,,1,9,,23140,20,,,1,9,,23143,20,,,1,8,,23150,20,,,1,9,,23159,20,,,1,8,,23172,20,,,1,49,,23180,20,,,1,9,,23188,20,,,1,8,,23193,20,,,1,9,,23066,20,,,1,8,,23074,20,,,1,9,,23084,20,,,1,9,,23091,20,,,1,48,,23099,20,,,1,9,,23107,20,,,1,9,,23115,20,,,1,8,,23123,20,,,1,7,,23128,20,,,1,8,,23141,20,,,1,8,,23144,20,,,1,8,,23151,20,,,1,48,,23160,20,,,1,7,,23166,20,,,1,7,,23173,20,,,1,7,,23181,20,,,1,7,,23189,20,,,1,6,,23194,20,,,1,7,,23199,20,,,1,7,,23067,20,,,1,47,,23075,20,,,1,7,,23078,20,,,1,7,,23085,20,,,1,6,,23092,20,,,1,7,,23100,20,,,1,7,,23108,20,,,1,7,,23116,20,,,1,7,,23124,20,,,1,7,,23129,20,,,1,47,,23134,20,,,1,6,,23145,20,,,1,7,,23152,20,,,1,7,,23161,20,,,1,7,,23167,20,,,1,7,,23174,20,,,1,7,,23182,20,,,1,6,,23190,20,,,1,7,,23195,20,,,1,47,,23200,20,,,1,7,,23068,20,,,1,7,,23076,20,,,1,7,,23079,20,,,1,7,,23086,20,,,1,7,,23093,20,,,1,8,,23101,20,,,1,7,,23109,20,,,1,47,,23117,20,,,1,8,,23125,20,,,1,7,,23130,20,,,1,7,,23135,20,,,1,8,,23146,20,,,1,7,,23153,20,,,1,7,,23162,20,,,1,8,,23168,20,,,1,47,,23175,20,,,1,7,,23183,20,,,1,8,,23196,20,,,1,8,,23201,20,,,1,7,,23069,20,,,1,8,,23077,20,,,1,8,,23080,20,,,1,8,,23087,20,,,1,47,,23094,20,,,1,8,,23102,20,,,1,8,,23110,20,,,1,8,,23118,20,,,1,8,,23131,20,,,1,7,,23136,20,,,1,8,,23147,20,,,1,8,,23154,20,,,1,48,,23163,20,,,1,8,,23169,20,,,1,8,,23176,20,,,1,8,,23184,20,,,1,9,,23197,20,,,1,8,,23202,20,,,1,9,,23070,20,,,1,48,,23081,20,,,1,9,,23088,20,,,1,8,,23095,20,,,1,9,,23103,20,,,1,9,,23111,20,,,1,8,,23119,20,,,1,9,,23132,20,,,1,49,,23137,20,,,1,9,,23148,20,,,1,10,,23155,20,,,1,10,,23164,20,,,1,10,,23177,20,,,1,10,,23185,20,,,1,50,,23198,20,,,1,10,,23203,20,,,1,10,,23071,20,,,1,10,,23082,20,,,1,10,,23096,20,,,1,10,,23104,20,,,1,50,,23112,20,,,1,10,,23120,20,,,1,10,,23133,20,,,1,10,,23138,20,,,1,10,,23149,20,,,1,10,,23156,20,,,1,53,,23165,20,,,1
201,'GLOBAUX-01-S',552,,23391,20,,,1,6,,23405,20,,,1,46,,23411,20,,,1,6,,23418,20,,,1,6,,23424,20,,,1,6,,23204,20,,,1,6,,23206,20,,,1,6,,23224,20,,,1,6,,23226,20,,,1,5,,23238,20,,,1,5,,23243,20,,,1,5,,23251,20,,,1,45,,23276,20,,,1,4,,23277,20,,,1,4,,23279,20,,,1,4,,23288,20,,,1,4,,23297,20,,,1,4,,23305,20,,,1,4,,23308,20,,,1,3,,23313,20,,,1,4,,23322,20,,,1,3,,23327,20,,,1,3,,23331,20,,,1,3,,23339,20,,,1,3,,23344,20,,,1,3,,23346,20,,,1,3,,23351,20,,,1,3,,23366,20,,,1,4,,23375,17,,,1,2,,23383,20,,,1,43,,23384,20,,,1,3,,23385,17,,,1,3,,23390,20,,,1,3,,23392,20,,,1,3,,23394,20,,,1,3,,23401,17,,,1,3,,23406,20,,,1,3,,23412,20,,,1,3,,23417,20,,,1,3,,23419,20,,,1,3,,23425,20,,,1,3,,23434,20,,,1,3,,23442,17,,,1,3,,23205,20,,,1,3,,23207,20,,,1,2,,23216,20,,,1,3,,23225,20,,,1,3,,23227,20,,,1,2,,23234,17,,,1,4,,23235,20,,,1,2,,23239,20,,,1,43,,23244,20,,,1,3,,23252,20,,,1,3,,23259,20,,,1,3,,23260,20,,,1,3,,23271,20,,,1,3,,23278,20,,,1,3,,23280,20,,,1,4,,23289,20,,,1,3,,23298,20,,,1,3,,23306,20,,,1,4,,23309,20,,,1,4,,23314,20,,,1,3,,23318,20,,,1,4,,23323,20,,,1,4,,23328,20,,,1,4,,23332,20,,,1,3,,23340,20,,,1,45,,23345,20,,,1,5,,23352,20,,,1,5,,23367,20,,,1,5,,23376,20,,,1,5,,23386,20,,,1,5,,23395,20,,,1,6,,23407,20,,,1,6,,23413,20,,,1,6,,23426,20,,,1,6,,23435,20,,,1,6,,23208,20,,,1,46,,23217,20,,,1,6,,23228,20,,,1,6,,23240,20,,,1,6,,23253,20,,,1,6,,23261,20,,,1,6,,23272,20,,,1,6,,23281,20,,,1,6,,23290,20,,,1,6,,23299,20,,,1,6,,23310,20,,,1,46,,23319,20,,,1,6,,23324,20,,,1,6,,23333,20,,,1,6,,23341,20,,,1,6,,23353,20,,,1,6,,23368,20,,,1,6,,23377,20,,,1,6,,23387,20,,,1,6,,23396,20,,,1,6,,23408,20,,,1,46,,23414,20,,,1,6,,23427,20,,,1,6,,23436,20,,,1,6,,23209,20,,,1,6,,23218,20,,,1,6,,23229,20,,,1,6,,23241,20,,,1,6,,23254,20,,,1,6,,23262,20,,,1,6,,23273,20,,,1,46,,23282,20,,,1,6,,23291,20,,,1,6,,23300,20,,,1,6,,23311,20,,,1,6,,23320,20,,,1,6,,23325,20,,,1,6,,23334,20,,,1,6,,23342,20,,,1,6,,23354,20,,,1,6,,23369,20,,,1,46,,23378,20,,,1,6,,23388,20,,,1,6,,23397,20,,,1,6,,23409,20,,,1,5,,23415,20,,,1,6,,23428,20,,,1,5,,23437,20,,,1,5,,23210,20,,,1,4,,23212,20,,,1,5,,23219,20,,,1,4,,23230,20,,,1,4,,23236,20,,,1,43,,23242,20,,,1,4,,23248,20,,,1,3,,23255,20,,,1,3,,23263,20,,,1,4,,23267,20,,,1,3,,23274,20,,,1,3,,23283,20,,,1,3,,23284,20,,,1,4,,23292,20,,,1,3,,23296,20,,,1,3,,23301,20,,,1,3,,23307,20,,,1,4,,23312,20,,,1,3,,23315,20,,,1,3,,23321,20,,,1,3,,23326,20,,,1,4,,23329,20,,,1,3,,23335,20,,,1,43,,23343,20,,,1,3,,23347,20,,,1,3,,23355,20,,,1,3,,23358,20,,,1,4,,23362,20,,,1,3,,23370,20,,,1,3,,23374,20,,,1,3,,23379,20,,,1,3,,23389,20,,,1,4,,23393,20,,,1,3,,23398,20,,,1,3,,23402,20,,,1,3,,23410,20,,,1,3,,23416,20,,,1,4,,23420,20,,,1,3,,23429,20,,,1,3,,23430,20,,,1,3,,23438,20,,,1,4,,23211,20,,,1,44,,23213,20,,,1,4,,23220,20,,,1,4,,23231,20,,,1,3,,23237,20,,,1,4,,23245,20,,,1,4,,23249,20,,,1,5,,23256,20,,,1,4,,23264,20,,,1,5,,23268,20,,,1,4,,23275,20,,,1,5,,23285,20,,,1,5,,23293,20,,,1,5,,23302,20,,,1,4,,23316,20,,,1,45,,23330,20,,,1,5,,23336,20,,,1,5,,23348,20,,,1,5,,23356,20,,,1,5,,23359,20,,,1,6,,23363,20,,,1,6,,23371,20,,,1,6,,23380,20,,,1,6,,23399,20,,,1,6,,23403,20,,,1,5,,23421,20,,,1,46,,23431,20,,,1,6,,23439,20,,,1,7,,23214,20,,,1,6,,23221,20,,,1,6,,23232,20,,,1,6,,23246,20,,,1,6,,23250,20,,,1,5,,23257,20,,,1,6,,23265,20,,,1,6,,23269,20,,,1,46,,23286,20,,,1,6,,23294,20,,,1,6,,23303,20,,,1,6,,23317,20,,,1,6,,23337,20,,,1,6,,23349,20,,,1,6,,23357,20,,,1,6,,23360,20,,,1,6,,23364,20,,,1,6,,23372,20,,,1,46,,23381,20,,,1,6,,23400,20,,,1,6,,23404,20,,,1,6,,23422,20,,,1,6,,23432,20,,,1,6,,23440,20,,,1,6,,23215,20,,,1,6,,23222,20,,,1,6,,23233,20,,,1,7,,23247,20,,,1,47,,23258,20,,,1,7,,23266,20,,,1,7,,23270,20,,,1,7,,23287,20,,,1,7,,23295,20,,,1,7,,23304,20,,,1,8,,23338,20,,,1,8,,23350,20,,,1,47,,23361,20,,,1,8,,23365,20,,,1,8,,23373,20,,,1,8,,23382,20,,,1,8,,23423,20,,,1,8,,23433,20,,,1,8,,23441,20,,,1,53,,23223,20,,,1
