200,'GLOBAUX-01-A',601,,21847,23,,,1,10,,21851,23,,,1,10,,21872,23,,,1,10,,21881,23,,,1,10,,21890,23,,,1,10,,21905,23,,,1,49,,21919,23,,,1,10,,21927,23,,,1,10,,21933,23,,,1,10,,21941,23,,,1,10,,21952,23,,,1,10,,21960,23,,,1,9,,21811,23,,,1,49,,21825,23,,,1,10,,21839,23,,,1,8,,21848,23,,,1,9,,21852,23,,,1,9,,21860,23,,,1,9,,21873,23,,,1,48,,21882,23,,,1,9,,21891,23,,,1,8,,21898,23,,,1,9,,21906,23,,,1,8,,21913,23,,,1,9,,21920,23,,,1,8,,21934,23,,,1,49,,21942,23,,,1,8,,21953,23,,,1,9,,21961,23,,,1,8,,21812,23,,,1,9,,21826,23,,,1,8,,21840,23,,,1,9,,21849,23,,,1,48,,21853,23,,,1,8,,21861,23,,,1,9,,21874,23,,,1,8,,21883,23,,,1,9,,21892,23,,,1,8,,21899,23,,,1,7,,21907,23,,,1,8,,21914,23,,,1,48,,21921,23,,,1,8,,21935,23,,,1,7,,21943,23,,,1,8,,21954,23,,,1,8,,21962,23,,,1,7,,21813,23,,,1,8,,21819,23,,,1,7,,21827,23,,,1,48,,21841,23,,,1,7,,21850,23,,,1,7,,21854,23,,,1,8,,21862,23,,,1,7,,21866,23,,,1,7,,21875,23,,,1,6,,21884,23,,,1,7,,21893,23,,,1,46,,21900,23,,,1,7,,21908,23,,,1,6,,21915,23,,,1,7,,21922,23,,,1,6,,21928,23,,,1,7,,21936,23,,,1,6,,21944,23,,,1,6,,21947,23,,,1,7,,21955,23,,,1,6,,21963,23,,,1,47,,21814,23,,,1,6,,21820,23,,,1,7,,21828,23,,,1,6,,21833,23,,,1,7,,21842,23,,,1,6,,21855,23,,,1,7,,21863,23,,,1,6,,21867,23,,,1,7,,21876,23,,,1,46,,21885,23,,,1,7,,21894,23,,,1,6,,21901,23,,,1,7,,21909,23,,,1,6,,21916,23,,,1,7,,21923,23,,,1,6,,21929,23,,,1,6,,21937,23,,,1,7,,21945,23,,,1,46,,21948,23,,,1,7,,21956,23,,,1,6,,21964,23,,,1,7,,21815,23,,,1,6,,21821,23,,,1,6,,21829,23,,,1,7,,21834,23,,,1,6,,21843,23,,,1,6,,21856,23,,,1,47,,21864,23,,,1,6,,21868,23,,,1,7,,21877,23,,,1,6,,21886,23,,,1,6,,21895,23,,,1,7,,21902,23,,,1,6,,21910,23,,,1,6,,21917,23,,,1,6,,21924,23,,,1,7,,21930,23,,,1,46,,21938,23,,,1,6,,21946,23,,,1,7,,21949,23,,,1,6,,21957,23,,,1,6,,21965,23,,,1,7,,21816,23,,,1,6,,21822,23,,,1,6,,21830,23,,,1,7,,21835,23,,,1,46,,21844,23,,,1,8,,21857,23,,,1,7,,21865,23,,,1,8,,21869,23,,,1,7,,21878,23,,,1,7,,21887,23,,,1,8,,21896,23,,,1,7,,21903,23,,,1,48,,21911,23,,,1,7,,21918,23,,,1,7,,21925,23,,,1,8,,21931,23,,,1,7,,21939,23,,,1,7,,21950,23,,,1,8,,21958,23,,,1,8,,21817,23,,,1,7,,21823,23,,,1,48,,21831,23,,,1,8,,21836,23,,,1,8,,21845,23,,,1,8,,21858,23,,,1,9,,21870,23,,,1,9,,21879,23,,,1,9,,21888,23,,,1,49,,21897,23,,,1,9,,21904,23,,,1,9,,21912,23,,,1,9,,21926,23,,,1,10,,21932,23,,,1,9,,21940,23,,,1,50,,21951,23,,,1,9,,21959,23,,,1,10,,21818,23,,,1,9,,21832,23,,,1,10,,21837,23,,,1,10,,21846,23,,,1,50,,21859,23,,,1,10,,21871,23,,,1,10,,21880,23,,,1,13,,21889,23,,,1
200,'GLOBAUX-01-F1',601,,22001,23,,,1,9,,22009,23,,,1,10,,22017,23,,,1,9,,22025,23,,,1,9,,22031,23,,,1,10,,22043,23,,,1,9,,22047,23,,,1,49,,22062,23,,,1,9,,22074,23,,,1,10,,22082,23,,,1,9,,22090,23,,,1,9,,22095,23,,,1,10,,21966,23,,,1,49,,21975,23,,,1,9,,21993,23,,,1,9,,22002,23,,,1,10,,22010,23,,,1,9,,22018,23,,,1,9,,22026,23,,,1,10,,22032,23,,,1,49,,22044,23,,,1,9,,22048,23,,,1,9,,22055,23,,,1,8,,22063,23,,,1,9,,22075,23,,,1,8,,22083,23,,,1,9,,22091,23,,,1,49,,22096,23,,,1,8,,21967,23,,,1,9,,21976,23,,,1,8,,21986,23,,,1,9,,21994,23,,,1,8,,22003,23,,,1,9,,22011,23,,,1,49,,22019,23,,,1,8,,22027,23,,,1,9,,22033,23,,,1,8,,22045,23,,,1,9,,22049,23,,,1,9,,22056,23,,,1,8,,22064,23,,,1,49,,22076,23,,,1,9,,22084,23,,,1,8,,22092,23,,,1,9,,22097,23,,,1,8,,21968,23,,,1,9,,21977,23,,,1,8,,21987,23,,,1,48,,21995,23,,,1,8,,22004,23,,,1,7,,22012,23,,,1,8,,22020,23,,,1,8,,22028,23,,,1,8,,22034,23,,,1,8,,22046,23,,,1,48,,22050,23,,,1,8,,22057,23,,,1,8,,22065,23,,,1,8,,22070,23,,,1,7,,22077,23,,,1,7,,22085,23,,,1,7,,22093,23,,,1,7,,22098,23,,,1,46,,22103,23,,,1,7,,21969,23,,,1,7,,21978,23,,,1,7,,21981,23,,,1,7,,21988,23,,,1,7,,21996,23,,,1,7,,22005,23,,,1,7,,22013,23,,,1,6,,22021,23,,,1,47,,22029,23,,,1,7,,22035,23,,,1,7,,22039,23,,,1,7,,22051,23,,,1,7,,22058,23,,,1,7,,22066,23,,,1,6,,22071,23,,,1,7,,22078,23,,,1,7,,22086,23,,,1,47,,22094,23,,,1,7,,22099,23,,,1,7,,22104,23,,,1,6,,21970,23,,,1,7,,21979,23,,,1,7,,21982,23,,,1,7,,21989,23,,,1,7,,21997,23,,,1,7,,22006,23,,,1,47,,22014,23,,,1,8,,22022,23,,,1,7,,22030,23,,,1,7,,22036,23,,,1,7,,22040,23,,,1,8,,22052,23,,,1,7,,22059,23,,,1,7,,22067,23,,,1,48,,22072,23,,,1,7,,22079,23,,,1,8,,22087,23,,,1,8,,22100,23,,,1,7,,22105,23,,,1,8,,21971,23,,,1,8,,21980,23,,,1,8,,21983,23,,,1,47,,21990,23,,,1,8,,21998,23,,,1,8,,22007,23,,,1,8,,22015,23,,,1,8,,22023,23,,,1,8,,22037,23,,,1,8,,22041,23,,,1,48,,22053,23,,,1,8,,22060,23,,,1,8,,22068,23,,,1,8,,22073,23,,,1,8,,22080,23,,,1,8,,22088,23,,,1,9,,22101,23,,,1,8,,22106,23,,,1,49,,21972,23,,,1,8,,21984,23,,,1,9,,21991,23,,,1,8,,21999,23,,,1,9,,22008,23,,,1,10,,22016,23,,,1,50,,22024,23,,,1,10,,22038,23,,,1,10,,22042,23,,,1,10,,22054,23,,,1,10,,22061,23,,,1,10,,22069,23,,,1,50,,22081,23,,,1,10,,22089,23,,,1,10,,22102,23,,,1,10,,22107,23,,,1,10,,21973,23,,,1,10,,21985,23,,,1,53,,22000,23,,,1
200,'GLOBAUX-01-F2',601,,22143,23,,,1,9,,22151,23,,,1,10,,22159,23,,,1,9,,22167,23,,,1,9,,22173,23,,,1,10,,22185,23,,,1,9,,22189,23,,,1,49,,22204,23,,,1,9,,22216,23,,,1,10,,22224,23,,,1,9,,22232,23,,,1,9,,22237,23,,,1,10,,22108,23,,,1,49,,22117,23,,,1,9,,22135,23,,,1,9,,22144,23,,,1,10,,22152,23,,,1,9,,22160,23,,,1,9,,22168,23,,,1,10,,22174,23,,,1,49,,22186,23,,,1,9,,22190,23,,,1,9,,22197,23,,,1,8,,22205,23,,,1,9,,22217,23,,,1,8,,22225,23,,,1,9,,22233,23,,,1,49,,22238,23,,,1,8,,22109,23,,,1,9,,22118,23,,,1,8,,22128,23,,,1,9,,22136,23,,,1,8,,22145,23,,,1,9,,22153,23,,,1,49,,22161,23,,,1,8,,22169,23,,,1,9,,22175,23,,,1,8,,22187,23,,,1,9,,22191,23,,,1,9,,22198,23,,,1,8,,22206,23,,,1,49,,22218,23,,,1,9,,22226,23,,,1,8,,22234,23,,,1,9,,22239,23,,,1,8,,22110,23,,,1,9,,22119,23,,,1,8,,22129,23,,,1,48,,22137,23,,,1,8,,22146,23,,,1,7,,22154,23,,,1,8,,22162,23,,,1,8,,22170,23,,,1,8,,22176,23,,,1,8,,22188,23,,,1,48,,22192,23,,,1,8,,22199,23,,,1,8,,22207,23,,,1,8,,22212,23,,,1,7,,22219,23,,,1,7,,22227,23,,,1,7,,22235,23,,,1,7,,22240,23,,,1,46,,22245,23,,,1,7,,22111,23,,,1,7,,22120,23,,,1,7,,22123,23,,,1,7,,22130,23,,,1,7,,22138,23,,,1,7,,22147,23,,,1,7,,22155,23,,,1,6,,22163,23,,,1,47,,22171,23,,,1,7,,22177,23,,,1,7,,22181,23,,,1,7,,22193,23,,,1,7,,22200,23,,,1,7,,22208,23,,,1,6,,22213,23,,,1,7,,22220,23,,,1,7,,22228,23,,,1,47,,22236,23,,,1,7,,22241,23,,,1,7,,22246,23,,,1,6,,22112,23,,,1,7,,22121,23,,,1,7,,22124,23,,,1,7,,22131,23,,,1,7,,22139,23,,,1,7,,22148,23,,,1,47,,22156,23,,,1,8,,22164,23,,,1,7,,22172,23,,,1,7,,22178,23,,,1,7,,22182,23,,,1,8,,22194,23,,,1,7,,22201,23,,,1,7,,22209,23,,,1,48,,22214,23,,,1,7,,22221,23,,,1,8,,22229,23,,,1,8,,22242,23,,,1,7,,22247,23,,,1,8,,22113,23,,,1,8,,22122,23,,,1,8,,22125,23,,,1,47,,22132,23,,,1,8,,22140,23,,,1,8,,22149,23,,,1,8,,22157,23,,,1,8,,22165,23,,,1,8,,22179,23,,,1,8,,22183,23,,,1,48,,22195,23,,,1,8,,22202,23,,,1,8,,22210,23,,,1,8,,22215,23,,,1,8,,22222,23,,,1,8,,22230,23,,,1,9,,22243,23,,,1,8,,22248,23,,,1,49,,22114,23,,,1,8,,22126,23,,,1,9,,22133,23,,,1,8,,22141,23,,,1,9,,22150,23,,,1,10,,22158,23,,,1,50,,22166,23,,,1,10,,22180,23,,,1,10,,22184,23,,,1,10,,22196,23,,,1,10,,22203,23,,,1,10,,22211,23,,,1,50,,22223,23,,,1,10,,22231,23,,,1,10,,22244,23,,,1,10,,22249,23,,,1,10,,22115,23,,,1,10,,22127,23,,,1,53,,22142,23,,,1
200,'GLOBAUX-01-I',601,,22285,23,,,1,9,,22293,23,,,1,10,,22301,23,,,1,9,,22309,23,,,1,9,,22315,23,,,1,10,,22327,23,,,1,9,,22331,23,,,1,49,,22346,23,,,1,9,,22358,23,,,1,10,,22366,23,,,1,9,,22374,23,,,1,9,,22379,23,,,1,10,,22250,23,,,1,49,,22259,23,,,1,9,,22277,23,,,1,9,,22286,23,,,1,10,,22294,23,,,1,9,,22302,23,,,1,9,,22310,23,,,1,10,,22316,23,,,1,49,,22328,23,,,1,9,,22332,23,,,1,9,,22339,23,,,1,8,,22347,23,,,1,9,,22359,23,,,1,8,,22367,23,,,1,9,,22375,23,,,1,49,,22380,23,,,1,8,,22251,23,,,1,9,,22260,23,,,1,8,,22270,23,,,1,9,,22278,23,,,1,8,,22287,23,,,1,9,,22295,23,,,1,49,,22303,23,,,1,8,,22311,23,,,1,9,,22317,23,,,1,8,,22329,23,,,1,9,,22333,23,,,1,9,,22340,23,,,1,8,,22348,23,,,1,49,,22360,23,,,1,9,,22368,23,,,1,8,,22376,23,,,1,9,,22381,23,,,1,8,,22252,23,,,1,9,,22261,23,,,1,8,,22271,23,,,1,48,,22279,23,,,1,8,,22288,23,,,1,7,,22296,23,,,1,8,,22304,23,,,1,8,,22312,23,,,1,8,,22318,23,,,1,8,,22330,23,,,1,48,,22334,23,,,1,8,,22341,23,,,1,8,,22349,23,,,1,8,,22354,23,,,1,7,,22361,23,,,1,7,,22369,23,,,1,7,,22377,23,,,1,7,,22382,23,,,1,46,,22387,23,,,1,7,,22253,23,,,1,7,,22262,23,,,1,7,,22265,23,,,1,7,,22272,23,,,1,7,,22280,23,,,1,7,,22289,23,,,1,7,,22297,23,,,1,6,,22305,23,,,1,47,,22313,23,,,1,7,,22319,23,,,1,7,,22323,23,,,1,7,,22335,23,,,1,7,,22342,23,,,1,7,,22350,23,,,1,6,,22355,23,,,1,7,,22362,23,,,1,7,,22370,23,,,1,47,,22378,23,,,1,7,,22383,23,,,1,7,,22388,23,,,1,6,,22254,23,,,1,7,,22263,23,,,1,7,,22266,23,,,1,7,,22273,23,,,1,7,,22281,23,,,1,7,,22290,23,,,1,47,,22298,23,,,1,8,,22306,23,,,1,7,,22314,23,,,1,7,,22320,23,,,1,7,,22324,23,,,1,8,,22336,23,,,1,7,,22343,23,,,1,7,,22351,23,,,1,48,,22356,23,,,1,7,,22363,23,,,1,8,,22371,23,,,1,8,,22384,23,,,1,7,,22389,23,,,1,8,,22255,23,,,1,8,,22264,23,,,1,8,,22267,23,,,1,47,,22274,23,,,1,8,,22282,23,,,1,8,,22291,23,,,1,8,,22299,23,,,1,8,,22307,23,,,1,8,,22321,23,,,1,8,,22325,23,,,1,48,,22337,23,,,1,8,,22344,23,,,1,8,,22352,23,,,1,8,,22357,23,,,1,8,,22364,23,,,1,8,,22372,23,,,1,9,,22385,23,,,1,8,,22390,23,,,1,49,,22256,23,,,1,8,,22268,23,,,1,9,,22275,23,,,1,8,,22283,23,,,1,9,,22292,23,,,1,10,,22300,23,,,1,50,,22308,23,,,1,10,,22322,23,,,1,10,,22326,23,,,1,10,,22338,23,,,1,10,,22345,23,,,1,10,,22353,23,,,1,50,,22365,23,,,1,10,,22373,23,,,1,10,,22386,23,,,1,10,,22391,23,,,1,10,,22257,23,,,1,10,,22269,23,,,1,53,,22284,23,,,1
200,'GLOBAUX-01-S',601,,22463,23,,,1,6,,22473,23,,,1,6,,22483,23,,,1,6,,22498,23,,,1,6,,22509,23,,,1,6,,22518,23,,,1,6,,22532,23,,,1,6,,22534,23,,,1,5,,22554,23,,,1,5,,22571,23,,,1,5,,22573,23,,,1,45,,22580,23,,,1,5,,22582,23,,,1,4,,22594,23,,,1,4,,22600,23,,,1,4,,22606,23,,,1,4,,22607,23,,,1,4,,22613,23,,,1,3,,22622,23,,,1,4,,22392,23,,,1,3,,22393,23,,,1,4,,22403,23,,,1,3,,22411,23,,,1,4,,22412,23,,,1,3,,22421,23,,,1,3,,22423,23,,,1,4,,22428,23,,,1,43,,22436,23,,,1,4,,22444,23,,,1,3,,22456,23,,,1,3,,22461,23,,,1,3,,22462,23,,,1,4,,22464,23,,,1,3,,22474,23,,,1,3,,22484,23,,,1,4,,22492,23,,,1,3,,22494,23,,,1,3,,22499,23,,,1,3,,22504,23,,,1,4,,22510,23,,,1,3,,22515,23,,,1,3,,22519,23,,,1,3,,22527,23,,,1,4,,22533,23,,,1,3,,22535,23,,,1,43,,22540,23,,,1,3,,22555,23,,,1,4,,22564,23,,,1,3,,22572,23,,,1,4,,22574,23,,,1,3,,22575,23,,,1,4,,22583,23,,,1,4,,22590,23,,,1,3,,22595,23,,,1,4,,22601,23,,,1,4,,22608,23,,,1,3,,22614,23,,,1,4,,22623,23,,,1,4,,22630,23,,,1,4,,22394,23,,,1,4,,22404,23,,,1,44,,22413,23,,,1,4,,22420,23,,,1,4,,22424,23,,,1,5,,22437,23,,,1,5,,22445,23,,,1,5,,22457,23,,,1,6,,22465,23,,,1,6,,22475,23,,,1,6,,22485,23,,,1,6,,22495,23,,,1,6,,22505,23,,,1,6,,22511,23,,,1,46,,22520,23,,,1,6,,22528,23,,,1,6,,22541,23,,,1,6,,22556,23,,,1,6,,22565,23,,,1,6,,22576,23,,,1,6,,22584,23,,,1,6,,22596,23,,,1,6,,22602,23,,,1,6,,22615,23,,,1,46,,22624,23,,,1,6,,22395,23,,,1,6,,22405,23,,,1,6,,22414,23,,,1,6,,22425,23,,,1,6,,22438,23,,,1,6,,22446,23,,,1,6,,22458,23,,,1,6,,22466,23,,,1,6,,22476,23,,,1,46,,22486,23,,,1,6,,22496,23,,,1,6,,22506,23,,,1,6,,22512,23,,,1,6,,22521,23,,,1,6,,22529,23,,,1,6,,22542,23,,,1,6,,22557,23,,,1,6,,22566,23,,,1,6,,22577,23,,,1,47,,22585,23,,,1,6,,22597,23,,,1,6,,22603,23,,,1,6,,22616,23,,,1,6,,22625,23,,,1,6,,22396,23,,,1,6,,22406,23,,,1,6,,22415,23,,,1,6,,22426,23,,,1,46,,22439,23,,,1,6,,22447,23,,,1,6,,22459,23,,,1,6,,22467,23,,,1,5,,22477,23,,,1,5,,22487,23,,,1,5,,22497,23,,,1,4,,22500,23,,,1,5,,22507,23,,,1,4,,22513,23,,,1,5,,22516,23,,,1,4,,22522,23,,,1,3,,22530,23,,,1,44,,22536,23,,,1,3,,22543,23,,,1,4,,22547,23,,,1,3,,22558,23,,,1,3,,22562,23,,,1,3,,22567,23,,,1,3,,22578,23,,,1,3,,22581,23,,,1,3,,22586,23,,,1,3,,22591,23,,,1,3,,22598,23,,,1,3,,22604,23,,,1,3,,22609,23,,,1,3,,22617,23,,,1,2,,22618,23,,,1,3,,22626,23,,,1,3,,22397,23,,,1,3,,22398,23,,,1,3,,22399,23,,,1,3,,22400,23,,,1,43,,22407,23,,,1,3,,22416,23,,,1,3,,22422,23,,,1,3,,22427,23,0,5,1,3,,22429,23,,,1,3,,22433,23,,,1,3,,22440,23,,,1,3,,22448,23,0,5,1,2,,22449,23,,,1,3,,22453,23,,,1,3,,22460,23,,,1,3,,22468,23,0,5,1,3,,22469,23,,,1,3,,22478,23,,,1,3,,22482,23,0,5,1,3,,22488,23,,,1,2,,22493,23,0,5,1,3,,22501,23,,,1,4,,22508,23,,,1,3,,22514,23,,,1,43,,22517,23,,,1,4,,22523,23,,,1,3,,22531,23,,,1,3,,22537,23,,,1,4,,22544,23,,,1,3,,22548,23,,,1,4,,22551,23,,,1,4,,22559,23,,,1,4,,22563,23,,,1,4,,22568,23,,,1,4,,22579,23,,,1,4,,22587,23,,,1,3,,22592,23,,,1,4,,22599,23,,,1,4,,22605,23,,,1,4,,22610,23,,,1,44,,22619,23,,,1,5,,22627,23,,,1,5,,22401,23,,,1,5,,22408,23,,,1,5,,22417,23,,,1,5,,22430,23,,,1,6,,22434,23,,,1,6,,22441,23,,,1,6,,22450,23,,,1,6,,22454,23,,,1,6,,22470,23,,,1,46,,22479,23,,,1,6,,22489,23,,,1,6,,22502,23,,,1,6,,22524,23,,,1,6,,22538,23,,,1,6,,22545,23,,,1,6,,22549,23,,,1,6,,22552,23,,,1,6,,22560,23,,,1,6,,22569,23,,,1,46,,22588,23,,,1,6,,22593,23,,,1,6,,22611,23,,,1,6,,22620,23,,,1,6,,22628,23,,,1,6,,22402,23,,,1,6,,22409,23,,,1,6,,22418,23,,,1,6,,22431,23,,,1,6,,22435,23,,,1,46,,22442,23,,,1,6,,22451,23,,,1,6,,22455,23,,,1,6,,22471,23,,,1,6,,22480,23,,,1,5,,22490,23,,,1,6,,22503,23,,,1,6,,22525,23,,,1,6,,22539,23,,,1,6,,22546,23,,,1,46,,22550,23,,,1,7,,22553,23,,,1,7,,22561,23,,,1,7,,22570,23,,,1,7,,22589,23,,,1,7,,22612,23,,,1,7,,22621,23,,,1,7,,22629,23,,,1,7,,22410,23,,,1,48,,22419,23,,,1,8,,22432,23,,,1,8,,22443,23,,,1,8,,22452,23,,,1,8,,22472,23,,,1,8,,22481,23,,,1,8,,22491,23,,,1,51,,22526,23,,,1
201,'GLOBAUX-01-A',538,,22741,9,,,1,10,,22748,9,,,1,9,,22757,9,,,1,50,,22769,9,,,1,9,,22778,9,,,1,10,,22631,9,,,1,10,,22645,9,,,1,9,,22658,9,,,1,10,,22666,9,,,1,50,,22669,9,,,1,9,,22688,9,,,1,10,,22696,9,,,1,9,,22704,9,,,1,10,,22712,9,,,1,9,,22719,9,,,1,49,,22727,9,,,1,9,,22733,9,,,1,9,,22749,9,,,1,9,,22758,9,,,1,8,,22770,9,,,1,9,,22779,9,,,1,9,,22632,9,,,1,49,,22646,9,,,1,8,,22659,9,,,1,9,,22667,9,,,1,9,,22670,9,,,1,8,,22677,9,,,1,9,,22689,9,,,1,9,,22697,9,,,1,49,,22705,9,,,1,8,,22713,9,,,1,9,,22720,9,,,1,9,,22728,9,,,1,9,,22734,9,,,1,7,,22750,9,,,1,8,,22759,9,,,1,48,,22771,9,,,1,7,,22780,9,,,1,8,,22633,9,,,1,7,,22640,9,,,1,8,,22647,9,,,1,7,,22660,9,,,1,7,,22668,9,,,1,7,,22671,9,,,1,47,,22678,9,,,1,7,,22682,9,,,1,7,,22690,9,,,1,7,,22698,9,,,1,7,,22706,9,,,1,7,,22714,9,,,1,6,,22721,9,,,1,7,,22729,9,,,1,6,,22735,9,,,1,47,,22742,9,,,1,6,,22751,9,,,1,6,,22760,9,,,1,7,,22763,9,,,1,6,,22772,9,,,1,7,,22781,9,,,1,6,,22634,9,,,1,7,,22641,9,,,1,6,,22648,9,,,1,6,,22653,9,,,1,47,,22661,9,,,1,6,,22672,9,,,1,7,,22679,9,,,1,6,,22683,9,,,1,6,,22691,9,,,1,7,,22699,9,,,1,6,,22707,9,,,1,7,,22715,9,,,1,6,,22722,9,,,1,46,,22730,9,,,1,7,,22736,9,,,1,6,,22743,9,,,1,7,,22752,9,,,1,6,,22761,9,,,1,7,,22764,9,,,1,6,,22773,9,,,1,6,,22782,9,,,1,7,,22635,9,,,1,46,,22642,9,,,1,7,,22649,9,,,1,6,,22654,9,,,1,6,,22662,9,,,1,7,,22673,9,,,1,6,,22680,9,,,1,7,,22684,9,,,1,6,,22692,9,,,1,7,,22700,9,,,1,6,,22708,9,,,1,46,,22716,9,,,1,7,,22723,9,,,1,6,,22731,9,,,1,7,,22737,9,,,1,6,,22744,9,,,1,6,,22753,9,,,1,7,,22762,9,,,1,6,,22765,9,,,1,7,,22774,9,,,1,46,,22783,9,,,1,7,,22636,9,,,1,6,,22643,9,,,1,6,,22650,9,,,1,7,,22655,9,,,1,6,,22663,9,,,1,7,,22674,9,,,1,6,,22681,9,,,1,7,,22685,9,,,1,48,,22693,9,,,1,7,,22701,9,,,1,7,,22709,9,,,1,7,,22717,9,,,1,8,,22724,9,,,1,7,,22732,9,,,1,7,,22738,9,,,1,8,,22745,9,,,1,47,,22754,9,,,1,8,,22766,9,,,1,8,,22775,9,,,1,8,,22637,9,,,1,7,,22644,9,,,1,8,,22651,9,,,1,8,,22656,9,,,1,8,,22664,9,,,1,48,,22675,9,,,1,8,,22686,9,,,1,8,,22694,9,,,1,8,,22702,9,,,1,9,,22710,9,,,1,8,,22718,9,,,1,9,,22725,9,,,1,50,,22739,9,,,1,9,,22746,9,,,1,10,,22755,9,,,1,9,,22767,9,,,1,10,,22776,9,,,1,9,,22638,9,,,1,50,,22652,9,,,1,9,,22657,9,,,1,10,,22665,9,,,1,9,,22676,9,,,1,10,,22687,9,,,1,10,,22695,9,,,1,10,,22703,9,,,1,49,,22711,9,,,1,10,,22726,9,,,1,10,,22740,9,,,1,10,,22747,9,,,1,10,,22756,9,,,1,10,,22768,9,,,1,50,,22777,9,,,1,10,,22639,9,,,1
201,'GLOBAUX-01-F1',538,,22877,9,,,1,9,,22890,9,,,1,10,,22898,9,,,1,49,,22906,9,,,1,10,,22911,9,,,1,9,,22784,9,,,1,9,,22792,9,,,1,10,,22809,9,,,1,9,,22817,9,,,1,49,,22825,9,,,1,10,,22833,9,,,1,9,,22841,9,,,1,9,,22846,9,,,1,10,,22859,9,,,1,9,,22862,9,,,1,9,,22878,9,,,1,50,,22891,9,,,1,9,,22899,9,,,1,9,,22907,9,,,1,9,,22912,9,,,1,10,,22785,9,,,1,9,,22793,9,,,1,48,,22803,9,,,1,9,,22810,9,,,1,9,,22818,9,,,1,9,,22826,9,,,1,8,,22834,9,,,1,9,,22842,9,,,1,9,,22847,9,,,1,48,,22860,9,,,1,9,,22863,9,,,1,8,,22870,9,,,1,9,,22879,9,,,1,9,,22892,9,,,1,8,,22900,9,,,1,9,,22908,9,,,1,48,,22913,9,,,1,9,,22786,9,,,1,9,,22794,9,,,1,8,,22804,9,,,1,9,,22811,9,,,1,8,,22819,9,,,1,9,,22827,9,,,1,49,,22835,9,,,1,8,,22843,9,,,1,7,,22848,9,,,1,8,,22861,9,,,1,8,,22864,9,,,1,8,,22871,9,,,1,8,,22880,9,,,1,7,,22886,9,,,1,47,,22893,9,,,1,7,,22901,9,,,1,7,,22909,9,,,1,6,,22914,9,,,1,7,,22919,9,,,1,7,,22787,9,,,1,7,,22795,9,,,1,7,,22798,9,,,1,47,,22805,9,,,1,6,,22812,9,,,1,7,,22820,9,,,1,7,,22828,9,,,1,7,,22836,9,,,1,7,,22844,9,,,1,7,,22849,9,,,1,6,,22854,9,,,1,7,,22865,9,,,1,47,,22872,9,,,1,7,,22881,9,,,1,7,,22887,9,,,1,7,,22894,9,,,1,6,,22902,9,,,1,7,,22910,9,,,1,7,,22915,9,,,1,7,,22920,9,,,1,7,,22788,9,,,1,46,,22796,9,,,1,7,,22799,9,,,1,8,,22806,9,,,1,7,,22813,9,,,1,7,,22821,9,,,1,8,,22829,9,,,1,7,,22837,9,,,1,7,,22845,9,,,1,48,,22850,9,,,1,7,,22855,9,,,1,7,,22866,9,,,1,8,,22873,9,,,1,7,,22882,9,,,1,7,,22888,9,,,1,8,,22895,9,,,1,7,,22903,9,,,1,48,,22916,9,,,1,7,,22921,9,,,1,8,,22789,9,,,1,8,,22797,9,,,1,8,,22800,9,,,1,8,,22807,9,,,1,7,,22814,9,,,1,8,,22822,9,,,1,48,,22830,9,,,1,8,,22838,9,,,1,8,,22851,9,,,1,8,,22856,9,,,1,7,,22867,9,,,1,8,,22874,9,,,1,8,,22883,9,,,1,8,,22889,9,,,1,48,,22896,9,,,1,9,,22904,9,,,1,8,,22917,9,,,1,9,,22922,9,,,1,8,,22790,9,,,1,9,,22801,9,,,1,8,,22808,9,,,1,49,,22815,9,,,1,8,,22823,9,,,1,9,,22831,9,,,1,9,,22839,9,,,1,9,,22852,9,,,1,8,,22857,9,,,1,9,,22868,9,,,1,50,,22875,9,,,1,10,,22884,9,,,1,10,,22897,9,,,1,10,,22905,9,,,1,10,,22918,9,,,1,10,,22923,9,,,1,50,,22791,9,,,1,10,,22802,9,,,1,10,,22816,9,,,1,10,,22824,9,,,1,10,,22832,9,,,1,10,,22840,9,,,1,50,,22853,9,,,1,10,,22858,9,,,1,10,,22869,9,,,1,10,,22876,9,,,1,10,,22885,9,,,1
201,'GLOBAUX-01-F2',538,,23017,9,,,1,9,,23030,9,,,1,10,,23038,9,,,1,49,,23046,9,,,1,10,,23051,9,,,1,9,,22924,9,,,1,9,,22932,9,,,1,10,,22949,9,,,1,9,,22957,9,,,1,49,,22965,9,,,1,10,,22973,9,,,1,9,,22981,9,,,1,9,,22986,9,,,1,10,,22999,9,,,1,9,,23002,9,,,1,9,,23018,9,,,1,50,,23031,9,,,1,9,,23039,9,,,1,9,,23047,9,,,1,9,,23052,9,,,1,10,,22925,9,,,1,9,,22933,9,,,1,48,,22943,9,,,1,9,,22950,9,,,1,9,,22958,9,,,1,9,,22966,9,,,1,8,,22974,9,,,1,9,,22982,9,,,1,9,,22987,9,,,1,48,,23000,9,,,1,9,,23003,9,,,1,8,,23010,9,,,1,9,,23019,9,,,1,9,,23032,9,,,1,8,,23040,9,,,1,9,,23048,9,,,1,48,,23053,9,,,1,9,,22926,9,,,1,9,,22934,9,,,1,8,,22944,9,,,1,9,,22951,9,,,1,8,,22959,9,,,1,9,,22967,9,,,1,49,,22975,9,,,1,8,,22983,9,,,1,7,,22988,9,,,1,8,,23001,9,,,1,8,,23004,9,,,1,8,,23011,9,,,1,8,,23020,9,,,1,7,,23026,9,,,1,47,,23033,9,,,1,7,,23041,9,,,1,7,,23049,9,,,1,6,,23054,9,,,1,7,,23059,9,,,1,7,,22927,9,,,1,7,,22935,9,,,1,7,,22938,9,,,1,47,,22945,9,,,1,6,,22952,9,,,1,7,,22960,9,,,1,7,,22968,9,,,1,7,,22976,9,,,1,7,,22984,9,,,1,7,,22989,9,,,1,6,,22994,9,,,1,7,,23005,9,,,1,47,,23012,9,,,1,7,,23021,9,,,1,7,,23027,9,,,1,7,,23034,9,,,1,6,,23042,9,,,1,7,,23050,9,,,1,7,,23055,9,,,1,7,,23060,9,,,1,7,,22928,9,,,1,46,,22936,9,,,1,7,,22939,9,,,1,8,,22946,9,,,1,7,,22953,9,,,1,7,,22961,9,,,1,8,,22969,9,,,1,7,,22977,9,,,1,7,,22985,9,,,1,48,,22990,9,,,1,7,,22995,9,,,1,7,,23006,9,,,1,8,,23013,9,,,1,7,,23022,9,,,1,7,,23028,9,,,1,8,,23035,9,,,1,7,,23043,9,,,1,48,,23056,9,,,1,7,,23061,9,,,1,8,,22929,9,,,1,8,,22937,9,,,1,8,,22940,9,,,1,8,,22947,9,,,1,7,,22954,9,,,1,8,,22962,9,,,1,48,,22970,9,,,1,8,,22978,9,,,1,8,,22991,9,,,1,8,,22996,9,,,1,7,,23007,9,,,1,8,,23014,9,,,1,8,,23023,9,,,1,8,,23029,9,,,1,48,,23036,9,,,1,9,,23044,9,,,1,8,,23057,9,,,1,9,,23062,9,,,1,8,,22930,9,,,1,9,,22941,9,,,1,8,,22948,9,,,1,49,,22955,9,,,1,8,,22963,9,,,1,9,,22971,9,,,1,9,,22979,9,,,1,9,,22992,9,,,1,8,,22997,9,,,1,9,,23008,9,,,1,50,,23015,9,,,1,10,,23024,9,,,1,10,,23037,9,,,1,10,,23045,9,,,1,10,,23058,9,,,1,10,,23063,9,,,1,50,,22931,9,,,1,10,,22942,9,,,1,10,,22956,9,,,1,10,,22964,9,,,1,10,,22972,9,,,1,10,,22980,9,,,1,50,,22993,9,,,1,10,,22998,9,,,1,10,,23009,9,,,1,10,,23016,9,,,1,10,,23025,9,,,1
201,'GLOBAUX-01-I',538,,23157,9,,,1,9,,23170,9,,,1,10,,23178,9,,,1,49,,23186,9,,,1,10,,23191,9,,,1,9,,23064,9,,,1,9,,23072,9,,,1,10,,23089,9,,,1,9,,23097,9,,,1,49,,23105,9,,,1,10,,23113,9,,,1,9,,23121,9,,,1,9,,23126,9,,,1,10,,23139,9,,,1,9,,23142,9,,,1,9,,23158,9,,,1,50,,23171,9,,,1,9,,23179,9,,,1,9,,23187,9,,,1,9,,23192,9,,,1,10,,23065,9,,,1,9,,23073,9,,,1,48,,23083,9,,,1,9,,23090,9,,,1,9,,23098,9,,,1,9,,23106,9,,,1,8,,23114,9,,,1,9,,23122,9,,,1,9,,23127,9,,,1,48,,23140,9,,,1,9,,23143,9,,,1,8,,23150,9,,,1,9,,23159,9,,,1,9,,23172,9,,,1,8,,23180,9,,,1,9,,23188,9,,,1,48,,23193,9,,,1,9,,23066,9,,,1,9,,23074,9,,,1,8,,23084,9,,,1,9,,23091,9,,,1,8,,23099,9,,,1,9,,23107,9,,,1,49,,23115,9,,,1,8,,23123,9,,,1,7,,23128,9,,,1,8,,23141,9,,,1,8,,23144,9,,,1,8,,23151,9,,,1,8,,23160,9,,,1,7,,23166,9,,,1,47,,23173,9,,,1,7,,23181,9,,,1,7,,23189,9,,,1,6,,23194,9,,,1,7,,23199,9,,,1,7,,23067,9,,,1,7,,23075,9,,,1,7,,23078,9,,,1,47,,23085,9,,,1,6,,23092,9,,,1,7,,23100,9,,,1,7,,23108,9,,,1,7,,23116,9,,,1,7,,23124,9,,,1,7,,23129,9,,,1,6,,23134,9,,,1,7,,23145,9,,,1,47,,23152,9,,,1,7,,23161,9,,,1,7,,23167,9,,,1,7,,23174,9,,,1,6,,23182,9,,,1,7,,23190,9,,,1,7,,23195,9,,,1,7,,23200,9,,,1,7,,23068,9,,,1,46,,23076,9,,,1,7,,23079,9,,,1,8,,23086,9,,,1,7,,23093,9,,,1,7,,23101,9,,,1,8,,23109,9,,,1,7,,23117,9,,,1,7,,23125,9,,,1,48,,23130,9,,,1,7,,23135,9,,,1,7,,23146,9,,,1,8,,23153,9,,,1,7,,23162,9,,,1,7,,23168,9,,,1,8,,23175,9,,,1,7,,23183,9,,,1,48,,23196,9,,,1,7,,23201,9,,,1,8,,23069,9,,,1,8,,23077,9,,,1,8,,23080,9,,,1,8,,23087,9,,,1,7,,23094,9,,,1,8,,23102,9,,,1,48,,23110,9,,,1,8,,23118,9,,,1,8,,23131,9,,,1,8,,23136,9,,,1,7,,23147,9,,,1,8,,23154,9,,,1,8,,23163,9,,,1,8,,23169,9,,,1,48,,23176,9,,,1,9,,23184,9,,,1,8,,23197,9,,,1,9,,23202,9,,,1,8,,23070,9,,,1,9,,23081,9,,,1,8,,23088,9,,,1,49,,23095,9,,,1,8,,23103,9,,,1,9,,23111,9,,,1,9,,23119,9,,,1,9,,23132,9,,,1,8,,23137,9,,,1,9,,23148,9,,,1,50,,23155,9,,,1,10,,23164,9,,,1,10,,23177,9,,,1,10,,23185,9,,,1,10,,23198,9,,,1,10,,23203,9,,,1,50,,23071,9,,,1,10,,23082,9,,,1,10,,23096,9,,,1,10,,23104,9,,,1,10,,23112,9,,,1,10,,23120,9,,,1,50,,23133,9,,,1,10,,23138,9,,,1,10,,23149,9,,,1,10,,23156,9,,,1,10,,23165,9,,,1
201,'GLOBAUX-01-S',538,,23391,9,,,1,6,,23405,9,,,1,6,,23411,9,,,1,6,,23418,9,,,1,46,,23424,9,,,1,6,,23204,9,,,1,6,,23206,9,,,1,6,,23224,9,,,1,6,,23226,9,,,1,5,,23238,9,,,1,5,,23243,9,,,1,5,,23251,9,,,1,5,,23276,9,,,1,4,,23277,9,,,1,4,,23279,9,,,1,4,,23288,9,,,1,44,,23297,9,,,1,4,,23305,9,,,1,3,,23308,9,,,1,4,,23313,9,,,1,3,,23322,9,,,1,4,,23327,9,,,1,2,,23331,9,,,1,3,,23339,9,,,1,3,,23344,9,,,1,3,,23346,9,,,1,3,,23351,9,,,1,3,,23366,9,,,1,3,,23375,6,,,1,3,,23383,9,,,1,3,,23384,9,,,1,3,,23385,6,,,1,3,,23390,9,,,1,3,,23392,9,,,1,3,,23394,9,,,1,43,,23401,6,,,1,3,,23406,9,,,1,2,,23412,9,,,1,3,,23417,9,,,1,3,,23419,9,,,1,3,,23425,9,,,1,3,,23434,9,,,1,3,,23442,6,,,1,3,,23205,9,,,1,3,,23207,9,,,1,3,,23216,9,,,1,3,,23225,9,,,1,2,,23227,9,,,1,3,,23234,6,,,1,3,,23235,9,,,1,3,,23239,9,,,1,3,,23244,9,,,1,3,,23252,9,,,1,3,,23259,9,,,1,3,,23260,9,,,1,3,,23271,9,,,1,43,,23278,9,,,1,3,,23280,9,,,1,4,,23289,9,,,1,3,,23298,9,,,1,4,,23306,9,,,1,3,,23309,9,,,1,4,,23314,9,,,1,4,,23318,9,,,1,3,,23323,9,,,1,4,,23328,9,,,1,4,,23332,9,,,1,4,,23340,9,,,1,5,,23345,9,,,1,5,,23352,9,,,1,5,,23367,9,,,1,45,,23376,9,,,1,5,,23386,9,,,1,5,,23395,9,,,1,6,,23407,9,,,1,6,,23413,9,,,1,6,,23426,9,,,1,6,,23435,9,,,1,6,,23208,9,,,1,6,,23217,9,,,1,6,,23228,9,,,1,46,,23240,9,,,1,6,,23253,9,,,1,6,,23261,9,,,1,6,,23272,9,,,1,6,,23281,9,,,1,6,,23290,9,,,1,6,,23299,9,,,1,6,,23310,9,,,1,6,,23319,9,,,1,6,,23324,9,,,1,46,,23333,9,,,1,6,,23341,9,,,1,6,,23353,9,,,1,6,,23368,9,,,1,6,,23377,9,,,1,6,,23387,9,,,1,6,,23396,9,,,1,6,,23408,9,,,1,6,,23414,9,,,1,6,,23427,9,,,1,46,,23436,9,,,1,6,,23209,9,,,1,6,,23218,9,,,1,6,,23229,9,,,1,6,,23241,9,,,1,6,,23254,9,,,1,6,,23262,9,,,1,6,,23273,9,,,1,6,,23282,9,,,1,6,,23291,9,,,1,46,,23300,9,,,1,6,,23311,9,,,1,6,,23320,9,,,1,6,,23325,9,,,1,6,,23334,9,,,1,6,,23342,9,,,1,6,,23354,9,,,1,6,,23369,9,,,1,6,,23378,9,,,1,6,,23388,9,,,1,46,,23397,9,,,1,6,,23409,9,,,1,5,,23415,9,,,1,5,,23428,9,,,1,5,,23437,9,,,1,5,,23210,9,,,1,5,,23212,9,,,1,4,,23219,9,,,1,5,,23230,9,,,1,3,,23236,9,,,1,4,,23242,9,,,1,3,,23248,9,,,1,4,,23255,9,,,1,3,,23263,9,,,1,43,,23267,9,,,1,3,,23274,9,,,1,3,,23283,9,,,1,4,,23284,9,,,1,3,,23292,9,,,1,3,,23296,9,,,1,3,,23301,9,,,1,4,,23307,9,,,1,3,,23312,9,,,1,3,,23315,9,,,1,3,,23321,9,,,1,4,,23326,9,,,1,3,,23329,9,,,1,3,,23335,9,,,1,3,,23343,9,,,1,3,,23347,9,,,1,3,,23355,9,,,1,4,,23358,9,,,1,3,,23362,9,,,1,43,,23370,9,,,1,3,,23374,9,,,1,3,,23379,9,,,1,4,,23389,9,,,1,3,,23393,9,,,1,3,,23398,9,,,1,3,,23402,9,,,1,3,,23410,9,,,1,3,,23416,9,,,1,4,,23420,9,,,1,3,,23429,9,,,1,3,,23430,9,,,1,4,,23438,9,,,1,3,,23211,9,,,1,4,,23213,9,,,1,4,,23220,9,,,1,4,,23231,9,,,1,4,,23237,9,,,1,44,,23245,9,,,1,3,,23249,9,,,1,5,,23256,9,,,1,4,,23264,9,,,1,5,,23268,9,,,1,5,,23275,9,,,1,5,,23285,9,,,1,4,,23293,9,,,1,5,,23302,9,,,1,5,,23316,9,,,1,5,,23330,9,,,1,5,,23336,9,,,1,5,,23348,9,,,1,45,,23356,9,,,1,5,,23359,9,,,1,5,,23363,9,,,1,6,,23371,9,,,1,6,,23380,9,,,1,6,,23399,9,,,1,6,,23403,9,,,1,6,,23421,9,,,1,6,,23431,9,,,1,6,,23439,9,,,1,46,,23214,9,,,1,6,,23221,9,,,1,6,,23232,9,,,1,6,,23246,9,,,1,6,,23250,9,,,1,6,,23257,9,,,1,6,,23265,9,,,1,6,,23269,9,,,1,6,,23286,9,,,1,6,,23294,9,,,1,46,,23303,9,,,1,6,,23317,9,,,1,6,,23337,9,,,1,6,,23349,9,,,1,6,,23357,9,,,1,6,,23360,9,,,1,6,,23364,9,,,1,6,,23372,9,,,1,6,,23381,9,,,1,6,,23400,9,,,1,46,,23404,9,,,1,6,,23422,9,,,1,6,,23432,9,,,1,6,,23440,9,,,1,6,,23215,9,,,1,6,,23222,9,,,1,6,,23233,9,,,1,7,,23247,9,,,1,7,,23258,9,,,1,7,,23266,9,,,1,47,,23270,9,,,1,7,,23287,9,,,1,7,,23295,9,,,1,7,,23304,9,,,1,8,,23338,9,,,1,8,,23350,9,,,1,7,,23361,9,,,1,8,,23365,9,,,1,48,,23373,9,,,1,8,,23382,9,,,1,8,,23423,9,,,1,8,,23433,9,,,1,8,,23441,9,,,1,8,,23223,9,,,1
