500,'GLOBAUX-01-A',530,,24707,1,,,1,10,,24725,1,,,1,10,,24743,1,,,1,50,,24760,1,,,1,10,,24777,1,,,1,10,,24805,1,,,1,10,,24822,1,,,1,10,,24708,1,,,1,10,,24726,1,,,1,50,,24744,1,,,1,10,,24761,1,,,1,10,,24778,1,,,1,10,,24806,1,,,1,10,,24823,1,,,1,10,,24709,1,,,1,50,,24727,1,,,1,10,,24745,1,,,1,10,,24762,1,,,1,10,,24779,1,,,1,10,,24807,1,,,1,10,,24824,1,,,1,50,,24710,1,,,1,10,,24728,1,,,1,10,,24746,1,,,1,10,,24763,1,,,1,8,,24780,1,,,1,9,,24794,1,,,1,8,,24808,1,,,1,49,,24825,1,,,1,8,,24711,1,,,1,9,,24729,1,,,1,8,,24747,1,,,1,9,,24764,1,,,1,8,,24781,1,,,1,9,,24795,1,,,1,48,,24809,1,,,1,9,,24826,1,,,1,8,,24712,1,,,1,9,,24730,1,,,1,8,,24748,1,,,1,9,,24765,1,,,1,8,,24782,1,,,1,49,,24796,1,,,1,8,,24810,1,,,1,9,,24827,1,,,1,8,,24713,1,,,1,9,,24731,1,,,1,8,,24749,1,,,1,9,,24766,1,,,1,48,,24783,1,,,1,9,,24797,1,,,1,8,,24811,1,,,1,9,,24828,1,,,1,8,,24714,1,,,1,9,,24732,1,,,1,8,,24750,1,,,1,49,,24767,1,,,1,8,,24784,1,,,1,9,,24798,1,,,1,8,,24812,1,,,1,9,,24829,1,,,1,8,,24715,1,,,1,9,,24733,1,,,1,48,,24751,1,,,1,9,,24768,1,,,1,8,,24785,1,,,1,9,,24799,1,,,1,8,,24813,1,,,1,9,,24830,1,,,1,8,,24716,1,,,1,49,,24734,1,,,1,8,,24752,1,,,1,9,,24769,1,,,1,8,,24786,1,,,1,9,,24800,1,,,1,8,,24814,1,,,1,9,,24831,1,,,1,48,,24717,1,,,1,9,,24735,1,,,1,8,,24753,1,,,1,9,,24770,1,,,1,8,,24787,1,,,1,9,,24801,1,,,1,8,,24815,1,,,1,49,,24832,1,,,1,8,,24718,1,,,1,9,,24736,1,,,1,8,,24754,1,,,1,9,,24771,1,,,1,8,,24788,1,,,1,9,,24802,1,,,1,8,,24816,1,,,1,49,,24833,1,,,1,8,,24719,1,,,1,9,,24737,1,,,1,8,,24755,1,,,1,9,,24772,1,,,1,8,,24789,1,,,1,9,,24803,1,,,1,48,,24817,1,,,1,9,,24834,1,,,1,8,,24720,1,,,1,9,,24738,1,,,1,8,,24756,1,,,1,9,,24773,1,,,1,8,,24790,1,,,1,49,,24804,1,,,1,8,,24818,1,,,1,10,,24835,1,,,1,10,,24721,1,,,1,10,,24739,1,,,1,10,,24757,1,,,1,50,,24774,1,,,1,10,,24791,1,,,1,10,,24819,1,,,1,10,,24836,1,,,1,10,,24722,1,,,1,10,,24740,1,,,1,50,,24758,1,,,1,10,,24775,1,,,1,10,,24792,1,,,1,10,,24820,1,,,1,10,,24837,1,,,1,10,,24723,1,,,1,50,,24741,1,,,1,10,,24759,1,,,1,10,,24776,1,,,1,10,,24793,1,,,1,10,,24821,1,,,1,10,,24838,1,,,1,50,,24724,1,,,1,10,,24742,1,,,1
500,'GLOBAUX-01-F1',530,,24839,1,,,1,10,,24856,1,,,1,10,,24873,1,,,1,50,,24890,1,,,1,10,,24907,1,,,1,10,,24938,1,,,1,10,,24951,1,,,1,10,,24840,1,,,1,10,,24857,1,,,1,50,,24874,1,,,1,10,,24891,1,,,1,10,,24908,1,,,1,10,,24939,1,,,1,10,,24952,1,,,1,10,,24841,1,,,1,50,,24858,1,,,1,10,,24875,1,,,1,10,,24892,1,,,1,10,,24909,1,,,1,10,,24940,1,,,1,10,,24953,1,,,1,50,,24842,1,,,1,10,,24859,1,,,1,10,,24876,1,,,1,10,,24893,1,,,1,8,,24910,1,,,1,9,,24924,1,,,1,8,,24941,1,,,1,49,,24954,1,,,1,8,,24843,1,,,1,9,,24860,1,,,1,8,,24877,1,,,1,9,,24894,1,,,1,8,,24911,1,,,1,9,,24925,1,,,1,48,,24942,1,,,1,9,,24955,1,,,1,8,,24844,1,,,1,9,,24861,1,,,1,8,,24878,1,,,1,9,,24895,1,,,1,8,,24912,1,,,1,49,,24926,1,,,1,8,,24943,1,,,1,9,,24956,1,,,1,8,,24845,1,,,1,9,,24862,1,,,1,8,,24879,1,,,1,9,,24896,1,,,1,48,,24913,1,,,1,9,,24927,1,,,1,8,,24944,1,,,1,9,,24957,1,,,1,8,,24846,1,,,1,9,,24863,1,,,1,8,,24880,1,,,1,49,,24897,1,,,1,8,,24914,1,,,1,9,,24928,1,,,1,8,,24945,1,,,1,9,,24958,1,,,1,8,,24847,1,,,1,9,,24864,1,,,1,48,,24881,1,,,1,9,,24898,1,,,1,8,,24915,1,,,1,9,,24929,1,,,1,8,,24946,1,,,1,9,,24959,1,,,1,8,,24848,1,,,1,49,,24865,1,,,1,8,,24882,1,,,1,9,,24899,1,,,1,8,,24916,1,,,1,9,,24930,1,,,1,8,,24947,1,,,1,9,,24960,1,,,1,48,,24849,1,,,1,9,,24866,1,,,1,8,,24883,1,,,1,9,,24900,1,,,1,8,,24917,1,,,1,9,,24931,1,,,1,8,,24948,1,,,1,49,,24961,1,,,1,8,,24850,1,,,1,9,,24867,1,,,1,8,,24884,1,,,1,9,,24901,1,,,1,8,,24918,1,,,1,9,,24932,1,,,1,8,,24949,1,,,1,49,,24962,1,,,1,8,,24851,1,,,1,9,,24868,1,,,1,8,,24885,1,,,1,9,,24902,1,,,1,8,,24919,1,,,1,9,,24933,1,,,1,48,,24950,1,,,1,9,,24963,1,,,1,9,,24852,1,,,1,10,,24869,1,,,1,10,,24886,1,,,1,10,,24903,1,,,1,50,,24920,1,,,1,10,,24934,1,,,1,10,,24964,1,,,1,10,,24853,1,,,1,10,,24870,1,,,1,10,,24887,1,,,1,50,,24904,1,,,1,10,,24921,1,,,1,10,,24935,1,,,1,10,,24965,1,,,1,10,,24854,1,,,1,10,,24871,1,,,1,50,,24888,1,,,1,10,,24905,1,,,1,10,,24922,1,,,1,10,,24936,1,,,1,10,,24966,1,,,1,10,,24855,1,,,1,50,,24872,1,,,1,10,,24889,1,,,1,10,,24906,1,,,1,10,,24923,1,,,1,10,,24937,1,,,1
500,'GLOBAUX-01-F2',530,,24967,1,,,1,10,,24984,1,,,1,10,,25001,1,,,1,50,,25018,1,,,1,10,,25035,1,,,1,10,,25066,1,,,1,10,,25079,1,,,1,10,,24968,1,,,1,10,,24985,1,,,1,50,,25002,1,,,1,10,,25019,1,,,1,10,,25036,1,,,1,10,,25067,1,,,1,10,,25080,1,,,1,10,,24969,1,,,1,50,,24986,1,,,1,10,,25003,1,,,1,10,,25020,1,,,1,10,,25037,1,,,1,10,,25068,1,,,1,10,,25081,1,,,1,50,,24970,1,,,1,10,,24987,1,,,1,10,,25004,1,,,1,10,,25021,1,,,1,8,,25038,1,,,1,9,,25052,1,,,1,8,,25069,1,,,1,49,,25082,1,,,1,8,,24971,1,,,1,9,,24988,1,,,1,8,,25005,1,,,1,9,,25022,1,,,1,8,,25039,1,,,1,9,,25053,1,,,1,48,,25070,1,,,1,9,,25083,1,,,1,8,,24972,1,,,1,9,,24989,1,,,1,8,,25006,1,,,1,9,,25023,1,,,1,8,,25040,1,,,1,49,,25054,1,,,1,8,,25071,1,,,1,9,,25084,1,,,1,8,,24973,1,,,1,9,,24990,1,,,1,8,,25007,1,,,1,9,,25024,1,,,1,48,,25041,1,,,1,9,,25055,1,,,1,8,,25072,1,,,1,9,,25085,1,,,1,8,,24974,1,,,1,9,,24991,1,,,1,8,,25008,1,,,1,49,,25025,1,,,1,8,,25042,1,,,1,9,,25056,1,,,1,8,,25073,1,,,1,9,,25086,1,,,1,8,,24975,1,,,1,9,,24992,1,,,1,48,,25009,1,,,1,9,,25026,1,,,1,8,,25043,1,,,1,9,,25057,1,,,1,8,,25074,1,,,1,9,,25087,1,,,1,8,,24976,1,,,1,49,,24993,1,,,1,8,,25010,1,,,1,9,,25027,1,,,1,8,,25044,1,,,1,9,,25058,1,,,1,8,,25075,1,,,1,9,,25088,1,,,1,48,,24977,1,,,1,9,,24994,1,,,1,8,,25011,1,,,1,9,,25028,1,,,1,8,,25045,1,,,1,9,,25059,1,,,1,8,,25076,1,,,1,49,,25089,1,,,1,8,,24978,1,,,1,9,,24995,1,,,1,8,,25012,1,,,1,9,,25029,1,,,1,8,,25046,1,,,1,9,,25060,1,,,1,8,,25077,1,,,1,49,,25090,1,,,1,8,,24979,1,,,1,9,,24996,1,,,1,8,,25013,1,,,1,9,,25030,1,,,1,8,,25047,1,,,1,9,,25061,1,,,1,48,,25078,1,,,1,9,,25091,1,,,1,9,,24980,1,,,1,10,,24997,1,,,1,10,,25014,1,,,1,10,,25031,1,,,1,50,,25048,1,,,1,10,,25062,1,,,1,10,,25092,1,,,1,10,,24981,1,,,1,10,,24998,1,,,1,10,,25015,1,,,1,50,,25032,1,,,1,10,,25049,1,,,1,10,,25063,1,,,1,10,,25093,1,,,1,10,,24982,1,,,1,10,,24999,1,,,1,50,,25016,1,,,1,10,,25033,1,,,1,10,,25050,1,,,1,10,,25064,1,,,1,10,,25094,1,,,1,10,,24983,1,,,1,50,,25000,1,,,1,10,,25017,1,,,1,10,,25034,1,,,1,10,,25051,1,,,1,10,,25065,1,,,1
500,'GLOBAUX-01-I',530,,25095,1,,,1,10,,25112,1,,,1,10,,25129,1,,,1,50,,25146,1,,,1,10,,25163,1,,,1,10,,25194,1,,,1,10,,25207,1,,,1,10,,25096,1,,,1,10,,25113,1,,,1,50,,25130,1,,,1,10,,25147,1,,,1,10,,25164,1,,,1,10,,25195,1,,,1,10,,25208,1,,,1,10,,25097,1,,,1,50,,25114,1,,,1,10,,25131,1,,,1,10,,25148,1,,,1,10,,25165,1,,,1,10,,25196,1,,,1,10,,25209,1,,,1,50,,25098,1,,,1,10,,25115,1,,,1,10,,25132,1,,,1,10,,25149,1,,,1,8,,25166,1,,,1,9,,25180,1,,,1,8,,25197,1,,,1,49,,25210,1,,,1,8,,25099,1,,,1,9,,25116,1,,,1,8,,25133,1,,,1,9,,25150,1,,,1,8,,25167,1,,,1,9,,25181,1,,,1,48,,25198,1,,,1,9,,25211,1,,,1,8,,25100,1,,,1,9,,25117,1,,,1,8,,25134,1,,,1,9,,25151,1,,,1,8,,25168,1,,,1,49,,25182,1,,,1,8,,25199,1,,,1,9,,25212,1,,,1,8,,25101,1,,,1,9,,25118,1,,,1,8,,25135,1,,,1,9,,25152,1,,,1,48,,25169,1,,,1,9,,25183,1,,,1,8,,25200,1,,,1,9,,25213,1,,,1,8,,25102,1,,,1,9,,25119,1,,,1,8,,25136,1,,,1,49,,25153,1,,,1,8,,25170,1,,,1,9,,25184,1,,,1,8,,25201,1,,,1,9,,25214,1,,,1,8,,25103,1,,,1,9,,25120,1,,,1,48,,25137,1,,,1,9,,25154,1,,,1,8,,25171,1,,,1,9,,25185,1,,,1,8,,25202,1,,,1,9,,25215,1,,,1,8,,25104,1,,,1,49,,25121,1,,,1,8,,25138,1,,,1,9,,25155,1,,,1,8,,25172,1,,,1,9,,25186,1,,,1,8,,25203,1,,,1,9,,25216,1,,,1,48,,25105,1,,,1,9,,25122,1,,,1,8,,25139,1,,,1,9,,25156,1,,,1,8,,25173,1,,,1,9,,25187,1,,,1,8,,25204,1,,,1,49,,25217,1,,,1,8,,25106,1,,,1,9,,25123,1,,,1,8,,25140,1,,,1,9,,25157,1,,,1,8,,25174,1,,,1,9,,25188,1,,,1,8,,25205,1,,,1,49,,25218,1,,,1,8,,25107,1,,,1,9,,25124,1,,,1,8,,25141,1,,,1,9,,25158,1,,,1,8,,25175,1,,,1,9,,25189,1,,,1,48,,25206,1,,,1,9,,25219,1,,,1,9,,25108,1,,,1,10,,25125,1,,,1,10,,25142,1,,,1,10,,25159,1,,,1,50,,25176,1,,,1,10,,25190,1,,,1,10,,25220,1,,,1,10,,25109,1,,,1,10,,25126,1,,,1,10,,25143,1,,,1,50,,25160,1,,,1,10,,25177,1,,,1,10,,25191,1,,,1,10,,25221,1,,,1,10,,25110,1,,,1,10,,25127,1,,,1,50,,25144,1,,,1,10,,25161,1,,,1,10,,25178,1,,,1,10,,25192,1,,,1,10,,25222,1,,,1,10,,25111,1,,,1,50,,25128,1,,,1,10,,25145,1,,,1,10,,25162,1,,,1,10,,25179,1,,,1,10,,25193,1,,,1
500,'GLOBAUX-01-S',530,,25223,1,,,1,8,,25235,1,,,1,8,,25239,1,,,1,8,,25263,1,,,1,48,,25301,1,,,1,6,,25328,1,,,1,5,,25345,1,,,1,6,,25348,1,,,1,5,,25375,1,,,1,4,,25386,1,,,1,5,,25389,1,,,1,4,,25401,1,,,1,5,,25224,1,,,1,4,,25236,1,,,1,5,,25240,1,,,1,4,,25264,1,,,1,45,,25281,1,,,1,4,,25284,1,,,1,5,,25302,1,,,1,4,,25309,1,,,1,5,,25329,1,,,1,4,,25346,1,,,1,5,,25349,1,,,1,4,,25376,1,,,1,5,,25387,1,,,1,4,,25390,1,,,1,5,,25402,1,,,1,4,,25225,1,,,1,5,,25237,1,,,1,4,,25241,1,,,1,44,,25265,1,,,1,3,,25282,1,,,1,4,,25285,1,,,1,3,,25303,1,,,1,4,,25304,1,,,1,3,,25310,1,,,1,4,,25330,1,,,1,3,,25347,1,,,1,4,,25350,1,,,1,4,,25360,1,,,1,5,,25377,1,,,1,4,,25388,1,,,1,5,,25391,1,,,1,4,,25403,1,,,1,5,,25226,1,,,1,44,,25238,1,,,1,5,,25242,1,,,1,4,,25266,1,,,1,5,,25283,1,,,1,4,,25286,1,,,1,5,,25305,1,,,1,4,,25311,1,,,1,7,,25331,1,,,1,7,,25361,1,,,1,7,,25378,1,,,1,8,,25404,1,,,1,47,,25227,1,,,1,7,,25243,1,,,1,7,,25267,1,,,1,8,,25287,1,,,1,7,,25312,1,,,1,7,,25332,1,,,1,7,,25362,1,,,1,8,,25379,1,,,1,47,,25405,1,,,1,7,,25228,1,,,1,7,,25244,1,,,1,8,,25268,1,,,1,7,,25288,1,,,1,7,,25313,1,,,1,7,,25333,1,,,1,8,,25363,1,,,1,47,,25380,1,,,1,7,,25406,1,,,1,7,,25229,1,,,1,8,,25245,1,,,1,7,,25269,1,,,1,7,,25289,1,,,1,7,,25314,1,,,1,8,,25334,1,,,1,7,,25364,1,,,1,47,,25381,1,,,1,7,,25407,1,,,1,8,,25230,1,,,1,7,,25246,1,,,1,7,,25270,1,,,1,7,,25290,1,,,1,8,,25315,1,,,1,7,,25335,1,,,1,47,,25365,1,,,1,7,,25382,1,,,1,8,,25408,1,,,1,7,,25231,1,,,1,7,,25247,1,,,1,7,,25271,1,,,1,8,,25291,1,,,1,7,,25316,1,,,1,46,,25336,1,,,1,5,,25351,1,,,1,5,,25366,1,,,1,6,,25383,1,,,1,5,,25392,1,,,1,5,,25409,1,,,1,5,,25232,1,,,1,5,,25248,1,,,1,4,,25257,1,,,1,5,,25272,1,,,1,5,,25292,1,,,1,5,,25306,1,,,1,45,,25317,1,,,1,5,,25325,1,,,1,4,,25337,1,,,1,5,,25352,1,,,1,5,,25367,1,,,1,5,,25384,1,,,1,5,,25393,1,,,1,5,,25410,1,,,1,4,,25233,1,,,1,5,,25249,1,,,1,5,,25258,1,,,1,5,,25273,1,,,1,5,,25293,1,,,1,45,,25307,1,,,1,4,,25318,1,,,1,5,,25326,1,,,1,5,,25338,1,,,1,5,,25353,1,,,1,5,,25368,1,,,1,5,,25385,1,,,1,4,,25394,1,,,1,5,,25411,1,,,1,5,,25234,1,,,1,5,,25250,1,,,1,5,,25259,1,,,1,45,,25274,1,,,1,6,,25294,1,,,1,5,,25308,1,,,1,5,,25319,1,,,1,7,,25327,1,,,1,6,,25339,1,,,1,7,,25354,1,,,1,6,,25369,1,,,1,7,,25395,1,,,1,6,,25412,1,,,1,47,,25251,1,,,1,6,,25260,1,,,1,7,,25275,1,,,1,6,,25295,1,,,1,7,,25320,1,,,1,6,,25340,1,,,1,7,,25355,1,,,1,6,,25370,1,,,1,7,,25396,1,,,1,46,,25413,1,,,1,7,,25252,1,,,1,6,,25261,1,,,1,7,,25276,1,,,1,6,,25296,1,,,1,7,,25321,1,,,1,6,,25341,1,,,1,7,,25356,1,,,1,6,,25371,1,,,1,47,,25397,1,,,1,6,,25414,1,,,1,7,,25253,1,,,1,6,,25262,1,,,1,7,,25277,1,,,1,6,,25297,1,,,1,7,,25322,1,,,1,6,,25342,1,,,1,7,,25357,1,,,1,6,,25372,1,,,1,47,,25398,1,,,1,6,,25415,1,,,1,7,,25254,1,,,1,8,,25278,1,,,1,8,,25298,1,,,1,8,,25323,1,,,1,8,,25343,1,,,1,8,,25358,1,,,1,48,,25373,1,,,1,8,,25399,1,,,1,8,,25255,1,,,1,8,,25279,1,,,1,8,,25299,1,,,1,8,,25324,1,,,1,8,,25344,1,,,1,48,,25359,1,,,1,8,,25374,1,,,1,8,,25400,1,,,1,8,,25256,1,,,1,9,,25280,1,,,1,10,,25300,1,,,1
501,'GLOBAUX-01-A',545,,25484,12,4,,1,10,,25513,12,4,,1,50,,25531,12,4,,1,10,,25416,12,4,,1,10,,25433,12,4,,1,10,,25450,12,4,,1,10,,25467,12,4,,1,10,,25485,12,4,,1,50,,25514,12,4,,1,10,,25532,12,4,,1,10,,25417,12,4,,1,10,,25434,12,4,,1,10,,25451,12,4,,1,10,,25468,12,4,,1,50,,25486,12,4,,1,10,,25515,12,4,,1,10,,25533,12,4,,1,10,,25418,12,4,,1,10,,25435,12,4,,1,10,,25452,12,4,,1,50,,25469,12,4,,1,9,,25487,12,4,,1,9,,25502,12,4,,1,8,,25516,12,4,,1,9,,25534,12,4,,1,8,,25419,12,4,,1,9,,25436,12,4,,1,48,,25453,12,4,,1,9,,25470,12,4,,1,8,,25488,12,4,,1,9,,25503,12,4,,1,8,,25517,12,4,,1,9,,25535,12,4,,1,8,,25420,12,4,,1,49,,25437,12,4,,1,8,,25454,12,4,,1,9,,25471,12,4,,1,8,,25489,12,4,,1,9,,25504,12,4,,1,8,,25518,12,4,,1,9,,25536,12,4,,1,48,,25421,12,4,,1,9,,25438,12,4,,1,8,,25455,12,4,,1,9,,25472,12,4,,1,8,,25490,12,4,,1,9,,25505,12,4,,1,8,,25519,12,4,,1,49,,25537,12,4,,1,8,,25422,12,4,,1,9,,25439,12,4,,1,8,,25456,12,4,,1,9,,25473,12,4,,1,8,,25491,12,4,,1,9,,25506,12,4,,1,48,,25520,12,4,,1,9,,25538,12,4,,1,8,,25423,12,4,,1,9,,25440,12,4,,1,8,,25457,12,4,,1,9,,25474,12,4,,1,8,,25492,12,4,,1,49,,25507,12,4,,1,8,,25521,12,4,,1,9,,25539,12,4,,1,8,,25424,12,4,,1,9,,25441,12,4,,1,8,,25458,12,4,,1,9,,25475,12,4,,1,48,,25493,12,4,,1,9,,25508,12,4,,1,8,,25522,12,4,,1,9,,25540,12,4,,1,9,,25425,12,4,,1,8,,25442,12,4,,1,9,,25459,12,4,,1,48,,25476,12,4,,1,9,,25494,12,4,,1,8,,25509,12,4,,1,9,,25523,12,4,,1,8,,25541,12,4,,1,9,,25426,12,4,,1,8,,25443,12,4,,1,48,,25460,12,4,,1,9,,25477,12,4,,1,8,,25495,12,4,,1,9,,25510,12,4,,1,8,,25524,12,4,,1,9,,25542,12,4,,1,8,,25427,12,4,,1,49,,25444,12,4,,1,8,,25461,12,4,,1,9,,25478,12,4,,1,8,,25496,12,4,,1,8,,25511,12,4,,1,9,,25525,12,4,,1,8,,25543,12,4,,1,49,,25428,12,4,,1,8,,25445,12,4,,1,9,,25462,12,4,,1,8,,25479,12,4,,1,9,,25497,12,4,,1,8,,25512,12,4,,1,9,,25526,12,4,,1,49,,25544,12,4,,1,10,,25429,12,4,,1,10,,25446,12,4,,1,10,,25463,12,4,,1,10,,25480,12,4,,1,10,,25498,12,4,,1,50,,25527,12,4,,1,10,,25545,12,4,,1,10,,25430,12,4,,1,10,,25447,12,4,,1,10,,25464,12,4,,1,10,,25481,12,4,,1,50,,25499,12,4,,1,10,,25528,12,4,,1,10,,25546,12,4,,1,10,,25431,12,4,,1,10,,25448,12,4,,1,10,,25465,12,4,,1,50,,25482,12,4,,1,10,,25500,12,4,,1,10,,25529,12,4,,1,10,,25547,12,4,,1,10,,25432,12,4,,1,10,,25449,12,4,,1,50,,25466,12,4,,1,10,,25483,12,4,,1,10,,25501,12,4,,1,10,,25530,12,4,,1
501,'GLOBAUX-01-F1',545,,25615,12,4,,1,10,,25646,12,4,,1,50,,25659,12,4,,1,10,,25548,12,4,,1,10,,25565,12,4,,1,10,,25582,12,4,,1,10,,25599,12,4,,1,10,,25616,12,4,,1,50,,25647,12,4,,1,10,,25660,12,4,,1,10,,25549,12,4,,1,10,,25566,12,4,,1,10,,25583,12,4,,1,10,,25600,12,4,,1,50,,25617,12,4,,1,10,,25648,12,4,,1,10,,25661,12,4,,1,10,,25550,12,4,,1,10,,25567,12,4,,1,10,,25584,12,4,,1,50,,25601,12,4,,1,9,,25618,12,4,,1,8,,25632,12,4,,1,9,,25649,12,4,,1,8,,25662,12,4,,1,9,,25551,12,4,,1,8,,25568,12,4,,1,49,,25585,12,4,,1,8,,25602,12,4,,1,9,,25619,12,4,,1,8,,25633,12,4,,1,9,,25650,12,4,,1,8,,25663,12,4,,1,9,,25552,12,4,,1,48,,25569,12,4,,1,9,,25586,12,4,,1,8,,25603,12,4,,1,9,,25620,12,4,,1,8,,25634,12,4,,1,9,,25651,12,4,,1,9,,25664,12,4,,1,48,,25553,12,4,,1,9,,25570,12,4,,1,8,,25587,12,4,,1,9,,25604,12,4,,1,8,,25621,12,4,,1,9,,25635,12,4,,1,8,,25652,12,4,,1,49,,25665,12,4,,1,8,,25554,12,4,,1,9,,25571,12,4,,1,8,,25588,12,4,,1,9,,25605,12,4,,1,8,,25622,12,4,,1,9,,25636,12,4,,1,48,,25653,12,4,,1,9,,25666,12,4,,1,8,,25555,12,4,,1,9,,25572,12,4,,1,8,,25589,12,4,,1,9,,25606,12,4,,1,8,,25623,12,4,,1,49,,25637,12,4,,1,8,,25654,12,4,,1,9,,25667,12,4,,1,8,,25556,12,4,,1,9,,25573,12,4,,1,8,,25590,12,4,,1,9,,25607,12,4,,1,48,,25624,12,4,,1,9,,25638,12,4,,1,8,,25655,12,4,,1,9,,25668,12,4,,1,8,,25557,12,4,,1,9,,25574,12,4,,1,8,,25591,12,4,,1,49,,25608,12,4,,1,8,,25625,12,4,,1,9,,25639,12,4,,1,8,,25656,12,4,,1,9,,25669,12,4,,1,8,,25558,12,4,,1,9,,25575,12,4,,1,48,,25592,12,4,,1,9,,25609,12,4,,1,8,,25626,12,4,,1,8,,25640,12,4,,1,9,,25657,12,4,,1,8,,25670,12,4,,1,9,,25559,12,4,,1,48,,25576,12,4,,1,9,,25593,12,4,,1,8,,25610,12,4,,1,9,,25627,12,4,,1,8,,25641,12,4,,1,9,,25658,12,4,,1,8,,25671,12,4,,1,49,,25560,12,4,,1,10,,25577,12,4,,1,10,,25594,12,4,,1,10,,25611,12,4,,1,10,,25628,12,4,,1,10,,25642,12,4,,1,50,,25672,12,4,,1,10,,25561,12,4,,1,10,,25578,12,4,,1,10,,25595,12,4,,1,10,,25612,12,4,,1,10,,25629,12,4,,1,50,,25643,12,4,,1,10,,25673,12,4,,1,10,,25562,12,4,,1,10,,25579,12,4,,1,10,,25596,12,4,,1,10,,25613,12,4,,1,50,,25630,12,4,,1,10,,25644,12,4,,1,10,,25674,12,4,,1,10,,25563,12,4,,1,10,,25580,12,4,,1,10,,25597,12,4,,1,50,,25614,12,4,,1,10,,25631,12,4,,1,10,,25645,12,4,,1,10,,25675,12,4,,1,10,,25564,12,4,,1,10,,25581,12,4,,1,50,,25598,12,4,,1
501,'GLOBAUX-01-F2',545,,25743,12,4,,1,10,,25774,12,4,,1,50,,25787,12,4,,1,10,,25676,12,4,,1,10,,25693,12,4,,1,10,,25710,12,4,,1,10,,25727,12,4,,1,10,,25744,12,4,,1,50,,25775,12,4,,1,10,,25788,12,4,,1,10,,25677,12,4,,1,10,,25694,12,4,,1,10,,25711,12,4,,1,10,,25728,12,4,,1,50,,25745,12,4,,1,10,,25776,12,4,,1,10,,25789,12,4,,1,10,,25678,12,4,,1,10,,25695,12,4,,1,10,,25712,12,4,,1,50,,25729,12,4,,1,9,,25746,12,4,,1,8,,25760,12,4,,1,9,,25777,12,4,,1,8,,25790,12,4,,1,9,,25679,12,4,,1,8,,25696,12,4,,1,49,,25713,12,4,,1,8,,25730,12,4,,1,9,,25747,12,4,,1,8,,25761,12,4,,1,9,,25778,12,4,,1,8,,25791,12,4,,1,9,,25680,12,4,,1,48,,25697,12,4,,1,9,,25714,12,4,,1,8,,25731,12,4,,1,9,,25748,12,4,,1,8,,25762,12,4,,1,9,,25779,12,4,,1,9,,25792,12,4,,1,48,,25681,12,4,,1,9,,25698,12,4,,1,8,,25715,12,4,,1,9,,25732,12,4,,1,8,,25749,12,4,,1,9,,25763,12,4,,1,8,,25780,12,4,,1,49,,25793,12,4,,1,8,,25682,12,4,,1,9,,25699,12,4,,1,8,,25716,12,4,,1,9,,25733,12,4,,1,8,,25750,12,4,,1,9,,25764,12,4,,1,48,,25781,12,4,,1,9,,25794,12,4,,1,8,,25683,12,4,,1,9,,25700,12,4,,1,8,,25717,12,4,,1,9,,25734,12,4,,1,8,,25751,12,4,,1,49,,25765,12,4,,1,8,,25782,12,4,,1,9,,25795,12,4,,1,8,,25684,12,4,,1,9,,25701,12,4,,1,8,,25718,12,4,,1,9,,25735,12,4,,1,48,,25752,12,4,,1,9,,25766,12,4,,1,8,,25783,12,4,,1,9,,25796,12,4,,1,8,,25685,12,4,,1,9,,25702,12,4,,1,8,,25719,12,4,,1,49,,25736,12,4,,1,8,,25753,12,4,,1,9,,25767,12,4,,1,8,,25784,12,4,,1,9,,25797,12,4,,1,8,,25686,12,4,,1,9,,25703,12,4,,1,48,,25720,12,4,,1,9,,25737,12,4,,1,8,,25754,12,4,,1,8,,25768,12,4,,1,9,,25785,12,4,,1,8,,25798,12,4,,1,9,,25687,12,4,,1,48,,25704,12,4,,1,9,,25721,12,4,,1,8,,25738,12,4,,1,9,,25755,12,4,,1,8,,25769,12,4,,1,9,,25786,12,4,,1,8,,25799,12,4,,1,49,,25688,12,4,,1,10,,25705,12,4,,1,10,,25722,12,4,,1,10,,25739,12,4,,1,10,,25756,12,4,,1,10,,25770,12,4,,1,50,,25800,12,4,,1,10,,25689,12,4,,1,10,,25706,12,4,,1,10,,25723,12,4,,1,10,,25740,12,4,,1,10,,25757,12,4,,1,50,,25771,12,4,,1,10,,25801,12,4,,1,10,,25690,12,4,,1,10,,25707,12,4,,1,10,,25724,12,4,,1,10,,25741,12,4,,1,50,,25758,12,4,,1,10,,25772,12,4,,1,10,,25802,12,4,,1,10,,25691,12,4,,1,10,,25708,12,4,,1,10,,25725,12,4,,1,50,,25742,12,4,,1,10,,25759,12,4,,1,10,,25773,12,4,,1,10,,25803,12,4,,1,10,,25692,12,4,,1,10,,25709,12,4,,1,50,,25726,12,4,,1
501,'GLOBAUX-01-I',545,,25871,12,4,,1,10,,25902,12,4,,1,50,,25915,12,4,,1,10,,25804,12,4,,1,10,,25821,12,4,,1,10,,25838,12,4,,1,10,,25855,12,4,,1,10,,25872,12,4,,1,50,,25903,12,4,,1,10,,25916,12,4,,1,10,,25805,12,4,,1,10,,25822,12,4,,1,10,,25839,12,4,,1,10,,25856,12,4,,1,50,,25873,12,4,,1,10,,25904,12,4,,1,10,,25917,12,4,,1,10,,25806,12,4,,1,10,,25823,12,4,,1,10,,25840,12,4,,1,50,,25857,12,4,,1,9,,25874,12,4,,1,8,,25888,12,4,,1,9,,25905,12,4,,1,8,,25918,12,4,,1,9,,25807,12,4,,1,8,,25824,12,4,,1,49,,25841,12,4,,1,8,,25858,12,4,,1,9,,25875,12,4,,1,8,,25889,12,4,,1,9,,25906,12,4,,1,8,,25919,12,4,,1,9,,25808,12,4,,1,48,,25825,12,4,,1,9,,25842,12,4,,1,8,,25859,12,4,,1,9,,25876,12,4,,1,8,,25890,12,4,,1,9,,25907,12,4,,1,9,,25920,12,4,,1,48,,25809,12,4,,1,9,,25826,12,4,,1,8,,25843,12,4,,1,9,,25860,12,4,,1,8,,25877,12,4,,1,9,,25891,12,4,,1,8,,25908,12,4,,1,49,,25921,12,4,,1,8,,25810,12,4,,1,9,,25827,12,4,,1,8,,25844,12,4,,1,9,,25861,12,4,,1,8,,25878,12,4,,1,9,,25892,12,4,,1,48,,25909,12,4,,1,9,,25922,12,4,,1,8,,25811,12,4,,1,9,,25828,12,4,,1,8,,25845,12,4,,1,9,,25862,12,4,,1,8,,25879,12,4,,1,49,,25893,12,4,,1,8,,25910,12,4,,1,9,,25923,12,4,,1,8,,25812,12,4,,1,9,,25829,12,4,,1,8,,25846,12,4,,1,9,,25863,12,4,,1,48,,25880,12,4,,1,9,,25894,12,4,,1,8,,25911,12,4,,1,9,,25924,12,4,,1,8,,25813,12,4,,1,9,,25830,12,4,,1,8,,25847,12,4,,1,49,,25864,12,4,,1,8,,25881,12,4,,1,9,,25895,12,4,,1,8,,25912,12,4,,1,9,,25925,12,4,,1,8,,25814,12,4,,1,9,,25831,12,4,,1,48,,25848,12,4,,1,9,,25865,12,4,,1,8,,25882,12,4,,1,8,,25896,12,4,,1,9,,25913,12,4,,1,8,,25926,12,4,,1,9,,25815,12,4,,1,48,,25832,12,4,,1,9,,25849,12,4,,1,8,,25866,12,4,,1,9,,25883,12,4,,1,8,,25897,12,4,,1,9,,25914,12,4,,1,8,,25927,12,4,,1,49,,25816,12,4,,1,10,,25833,12,4,,1,10,,25850,12,4,,1,10,,25867,12,4,,1,10,,25884,12,4,,1,10,,25898,12,4,,1,50,,25928,12,4,,1,10,,25817,12,4,,1,10,,25834,12,4,,1,10,,25851,12,4,,1,10,,25868,12,4,,1,10,,25885,12,4,,1,50,,25899,12,4,,1,10,,25929,12,4,,1,10,,25818,12,4,,1,10,,25835,12,4,,1,10,,25852,12,4,,1,10,,25869,12,4,,1,50,,25886,12,4,,1,10,,25900,12,4,,1,10,,25930,12,4,,1,10,,25819,12,4,,1,10,,25836,12,4,,1,10,,25853,12,4,,1,50,,25870,12,4,,1,10,,25887,12,4,,1,10,,25901,12,4,,1,10,,25931,12,4,,1,10,,25820,12,4,,1,10,,25837,12,4,,1,50,,25854,12,4,,1
501,'GLOBAUX-01-S',545,,26034,12,4,,1,8,,26052,12,4,,1,48,,26083,12,4,,1,8,,26095,12,4,,1,8,,25932,12,4,,1,6,,25943,12,4,,1,7,,25947,12,4,,1,6,,25971,12,4,,1,5,,25990,12,4,,1,5,,26007,12,4,,1,4,,26014,12,4,,1,5,,26035,12,4,,1,4,,26053,12,4,,1,45,,26056,12,4,,1,5,,26084,12,4,,1,4,,26096,12,4,,1,5,,26099,12,4,,1,4,,26111,12,4,,1,5,,25933,12,4,,1,4,,25944,12,4,,1,5,,25948,12,4,,1,4,,25972,12,4,,1,5,,25988,12,4,,1,4,,25991,12,4,,1,4,,26008,12,4,,1,4,,26009,12,4,,1,44,,26015,12,4,,1,4,,26036,12,4,,1,3,,26054,12,4,,1,4,,26057,12,4,,1,3,,26067,12,4,,1,4,,26085,12,4,,1,3,,26097,12,4,,1,4,,26100,12,4,,1,4,,26112,12,4,,1,4,,25934,12,4,,1,4,,25945,12,4,,1,5,,25949,12,4,,1,4,,25973,12,4,,1,5,,25989,12,4,,1,4,,25992,12,4,,1,45,,26010,12,4,,1,4,,26016,12,4,,1,4,,26037,12,4,,1,5,,26055,12,4,,1,4,,26068,12,4,,1,5,,26086,12,4,,1,4,,26098,12,4,,1,5,,26101,12,4,,1,4,,26113,12,4,,1,5,,25935,12,4,,1,4,,25946,12,4,,1,5,,25950,12,4,,1,8,,25974,12,4,,1,47,,25993,12,4,,1,7,,26017,12,4,,1,7,,26038,12,4,,1,8,,26069,12,4,,1,7,,26087,12,4,,1,7,,26114,12,4,,1,7,,25936,12,4,,1,7,,25951,12,4,,1,48,,25975,12,4,,1,7,,25994,12,4,,1,7,,26018,12,4,,1,7,,26039,12,4,,1,8,,26070,12,4,,1,7,,26088,12,4,,1,7,,26115,12,4,,1,8,,25937,12,4,,1,47,,25952,12,4,,1,7,,25976,12,4,,1,7,,25995,12,4,,1,8,,26019,12,4,,1,7,,26040,12,4,,1,7,,26071,12,4,,1,7,,26089,12,4,,1,8,,26116,12,4,,1,7,,25938,12,4,,1,47,,25953,12,4,,1,7,,25977,12,4,,1,8,,25996,12,4,,1,7,,26020,12,4,,1,7,,26041,12,4,,1,7,,26072,12,4,,1,8,,26090,12,4,,1,7,,26117,12,4,,1,47,,25939,12,4,,1,7,,25954,12,4,,1,8,,25978,12,4,,1,7,,25997,12,4,,1,7,,26021,12,4,,1,7,,26042,12,4,,1,8,,26073,12,4,,1,7,,26091,12,4,,1,47,,26118,12,4,,1,7,,25940,12,4,,1,6,,25955,12,4,,1,5,,25964,12,4,,1,5,,25979,12,4,,1,4,,25998,12,4,,1,5,,26011,12,4,,1,5,,26022,12,4,,1,5,,26031,12,4,,1,5,,26043,12,4,,1,5,,26058,12,4,,1,4,,26074,12,4,,1,45,,26092,12,4,,1,5,,26102,12,4,,1,5,,26119,12,4,,1,5,,25941,12,4,,1,5,,25956,12,4,,1,4,,25965,12,4,,1,5,,25980,12,4,,1,5,,25999,12,4,,1,5,,26012,12,4,,1,5,,26023,12,4,,1,5,,26032,12,4,,1,4,,26044,12,4,,1,45,,26059,12,4,,1,5,,26075,12,4,,1,5,,26093,12,4,,1,5,,26103,12,4,,1,5,,26120,12,4,,1,4,,25942,12,4,,1,5,,25957,12,4,,1,5,,25966,12,4,,1,5,,25981,12,4,,1,5,,26000,12,4,,1,5,,26013,12,4,,1,5,,26024,12,4,,1,45,,26033,12,4,,1,5,,26045,12,4,,1,5,,26060,12,4,,1,6,,26076,12,4,,1,5,,26094,12,4,,1,5,,26104,12,4,,1,7,,26121,12,4,,1,6,,25958,12,4,,1,7,,25967,12,4,,1,6,,25982,12,4,,1,7,,26001,12,4,,1,46,,26025,12,4,,1,7,,26046,12,4,,1,6,,26061,12,4,,1,7,,26077,12,4,,1,6,,26105,12,4,,1,7,,26122,12,4,,1,6,,25959,12,4,,1,7,,25968,12,4,,1,6,,25983,12,4,,1,47,,26002,12,4,,1,6,,26026,12,4,,1,7,,26047,12,4,,1,6,,26062,12,4,,1,7,,26078,12,4,,1,6,,26106,12,4,,1,7,,26123,12,4,,1,6,,25960,12,4,,1,7,,25969,12,4,,1,46,,25984,12,4,,1,7,,26003,12,4,,1,6,,26027,12,4,,1,7,,26048,12,4,,1,6,,26063,12,4,,1,7,,26079,12,4,,1,6,,26107,12,4,,1,7,,26124,12,4,,1,6,,25961,12,4,,1,47,,25970,12,4,,1,6,,25985,12,4,,1,7,,26004,12,4,,1,7,,26028,12,4,,1,8,,26049,12,4,,1,8,,26064,12,4,,1,8,,26080,12,4,,1,7,,26108,12,4,,1,48,,25962,12,4,,1,8,,25986,12,4,,1,8,,26005,12,4,,1,8,,26029,12,4,,1,8,,26050,12,4,,1,8,,26065,12,4,,1,8,,26081,12,4,,1,8,,26109,12,4,,1,48,,25963,12,4,,1,8,,25987,12,4,,1,8,,26006,12,4,,1,8,,26030,12,4,,1,8,,26051,12,4,,1,8,,26066,12,4,,1,8,,26082,12,4,,1,48,,26110,12,4,,1
