100,'GLOBAUX-01-A',545,,20201,12,,,1,10,,20211,12,,,1,50,,20229,12,,,1,10,,20236,12,,,1,10,,20246,12,,,1,11,,20269,12,,,1,10,,20287,12,,,1,10,,20297,12,,,1,50,,20304,12,,,1,10,,20314,12,,,1,10,,20331,12,,,1,10,,20341,12,,,1,10,,20202,12,,,1,10,,20212,12,,,1,50,,20230,12,,,1,10,,20237,12,,,1,10,,20247,12,,,1,9,,20270,12,,,1,10,,20278,12,,,1,9,,20288,12,,,1,49,,20298,12,,,1,9,,20305,12,,,1,8,,20315,12,,,1,9,,20332,12,,,1,8,,20342,12,,,1,9,,20203,12,,,1,8,,20213,12,,,1,48,,20221,12,,,1,9,,20231,12,,,1,8,,20238,12,,,1,9,,20248,12,,,1,7,,20263,12,,,1,8,,20271,12,,,1,8,,20279,12,,,1,7,,20289,12,,,1,48,,20299,12,,,1,8,,20306,12,,,1,7,,20316,12,,,1,8,,20333,12,,,1,8,,20343,12,,,1,7,,20204,12,,,1,8,,20214,12,,,1,48,,20222,12,,,1,8,,20232,12,,,1,7,,20239,12,,,1,6,,20249,12,,,1,7,,20256,12,,,1,6,,20264,12,,,1,7,,20272,12,,,1,6,,20280,12,,,1,7,,20290,12,,,1,46,,20300,12,,,1,7,,20307,12,,,1,6,,20317,12,,,1,7,,20324,12,,,1,6,,20334,12,,,1,7,,20344,12,,,1,6,,20205,12,,,1,7,,20215,12,,,1,6,,20223,12,,,1,7,,20233,12,,,1,46,,20240,12,,,1,7,,20250,12,,,1,6,,20257,12,,,1,7,,20265,12,,,1,6,,20273,12,,,1,7,,20281,12,,,1,6,,20291,12,,,1,7,,20301,12,,,1,6,,20308,12,,,1,47,,20318,12,,,1,6,,20325,12,,,1,7,,20335,12,,,1,6,,20345,12,,,1,7,,20206,12,,,1,6,,20216,12,,,1,7,,20224,12,,,1,6,,20234,12,,,1,7,,20241,12,,,1,46,,20251,12,,,1,7,,20258,12,,,1,6,,20266,12,,,1,7,,20274,12,,,1,6,,20282,12,,,1,7,,20292,12,,,1,6,,20302,12,,,1,7,,20309,12,,,1,6,,20319,12,,,1,47,,20326,12,,,1,6,,20336,12,,,1,7,,20346,12,,,1,6,,20207,12,,,1,7,,20217,12,,,1,6,,20225,12,,,1,7,,20235,12,,,1,6,,20242,12,,,1,7,,20252,12,,,1,6,,20259,12,,,1,47,,20267,12,,,1,6,,20275,12,,,1,6,,20283,12,,,1,7,,20293,12,,,1,6,,20303,12,,,1,7,,20310,12,,,1,7,,20320,12,,,1,7,,20327,12,,,1,7,,20337,12,,,1,48,,20347,12,,,1,8,,20208,12,,,1,7,,20218,12,,,1,8,,20226,12,,,1,8,,20243,12,,,1,7,,20253,12,,,1,8,,20260,12,,,1,48,,20268,12,,,1,7,,20276,12,,,1,8,,20284,12,,,1,8,,20294,12,,,1,8,,20311,12,,,1,9,,20321,12,,,1,8,,20328,12,,,1,9,,20338,12,,,1,48,,20348,12,,,1,8,,20209,12,,,1,9,,20219,12,,,1,8,,20227,12,,,1,9,,20244,12,,,1,8,,20254,12,,,1,8,,20261,12,,,1,49,,20277,12,,,1,8,,20285,12,,,1,9,,20295,12,,,1,9,,20312,12,,,1,10,,20322,12,,,1,10,,20329,12,,,1,50,,20339,12,,,1,10,,20349,12,,,1,10,,20210,12,,,1,10,,20220,12,,,1,10,,20228,12,,,1,10,,20245,12,,,1,50,,20255,12,,,1,10,,20262,12,,,1,10,,20286,12,,,1,10,,20296,12,,,1,10,,20313,12,,,1,10,,20323,12,,,1,50,,20330,12,,,1,10,,20340,12,,,1,10,,20350,12,,,1
100,'GLOBAUX-01-F1',545,,20351,12,,,1,10,,20361,12,,,1,50,,20368,12,,,1,10,,20393,12,,,1,10,,20403,12,,,1,10,,20413,12,,,1,11,,20435,12,,,1,10,,20445,12,,,1,50,,20454,12,,,1,10,,20463,12,,,1,10,,20472,12,,,1,10,,20481,12,,,1,10,,20352,12,,,1,10,,20362,12,,,1,50,,20369,12,,,1,10,,20394,12,,,1,9,,20404,12,,,1,9,,20414,12,,,1,10,,20429,12,,,1,9,,20436,12,,,1,49,,20446,12,,,1,10,,20455,12,,,1,9,,20464,12,,,1,9,,20473,12,,,1,9,,20482,12,,,1,8,,20353,12,,,1,9,,20363,12,,,1,48,,20370,12,,,1,9,,20385,12,,,1,8,,20395,12,,,1,9,,20405,12,,,1,8,,20415,12,,,1,9,,20430,12,,,1,8,,20437,12,,,1,48,,20447,12,,,1,9,,20456,12,,,1,8,,20465,12,,,1,9,,20474,12,,,1,8,,20483,12,,,1,9,,20354,12,,,1,7,,20364,12,,,1,48,,20371,12,,,1,8,,20378,12,,,1,7,,20386,12,,,1,8,,20396,12,,,1,8,,20406,12,,,1,7,,20416,12,,,1,8,,20431,12,,,1,8,,20438,12,,,1,47,,20448,12,,,1,8,,20457,12,,,1,8,,20466,12,,,1,7,,20475,12,,,1,8,,20484,12,,,1,8,,20355,12,,,1,7,,20365,12,,,1,8,,20372,12,,,1,48,,20379,12,,,1,7,,20387,12,,,1,8,,20397,12,,,1,8,,20407,12,,,1,7,,20417,12,,,1,7,,20423,12,,,1,7,,20432,12,,,1,7,,20439,12,,,1,47,,20449,12,,,1,7,,20458,12,,,1,7,,20467,12,,,1,7,,20476,12,,,1,7,,20485,12,,,1,7,,20356,12,,,1,7,,20366,12,,,1,7,,20373,12,,,1,7,,20380,12,,,1,47,,20388,12,,,1,7,,20398,12,,,1,7,,20408,12,,,1,7,,20418,12,,,1,6,,20424,12,,,1,7,,20433,12,,,1,7,,20440,12,,,1,7,,20450,12,,,1,47,,20459,12,,,1,7,,20468,12,,,1,7,,20477,12,,,1,7,,20486,12,,,1,7,,20357,12,,,1,7,,20367,12,,,1,7,,20374,12,,,1,7,,20381,12,,,1,7,,20389,12,,,1,47,,20399,12,,,1,7,,20409,12,,,1,7,,20419,12,,,1,7,,20425,12,,,1,7,,20434,12,,,1,7,,20441,12,,,1,7,,20451,12,,,1,9,,20460,12,,,1,48,,20469,12,,,1,8,,20478,12,,,1,9,,20487,12,,,1,8,,20358,12,,,1,9,,20375,12,,,1,8,,20382,12,,,1,8,,20390,12,,,1,49,,20400,12,,,1,8,,20410,12,,,1,9,,20420,12,,,1,8,,20426,12,,,1,8,,20442,12,,,1,9,,20452,12,,,1,8,,20461,12,,,1,49,,20470,12,,,1,8,,20479,12,,,1,9,,20488,12,,,1,8,,20359,12,,,1,8,,20376,12,,,1,9,,20383,12,,,1,8,,20391,12,,,1,9,,20401,12,,,1,49,,20411,12,,,1,9,,20421,12,,,1,9,,20427,12,,,1,9,,20443,12,,,1,9,,20453,12,,,1,9,,20462,12,,,1,49,,20471,12,,,1,9,,20480,12,,,1,10,,20489,12,,,1,10,,20360,12,,,1,10,,20377,12,,,1,10,,20384,12,,,1,50,,20392,12,,,1,10,,20402,12,,,1,10,,20412,12,,,1,10,,20422,12,,,1,10,,20428,12,,,1,10,,20444,12,,,1
100,'GLOBAUX-01-F2',545,,20490,12,,,1,10,,20500,12,,,1,50,,20507,12,,,1,10,,20532,12,,,1,10,,20542,12,,,1,10,,20552,12,,,1,11,,20574,12,,,1,10,,20584,12,,,1,50,,20593,12,,,1,10,,20602,12,,,1,10,,20611,12,,,1,10,,20620,12,,,1,10,,20491,12,,,1,10,,20501,12,,,1,50,,20508,12,,,1,10,,20533,12,,,1,9,,20543,12,,,1,9,,20553,12,,,1,10,,20568,12,,,1,9,,20575,12,,,1,49,,20585,12,,,1,10,,20594,12,,,1,9,,20603,12,,,1,9,,20612,12,,,1,9,,20621,12,,,1,8,,20492,12,,,1,9,,20502,12,,,1,48,,20509,12,,,1,9,,20524,12,,,1,8,,20534,12,,,1,9,,20544,12,,,1,8,,20554,12,,,1,9,,20569,12,,,1,8,,20576,12,,,1,48,,20586,12,,,1,9,,20595,12,,,1,8,,20604,12,,,1,9,,20613,12,,,1,8,,20622,12,,,1,9,,20493,12,,,1,7,,20503,12,,,1,48,,20510,12,,,1,8,,20517,12,,,1,7,,20525,12,,,1,8,,20535,12,,,1,8,,20545,12,,,1,7,,20555,12,,,1,8,,20570,12,,,1,8,,20577,12,,,1,47,,20587,12,,,1,8,,20596,12,,,1,8,,20605,12,,,1,7,,20614,12,,,1,8,,20623,12,,,1,8,,20494,12,,,1,7,,20504,12,,,1,8,,20511,12,,,1,48,,20518,12,,,1,7,,20526,12,,,1,8,,20536,12,,,1,8,,20546,12,,,1,7,,20556,12,,,1,7,,20562,12,,,1,7,,20571,12,,,1,7,,20578,12,,,1,47,,20588,12,,,1,7,,20597,12,,,1,7,,20606,12,,,1,7,,20615,12,,,1,7,,20624,12,,,1,7,,20495,12,,,1,7,,20505,12,,,1,7,,20512,12,,,1,7,,20519,12,,,1,47,,20527,12,,,1,7,,20537,12,,,1,7,,20547,12,,,1,7,,20557,12,,,1,6,,20563,12,,,1,7,,20572,12,,,1,7,,20579,12,,,1,7,,20589,12,,,1,47,,20598,12,,,1,7,,20607,12,,,1,7,,20616,12,,,1,7,,20625,12,,,1,7,,20496,12,,,1,7,,20506,12,,,1,7,,20513,12,,,1,7,,20520,12,,,1,7,,20528,12,,,1,47,,20538,12,,,1,7,,20548,12,,,1,7,,20558,12,,,1,7,,20564,12,,,1,7,,20573,12,,,1,7,,20580,12,,,1,7,,20590,12,,,1,9,,20599,12,,,1,48,,20608,12,,,1,8,,20617,12,,,1,9,,20626,12,,,1,8,,20497,12,,,1,9,,20514,12,,,1,8,,20521,12,,,1,8,,20529,12,,,1,49,,20539,12,,,1,8,,20549,12,,,1,9,,20559,12,,,1,8,,20565,12,,,1,8,,20581,12,,,1,9,,20591,12,,,1,8,,20600,12,,,1,49,,20609,12,,,1,8,,20618,12,,,1,9,,20627,12,,,1,8,,20498,12,,,1,8,,20515,12,,,1,9,,20522,12,,,1,8,,20530,12,,,1,9,,20540,12,,,1,49,,20550,12,,,1,9,,20560,12,,,1,9,,20566,12,,,1,9,,20582,12,,,1,9,,20592,12,,,1,9,,20601,12,,,1,49,,20610,12,,,1,9,,20619,12,,,1,10,,20628,12,,,1,10,,20499,12,,,1,10,,20516,12,,,1,10,,20523,12,,,1,50,,20531,12,,,1,10,,20541,12,,,1,10,,20551,12,,,1,10,,20561,12,,,1,10,,20567,12,,,1,10,,20583,12,,,1
100,'GLOBAUX-01-I',545,,20629,12,,,1,10,,20639,12,,,1,50,,20646,12,,,1,10,,20671,12,,,1,10,,20681,12,,,1,10,,20691,12,,,1,11,,20713,12,,,1,10,,20723,12,,,1,50,,20732,12,,,1,10,,20741,12,,,1,10,,20750,12,,,1,10,,20759,12,,,1,10,,20630,12,,,1,10,,20640,12,,,1,50,,20647,12,,,1,10,,20672,12,,,1,9,,20682,12,,,1,9,,20692,12,,,1,10,,20707,12,,,1,9,,20714,12,,,1,49,,20724,12,,,1,10,,20733,12,,,1,9,,20742,12,,,1,9,,20751,12,,,1,9,,20760,12,,,1,8,,20631,12,,,1,9,,20641,12,,,1,48,,20648,12,,,1,9,,20663,12,,,1,8,,20673,12,,,1,9,,20683,12,,,1,8,,20693,12,,,1,9,,20708,12,,,1,8,,20715,12,,,1,48,,20725,12,,,1,9,,20734,12,,,1,8,,20743,12,,,1,9,,20752,12,,,1,8,,20761,12,,,1,9,,20632,12,,,1,7,,20642,12,,,1,48,,20649,12,,,1,8,,20656,12,,,1,7,,20664,12,,,1,8,,20674,12,,,1,8,,20684,12,,,1,7,,20694,12,,,1,8,,20709,12,,,1,8,,20716,12,,,1,47,,20726,12,,,1,8,,20735,12,,,1,8,,20744,12,,,1,7,,20753,12,,,1,8,,20762,12,,,1,8,,20633,12,,,1,7,,20643,12,,,1,8,,20650,12,,,1,48,,20657,12,,,1,7,,20665,12,,,1,8,,20675,12,,,1,8,,20685,12,,,1,7,,20695,12,,,1,7,,20701,12,,,1,7,,20710,12,,,1,7,,20717,12,,,1,47,,20727,12,,,1,7,,20736,12,,,1,7,,20745,12,,,1,7,,20754,12,,,1,7,,20763,12,,,1,7,,20634,12,,,1,7,,20644,12,,,1,7,,20651,12,,,1,7,,20658,12,,,1,47,,20666,12,,,1,7,,20676,12,,,1,7,,20686,12,,,1,7,,20696,12,,,1,6,,20702,12,,,1,7,,20711,12,,,1,7,,20718,12,,,1,7,,20728,12,,,1,47,,20737,12,,,1,7,,20746,12,,,1,7,,20755,12,,,1,7,,20764,12,,,1,7,,20635,12,,,1,7,,20645,12,,,1,7,,20652,12,,,1,7,,20659,12,,,1,7,,20667,12,,,1,47,,20677,12,,,1,7,,20687,12,,,1,7,,20697,12,,,1,7,,20703,12,,,1,7,,20712,12,,,1,7,,20719,12,,,1,7,,20729,12,,,1,9,,20738,12,,,1,48,,20747,12,,,1,8,,20756,12,,,1,9,,20765,12,,,1,8,,20636,12,,,1,9,,20653,12,,,1,8,,20660,12,,,1,8,,20668,12,,,1,49,,20678,12,,,1,8,,20688,12,,,1,9,,20698,12,,,1,8,,20704,12,,,1,8,,20720,12,,,1,9,,20730,12,,,1,8,,20739,12,,,1,49,,20748,12,,,1,8,,20757,12,,,1,9,,20766,12,,,1,8,,20637,12,,,1,8,,20654,12,,,1,9,,20661,12,,,1,8,,20669,12,,,1,9,,20679,12,,,1,49,,20689,12,,,1,9,,20699,12,,,1,9,,20705,12,,,1,9,,20721,12,,,1,9,,20731,12,,,1,9,,20740,12,,,1,49,,20749,12,,,1,9,,20758,12,,,1,10,,20767,12,,,1,10,,20638,12,,,1,10,,20655,12,,,1,10,,20662,12,,,1,50,,20670,12,,,1,10,,20680,12,,,1,10,,20690,12,,,1,10,,20700,12,,,1,10,,20706,12,,,1,10,,20722,12,,,1
100,'GLOBAUX-01-S',546,,20768,12,,,1,6,,20796,12,,,1,7,,20806,12,,,1,47,,20826,12,,,1,7,,20848,12,,,1,6,,20852,12,,,1,7,,20859,12,,,1,7,,20870,12,,,1,5,,20876,12,,,1,4,,20893,12,,,1,4,,20902,12,,,1,4,,20905,12,,,1,4,,20913,12,,,1,4,,20930,12,,,1,43,,20936,12,,,1,3,,20946,12,,,1,3,,20948,12,,,1,4,,20950,12,,,1,3,,20952,12,,,1,3,,20968,12,,,1,3,,20977,12,,,1,4,,20979,12,,,1,3,,20997,12,,,1,3,,21003,12,,,1,4,,21004,12,,,1,3,,20769,12,,,1,3,,20787,12,,,1,3,,20789,12,,,1,4,,20797,12,,,1,3,,20807,12,,,1,3,,20808,12,,,1,3,,20809,12,,,1,3,,20811,12,,,1,43,,20812,12,,,1,3,,20827,12,,,1,3,,20833,12,,,1,3,,20839,12,,,1,3,,20849,12,,,1,3,,20853,12,,,1,3,,20860,12,,,1,3,,20865,12,,,1,3,,20871,12,,,1,3,,20877,12,,,1,3,,20894,12,,,1,4,,20903,12,,,1,3,,20906,12,,,1,3,,20912,12,,,1,3,,20914,12,,,1,3,,20931,12,,,1,3,,20937,12,,,1,4,,20947,12,,,1,3,,20949,12,,,1,43,,20951,12,,,1,4,,20955,12,,,1,3,,20960,12,,,1,4,,20969,12,,,1,3,,20978,12,,,1,4,,20984,12,,,1,3,,20998,12,,,1,4,,21005,12,,,1,4,,20770,12,,,1,4,,20780,12,,,1,5,,20790,12,,,1,5,,20798,12,,,1,5,,20810,12,,,1,5,,20813,12,,,1,5,,20828,12,,,1,46,,20840,12,,,1,6,,20854,12,,,1,6,,20866,12,,,1,6,,20878,12,,,1,6,,20895,12,,,1,6,,20907,12,,,1,6,,20915,12,,,1,6,,20932,12,,,1,6,,20938,12,,,1,6,,20956,12,,,1,46,,20961,12,,,1,6,,20970,12,,,1,6,,20985,12,,,1,6,,20999,12,,,1,6,,20771,12,,,1,6,,20781,12,,,1,6,,20791,12,,,1,6,,20799,12,,,1,6,,20814,12,,,1,6,,20829,12,,,1,46,,20841,12,,,1,6,,20855,12,,,1,6,,20867,12,,,1,6,,20879,12,,,1,6,,20896,12,,,1,6,,20908,12,,,1,6,,20916,12,,,1,6,,20933,12,,,1,6,,20939,12,,,1,6,,20957,12,,,1,46,,20962,12,,,1,6,,20971,12,,,1,6,,20986,12,,,1,6,,21000,12,,,1,6,,20772,12,,,1,6,,20782,12,,,1,6,,20792,12,,,1,6,,20800,12,,,1,6,,20815,12,,,1,6,,20830,12,,,1,46,,20842,12,,,1,6,,20856,12,,,1,6,,20868,12,,,1,6,,20880,12,,,1,6,,20897,12,,,1,6,,20909,12,,,1,6,,20917,12,,,1,6,,20934,12,,,1,6,,20940,12,,,1,6,,20958,12,,,1,46,,20963,12,,,1,6,,20972,12,,,1,5,,20987,12,,,1,4,,20989,12,,,1,4,,21001,12,,,1,4,,20773,12,,,1,4,,20775,12,,,1,4,,20783,12,,,1,4,,20793,12,,,1,4,,20795,12,,,1,4,,20801,12,,,1,4,,20816,12,,,1,4,,20821,12,,,1,3,,20831,12,,,1,43,,20834,12,,,1,3,,20843,12,,,1,4,,20850,12,,,1,3,,20857,12,,,1,3,,20869,12,,,1,3,,20872,12,,,1,3,,20881,12,,,1,3,,20886,12,,,1,4,,20891,12,,,1,3,,20898,12,,,1,2,,20904,12,,,1,3,,20910,12,,,1,3,,20918,12,,,1,3,,20923,12,,,1,2,,20925,12,,,1,3,,20935,12,,,1,3,,20941,12,,,1,3,,20953,12,,,1,2,,20954,12,,,1,3,,20959,12,,,1,43,,20964,12,,,1,3,,20973,12,,,1,2,,20980,12,,,1,3,,20983,12,,,1,3,,20988,12,,,1,3,,20990,12,,,1,2,,20993,12,,,1,3,,21002,12,,,1,3,,20774,12,,,1,3,,20776,12,,,1,3,,20784,12,,,1,3,,20788,12,,,1,3,,20794,12,,,1,3,,20802,12,,,1,4,,20817,12,,,1,3,,20822,12,,,1,4,,20832,12,,,1,4,,20835,12,,,1,3,,20844,12,,,1,44,,20851,12,,,1,3,,20858,12,,,1,4,,20861,12,,,1,4,,20873,12,,,1,4,,20882,12,,,1,4,,20887,12,,,1,4,,20892,12,,,1,4,,20899,12,,,1,4,,20911,12,,,1,4,,20919,12,,,1,4,,20924,12,,,1,4,,20926,12,,,1,4,,20942,12,,,1,6,,20965,12,,,1,5,,20974,12,,,1,46,,20981,12,,,1,6,,20991,12,,,1,6,,20994,12,,,1,6,,20777,12,,,1,6,,20785,12,,,1,6,,20803,12,,,1,6,,20818,12,,,1,6,,20823,12,,,1,6,,20836,12,,,1,6,,20845,12,,,1,46,,20862,12,,,1,6,,20874,12,,,1,6,,20883,12,,,1,6,,20888,12,,,1,6,,20900,12,,,1,6,,20920,12,,,1,6,,20927,12,,,1,6,,20943,12,,,1,6,,20966,12,,,1,6,,20975,12,,,1,46,,20982,12,,,1,6,,20992,12,,,1,6,,20995,12,,,1,7,,20778,12,,,1,6,,20786,12,,,1,6,,20804,12,,,1,6,,20819,12,,,1,6,,20824,12,,,1,6,,20837,12,,,1,6,,20846,12,,,1,46,,20863,12,,,1,6,,20875,12,,,1,6,,20884,12,,,1,7,,20889,12,,,1,6,,20901,12,,,1,6,,20921,12,,,1,7,,20928,12,,,1,8,,20944,12,,,1,8,,20967,12,,,1,48,,20976,12,,,1,8,,20996,12,,,1,8,,20779,12,,,1,8,,20805,12,,,1,8,,20820,12,,,1,8,,20825,12,,,1,8,,20838,12,,,1,48,,20847,12,,,1,8,,20864,12,,,1,7,,20885,12,,,1,8,,20890,12,,,1,8,,20922,12,,,1,8,,20929,12,,,1,8,,20945,12,,,1
101,'GLOBAUX-01-A',549,,21092,16,,,1,10,,21102,16,,,1,50,,21109,16,,,1,10,,21119,16,,,1,10,,21136,16,,,1,10,,21146,16,,,1,10,,21006,16,,,1,10,,21016,16,,,1,50,,21035,16,,,1,10,,21042,16,,,1,10,,21052,16,,,1,10,,21074,16,,,1,10,,21082,16,,,1,9,,21093,16,,,1,49,,21103,16,,,1,10,,21110,16,,,1,9,,21120,16,,,1,9,,21137,16,,,1,8,,21147,16,,,1,9,,21007,16,,,1,48,,21017,16,,,1,8,,21026,16,,,1,9,,21036,16,,,1,8,,21043,16,,,1,9,,21053,16,,,1,8,,21075,16,,,1,9,,21083,16,,,1,8,,21094,16,,,1,48,,21104,16,,,1,9,,21111,16,,,1,8,,21121,16,,,1,9,,21138,16,,,1,8,,21148,16,,,1,9,,21008,16,,,1,8,,21018,16,,,1,48,,21027,16,,,1,7,,21037,16,,,1,8,,21044,16,,,1,8,,21054,16,,,1,7,,21069,16,,,1,8,,21076,16,,,1,8,,21084,16,,,1,7,,21095,16,,,1,48,,21105,16,,,1,8,,21112,16,,,1,7,,21122,16,,,1,6,,21129,16,,,1,7,,21139,16,,,1,6,,21149,16,,,1,7,,21009,16,,,1,6,,21019,16,,,1,47,,21028,16,,,1,6,,21038,16,,,1,7,,21045,16,,,1,6,,21055,16,,,1,7,,21062,16,,,1,6,,21070,16,,,1,7,,21077,16,,,1,6,,21085,16,,,1,7,,21096,16,,,1,6,,21106,16,,,1,47,,21113,16,,,1,6,,21123,16,,,1,7,,21130,16,,,1,6,,21140,16,,,1,7,,21150,16,,,1,6,,21010,16,,,1,7,,21020,16,,,1,6,,21029,16,,,1,7,,21039,16,,,1,46,,21046,16,,,1,7,,21056,16,,,1,6,,21063,16,,,1,7,,21071,16,,,1,6,,21078,16,,,1,7,,21086,16,,,1,6,,21097,16,,,1,7,,21107,16,,,1,6,,21114,16,,,1,47,,21124,16,,,1,6,,21131,16,,,1,7,,21141,16,,,1,6,,21151,16,,,1,7,,21011,16,,,1,6,,21021,16,,,1,7,,21030,16,,,1,6,,21040,16,,,1,7,,21047,16,,,1,46,,21057,16,,,1,7,,21064,16,,,1,6,,21072,16,,,1,7,,21079,16,,,1,6,,21087,16,,,1,7,,21098,16,,,1,6,,21108,16,,,1,7,,21115,16,,,1,6,,21125,16,,,1,47,,21132,16,,,1,6,,21142,16,,,1,7,,21152,16,,,1,6,,21012,16,,,1,7,,21022,16,,,1,6,,21031,16,,,1,7,,21041,16,,,1,6,,21048,16,,,1,7,,21058,16,,,1,48,,21065,16,,,1,7,,21073,16,,,1,8,,21080,16,,,1,8,,21088,16,,,1,7,,21099,16,,,1,8,,21116,16,,,1,8,,21126,16,,,1,8,,21133,16,,,1,48,,21143,16,,,1,8,,21153,16,,,1,9,,21013,16,,,1,8,,21023,16,,,1,9,,21032,16,,,1,8,,21049,16,,,1,8,,21059,16,,,1,49,,21066,16,,,1,8,,21081,16,,,1,9,,21089,16,,,1,8,,21100,16,,,1,9,,21117,16,,,1,8,,21127,16,,,1,8,,21134,16,,,1,50,,21144,16,,,1,9,,21154,16,,,1,9,,21014,16,,,1,10,,21024,16,,,1,9,,21033,16,,,1,10,,21050,16,,,1,10,,21060,16,,,1,49,,21067,16,,,1,10,,21090,16,,,1,10,,21101,16,,,1,10,,21118,16,,,1,10,,21128,16,,,1,10,,21135,16,,,1,50,,21145,16,,,1,10,,21155,16,,,1,10,,21015,16,,,1,10,,21025,16,,,1,10,,21034,16,,,1,10,,21051,16,,,1,50,,21061,16,,,1,10,,21068,16,,,1,14,,21091,16,,,1
101,'GLOBAUX-01-F1',549,,21236,16,,,1,10,,21246,16,,,1,50,,21255,16,,,1,10,,21265,16,,,1,10,,21275,16,,,1,10,,21285,16,,,1,10,,21156,16,,,1,10,,21166,16,,,1,50,,21173,16,,,1,10,,21198,16,,,1,10,,21207,16,,,1,10,,21216,16,,,1,9,,21230,16,,,1,10,,21237,16,,,1,49,,21247,16,,,1,10,,21256,16,,,1,9,,21266,16,,,1,9,,21276,16,,,1,9,,21286,16,,,1,8,,21157,16,,,1,49,,21167,16,,,1,8,,21174,16,,,1,8,,21190,16,,,1,9,,21199,16,,,1,8,,21208,16,,,1,9,,21217,16,,,1,8,,21231,16,,,1,49,,21238,16,,,1,8,,21248,16,,,1,9,,21257,16,,,1,8,,21267,16,,,1,8,,21277,16,,,1,9,,21287,16,,,1,8,,21158,16,,,1,9,,21168,16,,,1,48,,21175,16,,,1,9,,21191,16,,,1,8,,21200,16,,,1,8,,21209,16,,,1,9,,21218,16,,,1,8,,21232,16,,,1,9,,21239,16,,,1,48,,21249,16,,,1,9,,21258,16,,,1,8,,21268,16,,,1,9,,21278,16,,,1,7,,21288,16,,,1,8,,21159,16,,,1,8,,21169,16,,,1,47,,21176,16,,,1,8,,21183,16,,,1,8,,21192,16,,,1,7,,21201,16,,,1,8,,21210,16,,,1,8,,21219,16,,,1,7,,21233,16,,,1,8,,21240,16,,,1,48,,21250,16,,,1,7,,21259,16,,,1,8,,21269,16,,,1,8,,21279,16,,,1,7,,21289,16,,,1,8,,21160,16,,,1,8,,21170,16,,,1,7,,21177,16,,,1,48,,21184,16,,,1,8,,21193,16,,,1,7,,21202,16,,,1,6,,21211,16,,,1,7,,21220,16,,,1,7,,21225,16,,,1,7,,21234,16,,,1,7,,21241,16,,,1,47,,21251,16,,,1,7,,21260,16,,,1,7,,21270,16,,,1,7,,21280,16,,,1,7,,21290,16,,,1,7,,21161,16,,,1,7,,21171,16,,,1,7,,21178,16,,,1,7,,21185,16,,,1,47,,21194,16,,,1,7,,21203,16,,,1,7,,21212,16,,,1,7,,21221,16,,,1,7,,21226,16,,,1,7,,21235,16,,,1,7,,21242,16,,,1,7,,21252,16,,,1,47,,21261,16,,,1,7,,21271,16,,,1,7,,21281,16,,,1,7,,21291,16,,,1,7,,21162,16,,,1,7,,21172,16,,,1,7,,21179,16,,,1,7,,21186,16,,,1,9,,21195,16,,,1,48,,21204,16,,,1,8,,21213,16,,,1,9,,21222,16,,,1,8,,21227,16,,,1,9,,21243,16,,,1,8,,21253,16,,,1,8,,21262,16,,,1,49,,21272,16,,,1,8,,21282,16,,,1,9,,21292,16,,,1,8,,21163,16,,,1,8,,21180,16,,,1,9,,21187,16,,,1,8,,21196,16,,,1,49,,21205,16,,,1,8,,21214,16,,,1,8,,21223,16,,,1,9,,21228,16,,,1,8,,21244,16,,,1,9,,21254,16,,,1,8,,21263,16,,,1,48,,21273,16,,,1,9,,21283,16,,,1,8,,21293,16,,,1,9,,21164,16,,,1,9,,21181,16,,,1,10,,21188,16,,,1,10,,21197,16,,,1,50,,21206,16,,,1,10,,21215,16,,,1,10,,21224,16,,,1,10,,21229,16,,,1,10,,21245,16,,,1,10,,21264,16,,,1,50,,21274,16,,,1,10,,21284,16,,,1,10,,21294,16,,,1,10,,21165,16,,,1,10,,21182,16,,,1,54,,21189,16,,,1
101,'GLOBAUX-01-F2',549,,21375,16,,,1,10,,21385,16,,,1,50,,21394,16,,,1,10,,21404,16,,,1,10,,21414,16,,,1,10,,21424,16,,,1,10,,21295,16,,,1,10,,21305,16,,,1,50,,21312,16,,,1,10,,21337,16,,,1,10,,21346,16,,,1,10,,21355,16,,,1,9,,21369,16,,,1,10,,21376,16,,,1,49,,21386,16,,,1,10,,21395,16,,,1,9,,21405,16,,,1,9,,21415,16,,,1,9,,21425,16,,,1,8,,21296,16,,,1,49,,21306,16,,,1,8,,21313,16,,,1,8,,21329,16,,,1,9,,21338,16,,,1,8,,21347,16,,,1,9,,21356,16,,,1,8,,21370,16,,,1,49,,21377,16,,,1,8,,21387,16,,,1,9,,21396,16,,,1,8,,21406,16,,,1,8,,21416,16,,,1,9,,21426,16,,,1,8,,21297,16,,,1,9,,21307,16,,,1,48,,21314,16,,,1,9,,21330,16,,,1,8,,21339,16,,,1,8,,21348,16,,,1,9,,21357,16,,,1,8,,21371,16,,,1,9,,21378,16,,,1,48,,21388,16,,,1,9,,21397,16,,,1,8,,21407,16,,,1,9,,21417,16,,,1,7,,21427,16,,,1,8,,21298,16,,,1,8,,21308,16,,,1,47,,21315,16,,,1,8,,21322,16,,,1,8,,21331,16,,,1,7,,21340,16,,,1,8,,21349,16,,,1,8,,21358,16,,,1,7,,21372,16,,,1,8,,21379,16,,,1,48,,21389,16,,,1,7,,21398,16,,,1,8,,21408,16,,,1,8,,21418,16,,,1,7,,21428,16,,,1,8,,21299,16,,,1,8,,21309,16,,,1,7,,21316,16,,,1,48,,21323,16,,,1,8,,21332,16,,,1,7,,21341,16,,,1,6,,21350,16,,,1,7,,21359,16,,,1,7,,21364,16,,,1,7,,21373,16,,,1,7,,21380,16,,,1,47,,21390,16,,,1,7,,21399,16,,,1,7,,21409,16,,,1,7,,21419,16,,,1,7,,21429,16,,,1,7,,21300,16,,,1,7,,21310,16,,,1,7,,21317,16,,,1,7,,21324,16,,,1,47,,21333,16,,,1,7,,21342,16,,,1,7,,21351,16,,,1,7,,21360,16,,,1,7,,21365,16,,,1,7,,21374,16,,,1,7,,21381,16,,,1,7,,21391,16,,,1,47,,21400,16,,,1,7,,21410,16,,,1,7,,21420,16,,,1,7,,21430,16,,,1,7,,21301,16,,,1,7,,21311,16,,,1,7,,21318,16,,,1,7,,21325,16,,,1,9,,21334,16,,,1,48,,21343,16,,,1,8,,21352,16,,,1,9,,21361,16,,,1,8,,21366,16,,,1,9,,21382,16,,,1,8,,21392,16,,,1,8,,21401,16,,,1,49,,21411,16,,,1,8,,21421,16,,,1,9,,21431,16,,,1,8,,21302,16,,,1,8,,21319,16,,,1,9,,21326,16,,,1,8,,21335,16,,,1,49,,21344,16,,,1,8,,21353,16,,,1,8,,21362,16,,,1,9,,21367,16,,,1,8,,21383,16,,,1,9,,21393,16,,,1,8,,21402,16,,,1,48,,21412,16,,,1,9,,21422,16,,,1,8,,21432,16,,,1,9,,21303,16,,,1,9,,21320,16,,,1,10,,21327,16,,,1,10,,21336,16,,,1,50,,21345,16,,,1,10,,21354,16,,,1,10,,21363,16,,,1,10,,21368,16,,,1,10,,21384,16,,,1,10,,21403,16,,,1,50,,21413,16,,,1,10,,21423,16,,,1,10,,21433,16,,,1,10,,21304,16,,,1,10,,21321,16,,,1,54,,21328,16,,,1
101,'GLOBAUX-01-I',549,,21514,16,,,1,10,,21524,16,,,1,50,,21533,16,,,1,10,,21543,16,,,1,10,,21553,16,,,1,10,,21563,16,,,1,10,,21434,16,,,1,10,,21444,16,,,1,50,,21451,16,,,1,10,,21476,16,,,1,10,,21485,16,,,1,10,,21494,16,,,1,9,,21508,16,,,1,10,,21515,16,,,1,49,,21525,16,,,1,10,,21534,16,,,1,9,,21544,16,,,1,9,,21554,16,,,1,9,,21564,16,,,1,8,,21435,16,,,1,49,,21445,16,,,1,8,,21452,16,,,1,8,,21468,16,,,1,9,,21477,16,,,1,8,,21486,16,,,1,9,,21495,16,,,1,8,,21509,16,,,1,49,,21516,16,,,1,8,,21526,16,,,1,9,,21535,16,,,1,8,,21545,16,,,1,8,,21555,16,,,1,9,,21565,16,,,1,8,,21436,16,,,1,9,,21446,16,,,1,48,,21453,16,,,1,9,,21469,16,,,1,8,,21478,16,,,1,8,,21487,16,,,1,9,,21496,16,,,1,8,,21510,16,,,1,9,,21517,16,,,1,48,,21527,16,,,1,9,,21536,16,,,1,8,,21546,16,,,1,9,,21556,16,,,1,7,,21566,16,,,1,8,,21437,16,,,1,8,,21447,16,,,1,47,,21454,16,,,1,8,,21461,16,,,1,8,,21470,16,,,1,7,,21479,16,,,1,8,,21488,16,,,1,8,,21497,16,,,1,7,,21511,16,,,1,8,,21518,16,,,1,48,,21528,16,,,1,7,,21537,16,,,1,8,,21547,16,,,1,8,,21557,16,,,1,7,,21567,16,,,1,8,,21438,16,,,1,8,,21448,16,,,1,7,,21455,16,,,1,48,,21462,16,,,1,8,,21471,16,,,1,7,,21480,16,,,1,6,,21489,16,,,1,7,,21498,16,,,1,7,,21503,16,,,1,7,,21512,16,,,1,7,,21519,16,,,1,47,,21529,16,,,1,7,,21538,16,,,1,7,,21548,16,,,1,7,,21558,16,,,1,7,,21568,16,,,1,7,,21439,16,,,1,7,,21449,16,,,1,7,,21456,16,,,1,7,,21463,16,,,1,47,,21472,16,,,1,7,,21481,16,,,1,7,,21490,16,,,1,7,,21499,16,,,1,7,,21504,16,,,1,7,,21513,16,,,1,7,,21520,16,,,1,7,,21530,16,,,1,47,,21539,16,,,1,7,,21549,16,,,1,7,,21559,16,,,1,7,,21569,16,,,1,7,,21440,16,,,1,7,,21450,16,,,1,7,,21457,16,,,1,7,,21464,16,,,1,9,,21473,16,,,1,48,,21482,16,,,1,8,,21491,16,,,1,9,,21500,16,,,1,8,,21505,16,,,1,9,,21521,16,,,1,8,,21531,16,,,1,8,,21540,16,,,1,49,,21550,16,,,1,8,,21560,16,,,1,9,,21570,16,,,1,8,,21441,16,,,1,8,,21458,16,,,1,9,,21465,16,,,1,8,,21474,16,,,1,49,,21483,16,,,1,8,,21492,16,,,1,8,,21501,16,,,1,9,,21506,16,,,1,8,,21522,16,,,1,9,,21532,16,,,1,8,,21541,16,,,1,48,,21551,16,,,1,9,,21561,16,,,1,8,,21571,16,,,1,9,,21442,16,,,1,9,,21459,16,,,1,10,,21466,16,,,1,10,,21475,16,,,1,50,,21484,16,,,1,10,,21493,16,,,1,10,,21502,16,,,1,10,,21507,16,,,1,10,,21523,16,,,1,10,,21542,16,,,1,50,,21552,16,,,1,10,,21562,16,,,1,10,,21572,16,,,1,10,,21443,16,,,1,10,,21460,16,,,1,54,,21467,16,,,1
101,'GLOBAUX-01-S',549,,21696,16,,,1,8,,21708,16,,,1,47,,21732,16,,,1,7,,21749,16,,,1,7,,21753,16,,,1,7,,21772,16,,,1,7,,21802,16,,,1,7,,21809,16,,,1,5,,21573,16,,,1,6,,21595,16,,,1,5,,21602,16,,,1,45,,21612,16,,,1,5,,21616,16,,,1,4,,21618,16,,,1,4,,21633,16,,,1,4,,21640,16,,,1,4,,21655,16,,,1,3,,21659,16,,,1,4,,21665,16,,,1,3,,21670,16,,,1,4,,21676,16,,,1,4,,21681,16,,,1,3,,21697,16,,,1,3,,21705,16,,,1,4,,21709,16,,,1,3,,21717,16,,,1,3,,21733,16,,,1,3,,21739,16,,,1,43,,21740,16,,,1,3,,21750,16,,,1,2,,21752,16,,,1,3,,21754,16,,,1,3,,21755,16,,,1,2,,21757,16,,,1,3,,21763,16,,,1,3,,21773,16,,,1,2,,21782,16,,,1,3,,21783,16,,,1,2,,21788,16,,,1,3,,21803,16,,,1,2,,21808,16,,,1,3,,21810,16,,,1,2,,21574,16,,,1,3,,21585,16,,,1,2,,21593,16,,,1,3,,21596,16,,,1,2,,21603,16,,,1,3,,21613,16,,,1,3,,21614,16,,,1,3,,21615,16,,,1,3,,21617,16,,,1,43,,21619,16,,,1,3,,21634,16,,,1,2,,21641,16,,,1,3,,21647,16,,,1,4,,21656,16,,,1,3,,21660,16,,,1,3,,21671,16,,,1,4,,21677,16,,,1,3,,21682,16,,,1,4,,21698,16,,,1,3,,21706,16,,,1,4,,21710,16,,,1,4,,21716,16,,,1,3,,21718,16,,,1,4,,21734,16,,,1,5,,21741,16,,,1,5,,21751,16,,,1,45,,21758,16,,,1,4,,21764,16,,,1,6,,21774,16,,,1,6,,21789,16,,,1,6,,21804,16,,,1,6,,21575,16,,,1,6,,21586,16,,,1,6,,21597,16,,,1,6,,21604,16,,,1,6,,21620,16,,,1,46,,21635,16,,,1,6,,21648,16,,,1,6,,21661,16,,,1,6,,21672,16,,,1,6,,21683,16,,,1,6,,21699,16,,,1,7,,21711,16,,,1,6,,21719,16,,,1,6,,21735,16,,,1,6,,21742,16,,,1,46,,21759,16,,,1,5,,21765,16,,,1,6,,21775,16,,,1,6,,21790,16,,,1,6,,21805,16,,,1,6,,21576,16,,,1,7,,21587,16,,,1,6,,21598,16,,,1,6,,21605,16,,,1,6,,21621,16,,,1,46,,21636,16,,,1,6,,21649,16,,,1,6,,21662,16,,,1,6,,21673,16,,,1,6,,21684,16,,,1,6,,21700,16,,,1,6,,21712,16,,,1,6,,21720,16,,,1,6,,21736,16,,,1,6,,21743,16,,,1,46,,21760,16,,,1,6,,21766,16,,,1,6,,21776,16,,,1,6,,21791,16,,,1,6,,21806,16,,,1,6,,21577,16,,,1,5,,21588,16,,,1,6,,21599,16,,,1,7,,21606,16,,,1,6,,21622,16,,,1,46,,21637,16,,,1,6,,21650,16,,,1,6,,21663,16,,,1,6,,21674,16,,,1,6,,21685,16,,,1,5,,21694,16,,,1,5,,21701,16,,,1,4,,21713,16,,,1,4,,21721,16,,,1,4,,21726,16,,,1,4,,21737,16,,,1,3,,21744,16,,,1,44,,21756,16,,,1,4,,21761,16,,,1,3,,21767,16,,,1,4,,21777,16,,,1,4,,21787,16,,,1,4,,21792,16,,,1,3,,21794,16,,,1,4,,21807,16,,,1,4,,21578,16,,,1,4,,21580,16,,,1,3,,21589,16,,,1,4,,21600,16,,,1,3,,21601,16,,,1,3,,21607,16,,,1,4,,21623,16,,,1,3,,21628,16,,,1,3,,21638,16,,,1,43,,21642,16,,,1,3,,21651,16,,,1,3,,21657,16,,,1,4,,21664,16,,,1,3,,21666,16,,,1,3,,21675,16,,,1,3,,21678,16,,,1,3,,21686,16,,,1,3,,21690,16,,,1,3,,21695,16,,,1,3,,21702,16,,,1,3,,21707,16,,,1,3,,21714,16,,,1,4,,21722,16,,,1,3,,21727,16,,,1,3,,21728,16,,,1,4,,21738,16,,,1,3,,21745,16,,,1,3,,21762,16,,,1,44,,21768,16,,,1,3,,21778,16,,,1,4,,21784,16,,,1,3,,21793,16,,,1,4,,21795,16,,,1,4,,21798,16,,,1,4,,21579,16,,,1,4,,21581,16,,,1,4,,21590,16,,,1,4,,21594,16,,,1,4,,21608,16,,,1,4,,21624,16,,,1,4,,21629,16,,,1,4,,21639,16,,,1,4,,21643,16,,,1,45,,21652,16,,,1,4,,21658,16,,,1,4,,21667,16,,,1,5,,21679,16,,,1,5,,21687,16,,,1,5,,21691,16,,,1,5,,21703,16,,,1,5,,21715,16,,,1,6,,21723,16,,,1,5,,21729,16,,,1,6,,21746,16,,,1,6,,21769,16,,,1,46,,21779,16,,,1,5,,21785,16,,,1,6,,21796,16,,,1,6,,21799,16,,,1,6,,21582,16,,,1,6,,21591,16,,,1,6,,21609,16,,,1,6,,21625,16,,,1,6,,21630,16,,,1,6,,21644,16,,,1,46,,21653,16,,,1,6,,21668,16,,,1,6,,21680,16,,,1,6,,21688,16,,,1,6,,21692,16,,,1,7,,21704,16,,,1,6,,21724,16,,,1,6,,21730,16,,,1,6,,21747,16,,,1,6,,21770,16,,,1,46,,21780,16,,,1,6,,21786,16,,,1,6,,21797,16,,,1,6,,21800,16,,,1,6,,21583,16,,,1,6,,21592,16,,,1,6,,21610,16,,,1,6,,21626,16,,,1,6,,21631,16,,,1,8,,21645,16,,,1,47,,21654,16,,,1,8,,21669,16,,,1,8,,21689,16,,,1,8,,21693,16,,,1,8,,21725,16,,,1,8,,21731,16,,,1,8,,21748,16,,,1,48,,21771,16,,,1,8,,21781,16,,,1,8,,21801,16,,,1,8,,21584,16,,,1,8,,21611,16,,,1,8,,21627,16,,,1,8,,21632,16,,,1,52,,21646,16,,,1
