500,'GLOBAUX-01-A',543,,24707,11,,,1,10,,24725,11,,,1,50,,24743,11,,,1,10,,24760,11,,,1,10,,24777,11,,,1,10,,24805,11,,,1,10,,24822,11,,,1,10,,24708,11,,,1,50,,24726,11,,,1,10,,24744,11,,,1,10,,24761,11,,,1,10,,24778,11,,,1,10,,24806,11,,,1,10,,24823,11,,,1,50,,24709,11,,,1,10,,24727,11,,,1,10,,24745,11,,,1,10,,24762,11,,,1,10,,24779,11,,,1,10,,24807,11,,,1,50,,24824,11,,,1,10,,24710,11,,,1,10,,24728,11,,,1,10,,24746,11,,,1,10,,24763,11,,,1,9,,24780,11,,,1,48,,24794,11,,,1,9,,24808,11,,,1,8,,24825,11,,,1,9,,24711,11,,,1,8,,24729,11,,,1,9,,24747,11,,,1,8,,24764,11,,,1,49,,24781,11,,,1,8,,24795,11,,,1,9,,24809,11,,,1,8,,24826,11,,,1,9,,24712,11,,,1,9,,24730,11,,,1,8,,24748,11,,,1,49,,24765,11,,,1,8,,24782,11,,,1,9,,24796,11,,,1,8,,24810,11,,,1,9,,24827,11,,,1,8,,24713,11,,,1,9,,24731,11,,,1,8,,24749,11,,,1,49,,24766,11,,,1,8,,24783,11,,,1,9,,24797,11,,,1,8,,24811,11,,,1,9,,24828,11,,,1,8,,24714,11,,,1,9,,24732,11,,,1,48,,24750,11,,,1,9,,24767,11,,,1,8,,24784,11,,,1,9,,24798,11,,,1,8,,24812,11,,,1,9,,24829,11,,,1,8,,24715,11,,,1,49,,24733,11,,,1,8,,24751,11,,,1,9,,24768,11,,,1,8,,24785,11,,,1,9,,24799,11,,,1,8,,24813,11,,,1,9,,24830,11,,,1,48,,24716,11,,,1,9,,24734,11,,,1,8,,24752,11,,,1,9,,24769,11,,,1,8,,24786,11,,,1,9,,24800,11,,,1,8,,24814,11,,,1,49,,24831,11,,,1,8,,24717,11,,,1,9,,24735,11,,,1,8,,24753,11,,,1,9,,24770,11,,,1,8,,24787,11,,,1,9,,24801,11,,,1,48,,24815,11,,,1,9,,24832,11,,,1,8,,24718,11,,,1,9,,24736,11,,,1,8,,24754,11,,,1,9,,24771,11,,,1,8,,24788,11,,,1,48,,24802,11,,,1,9,,24816,11,,,1,8,,24833,11,,,1,9,,24719,11,,,1,8,,24737,11,,,1,9,,24755,11,,,1,8,,24772,11,,,1,49,,24789,11,,,1,8,,24803,11,,,1,9,,24817,11,,,1,8,,24834,11,,,1,9,,24720,11,,,1,8,,24738,11,,,1,9,,24756,11,,,1,48,,24773,11,,,1,9,,24790,11,,,1,8,,24804,11,,,1,9,,24818,11,,,1,9,,24835,11,,,1,10,,24721,11,,,1,10,,24739,11,,,1,50,,24757,11,,,1,10,,24774,11,,,1,10,,24791,11,,,1,10,,24819,11,,,1,10,,24836,11,,,1,10,,24722,11,,,1,50,,24740,11,,,1,10,,24758,11,,,1,10,,24775,11,,,1,10,,24792,11,,,1,10,,24820,11,,,1,10,,24837,11,,,1,50,,24723,11,,,1,10,,24741,11,,,1,10,,24759,11,,,1,10,,24776,11,,,1,10,,24793,11,,,1,10,,24821,11,,,1,50,,24838,11,,,1,10,,24724,11,,,1,10,,24742,11,,,1
500,'GLOBAUX-01-F1',543,,24839,11,,,1,10,,24856,11,,,1,50,,24873,11,,,1,10,,24890,11,,,1,10,,24907,11,,,1,10,,24938,11,,,1,10,,24951,11,,,1,10,,24840,11,,,1,50,,24857,11,,,1,10,,24874,11,,,1,10,,24891,11,,,1,10,,24908,11,,,1,10,,24939,11,,,1,10,,24952,11,,,1,50,,24841,11,,,1,10,,24858,11,,,1,10,,24875,11,,,1,10,,24892,11,,,1,10,,24909,11,,,1,10,,24940,11,,,1,50,,24953,11,,,1,10,,24842,11,,,1,10,,24859,11,,,1,10,,24876,11,,,1,10,,24893,11,,,1,9,,24910,11,,,1,48,,24924,11,,,1,9,,24941,11,,,1,8,,24954,11,,,1,9,,24843,11,,,1,8,,24860,11,,,1,9,,24877,11,,,1,8,,24894,11,,,1,49,,24911,11,,,1,8,,24925,11,,,1,9,,24942,11,,,1,8,,24955,11,,,1,9,,24844,11,,,1,8,,24861,11,,,1,9,,24878,11,,,1,8,,24895,11,,,1,49,,24912,11,,,1,9,,24926,11,,,1,8,,24943,11,,,1,9,,24956,11,,,1,8,,24845,11,,,1,9,,24862,11,,,1,8,,24879,11,,,1,49,,24896,11,,,1,8,,24913,11,,,1,9,,24927,11,,,1,8,,24944,11,,,1,9,,24957,11,,,1,8,,24846,11,,,1,9,,24863,11,,,1,48,,24880,11,,,1,9,,24897,11,,,1,8,,24914,11,,,1,9,,24928,11,,,1,8,,24945,11,,,1,9,,24958,11,,,1,8,,24847,11,,,1,49,,24864,11,,,1,8,,24881,11,,,1,9,,24898,11,,,1,8,,24915,11,,,1,9,,24929,11,,,1,8,,24946,11,,,1,9,,24959,11,,,1,48,,24848,11,,,1,9,,24865,11,,,1,8,,24882,11,,,1,9,,24899,11,,,1,8,,24916,11,,,1,9,,24930,11,,,1,8,,24947,11,,,1,49,,24960,11,,,1,8,,24849,11,,,1,9,,24866,11,,,1,8,,24883,11,,,1,9,,24900,11,,,1,8,,24917,11,,,1,9,,24931,11,,,1,48,,24948,11,,,1,8,,24961,11,,,1,9,,24850,11,,,1,8,,24867,11,,,1,9,,24884,11,,,1,8,,24901,11,,,1,9,,24918,11,,,1,48,,24932,11,,,1,9,,24949,11,,,1,8,,24962,11,,,1,9,,24851,11,,,1,8,,24868,11,,,1,9,,24885,11,,,1,8,,24902,11,,,1,49,,24919,11,,,1,8,,24933,11,,,1,9,,24950,11,,,1,8,,24963,11,,,1,9,,24852,11,,,1,10,,24869,11,,,1,10,,24886,11,,,1,50,,24903,11,,,1,10,,24920,11,,,1,10,,24934,11,,,1,10,,24964,11,,,1,10,,24853,11,,,1,10,,24870,11,,,1,50,,24887,11,,,1,10,,24904,11,,,1,10,,24921,11,,,1,10,,24935,11,,,1,10,,24965,11,,,1,10,,24854,11,,,1,50,,24871,11,,,1,10,,24888,11,,,1,10,,24905,11,,,1,10,,24922,11,,,1,10,,24936,11,,,1,10,,24966,11,,,1,50,,24855,11,,,1,10,,24872,11,,,1,10,,24889,11,,,1,10,,24906,11,,,1,10,,24923,11,,,1,10,,24937,11,,,1
500,'GLOBAUX-01-F2',543,,24967,11,,,1,10,,24984,11,,,1,50,,25001,11,,,1,10,,25018,11,,,1,10,,25035,11,,,1,10,,25066,11,,,1,10,,25079,11,,,1,10,,24968,11,,,1,50,,24985,11,,,1,10,,25002,11,,,1,10,,25019,11,,,1,10,,25036,11,,,1,10,,25067,11,,,1,10,,25080,11,,,1,50,,24969,11,,,1,10,,24986,11,,,1,10,,25003,11,,,1,10,,25020,11,,,1,10,,25037,11,,,1,10,,25068,11,,,1,50,,25081,11,,,1,10,,24970,11,,,1,10,,24987,11,,,1,10,,25004,11,,,1,10,,25021,11,,,1,9,,25038,11,,,1,48,,25052,11,,,1,9,,25069,11,,,1,8,,25082,11,,,1,9,,24971,11,,,1,8,,24988,11,,,1,9,,25005,11,,,1,8,,25022,11,,,1,49,,25039,11,,,1,8,,25053,11,,,1,9,,25070,11,,,1,8,,25083,11,,,1,9,,24972,11,,,1,8,,24989,11,,,1,9,,25006,11,,,1,8,,25023,11,,,1,49,,25040,11,,,1,9,,25054,11,,,1,8,,25071,11,,,1,9,,25084,11,,,1,8,,24973,11,,,1,9,,24990,11,,,1,8,,25007,11,,,1,49,,25024,11,,,1,8,,25041,11,,,1,9,,25055,11,,,1,8,,25072,11,,,1,9,,25085,11,,,1,8,,24974,11,,,1,9,,24991,11,,,1,48,,25008,11,,,1,9,,25025,11,,,1,8,,25042,11,,,1,9,,25056,11,,,1,8,,25073,11,,,1,9,,25086,11,,,1,8,,24975,11,,,1,49,,24992,11,,,1,8,,25009,11,,,1,9,,25026,11,,,1,8,,25043,11,,,1,9,,25057,11,,,1,8,,25074,11,,,1,9,,25087,11,,,1,48,,24976,11,,,1,9,,24993,11,,,1,8,,25010,11,,,1,9,,25027,11,,,1,8,,25044,11,,,1,9,,25058,11,,,1,8,,25075,11,,,1,49,,25088,11,,,1,8,,24977,11,,,1,9,,24994,11,,,1,8,,25011,11,,,1,9,,25028,11,,,1,8,,25045,11,,,1,9,,25059,11,,,1,48,,25076,11,,,1,8,,25089,11,,,1,9,,24978,11,,,1,8,,24995,11,,,1,9,,25012,11,,,1,8,,25029,11,,,1,9,,25046,11,,,1,48,,25060,11,,,1,9,,25077,11,,,1,8,,25090,11,,,1,9,,24979,11,,,1,8,,24996,11,,,1,9,,25013,11,,,1,8,,25030,11,,,1,49,,25047,11,,,1,8,,25061,11,,,1,9,,25078,11,,,1,8,,25091,11,,,1,9,,24980,11,,,1,10,,24997,11,,,1,10,,25014,11,,,1,50,,25031,11,,,1,10,,25048,11,,,1,10,,25062,11,,,1,10,,25092,11,,,1,10,,24981,11,,,1,10,,24998,11,,,1,50,,25015,11,,,1,10,,25032,11,,,1,10,,25049,11,,,1,10,,25063,11,,,1,10,,25093,11,,,1,10,,24982,11,,,1,50,,24999,11,,,1,10,,25016,11,,,1,10,,25033,11,,,1,10,,25050,11,,,1,10,,25064,11,,,1,10,,25094,11,,,1,50,,24983,11,,,1,10,,25000,11,,,1,10,,25017,11,,,1,10,,25034,11,,,1,10,,25051,11,,,1,10,,25065,11,,,1
500,'GLOBAUX-01-I',543,,25095,11,,,1,10,,25112,11,,,1,50,,25129,11,,,1,10,,25146,11,,,1,10,,25163,11,,,1,10,,25194,11,,,1,10,,25207,11,,,1,10,,25096,11,,,1,50,,25113,11,,,1,10,,25130,11,,,1,10,,25147,11,,,1,10,,25164,11,,,1,10,,25195,11,,,1,10,,25208,11,,,1,50,,25097,11,,,1,10,,25114,11,,,1,10,,25131,11,,,1,10,,25148,11,,,1,10,,25165,11,,,1,10,,25196,11,,,1,50,,25209,11,,,1,10,,25098,11,,,1,10,,25115,11,,,1,10,,25132,11,,,1,10,,25149,11,,,1,9,,25166,11,,,1,48,,25180,11,,,1,9,,25197,11,,,1,8,,25210,11,,,1,9,,25099,11,,,1,8,,25116,11,,,1,9,,25133,11,,,1,8,,25150,11,,,1,49,,25167,11,,,1,8,,25181,11,,,1,9,,25198,11,,,1,8,,25211,11,,,1,9,,25100,11,,,1,8,,25117,11,,,1,9,,25134,11,,,1,8,,25151,11,,,1,49,,25168,11,,,1,9,,25182,11,,,1,8,,25199,11,,,1,9,,25212,11,,,1,8,,25101,11,,,1,9,,25118,11,,,1,8,,25135,11,,,1,49,,25152,11,,,1,8,,25169,11,,,1,9,,25183,11,,,1,8,,25200,11,,,1,9,,25213,11,,,1,8,,25102,11,,,1,9,,25119,11,,,1,48,,25136,11,,,1,9,,25153,11,,,1,8,,25170,11,,,1,9,,25184,11,,,1,8,,25201,11,,,1,9,,25214,11,,,1,8,,25103,11,,,1,49,,25120,11,,,1,8,,25137,11,,,1,9,,25154,11,,,1,8,,25171,11,,,1,9,,25185,11,,,1,8,,25202,11,,,1,9,,25215,11,,,1,48,,25104,11,,,1,9,,25121,11,,,1,8,,25138,11,,,1,9,,25155,11,,,1,8,,25172,11,,,1,9,,25186,11,,,1,8,,25203,11,,,1,49,,25216,11,,,1,8,,25105,11,,,1,9,,25122,11,,,1,8,,25139,11,,,1,9,,25156,11,,,1,8,,25173,11,,,1,9,,25187,11,,,1,48,,25204,11,,,1,8,,25217,11,,,1,9,,25106,11,,,1,8,,25123,11,,,1,9,,25140,11,,,1,8,,25157,11,,,1,9,,25174,11,,,1,48,,25188,11,,,1,9,,25205,11,,,1,8,,25218,11,,,1,9,,25107,11,,,1,8,,25124,11,,,1,9,,25141,11,,,1,8,,25158,11,,,1,49,,25175,11,,,1,8,,25189,11,,,1,9,,25206,11,,,1,8,,25219,11,,,1,9,,25108,11,,,1,10,,25125,11,,,1,10,,25142,11,,,1,50,,25159,11,,,1,10,,25176,11,,,1,10,,25190,11,,,1,10,,25220,11,,,1,10,,25109,11,,,1,10,,25126,11,,,1,50,,25143,11,,,1,10,,25160,11,,,1,10,,25177,11,,,1,10,,25191,11,,,1,10,,25221,11,,,1,10,,25110,11,,,1,50,,25127,11,,,1,10,,25144,11,,,1,10,,25161,11,,,1,10,,25178,11,,,1,10,,25192,11,,,1,10,,25222,11,,,1,50,,25111,11,,,1,10,,25128,11,,,1,10,,25145,11,,,1,10,,25162,11,,,1,10,,25179,11,,,1,10,,25193,11,,,1
500,'GLOBAUX-01-S',543,,25223,11,,,1,8,,25235,11,,,1,8,,25239,11,,,1,48,,25263,11,,,1,8,,25301,11,,,1,6,,25328,11,,,1,6,,25345,11,,,1,5,,25348,11,,,1,5,,25375,11,,,1,5,,25386,11,,,1,4,,25389,11,,,1,5,,25401,11,,,1,4,,25224,11,,,1,45,,25236,11,,,1,5,,25240,11,,,1,4,,25264,11,,,1,5,,25281,11,,,1,4,,25284,11,,,1,5,,25302,11,,,1,4,,25309,11,,,1,5,,25329,11,,,1,4,,25346,11,,,1,5,,25349,11,,,1,4,,25376,11,,,1,5,,25387,11,,,1,4,,25390,11,,,1,5,,25402,11,,,1,44,,25225,11,,,1,5,,25237,11,,,1,4,,25241,11,,,1,4,,25265,11,,,1,3,,25282,11,,,1,4,,25285,11,,,1,3,,25303,11,,,1,4,,25304,11,,,1,3,,25310,11,,,1,4,,25330,11,,,1,3,,25347,11,,,1,4,,25350,11,,,1,4,,25360,11,,,1,5,,25377,11,,,1,4,,25388,11,,,1,45,,25391,11,,,1,4,,25403,11,,,1,5,,25226,11,,,1,4,,25238,11,,,1,5,,25242,11,,,1,4,,25266,11,,,1,5,,25283,11,,,1,4,,25286,11,,,1,5,,25305,11,,,1,4,,25311,11,,,1,7,,25331,11,,,1,7,,25361,11,,,1,47,,25378,11,,,1,8,,25404,11,,,1,7,,25227,11,,,1,7,,25243,11,,,1,7,,25267,11,,,1,8,,25287,11,,,1,7,,25312,11,,,1,7,,25332,11,,,1,47,,25362,11,,,1,8,,25379,11,,,1,7,,25405,11,,,1,7,,25228,11,,,1,8,,25244,11,,,1,7,,25268,11,,,1,7,,25288,11,,,1,7,,25313,11,,,1,48,,25333,11,,,1,7,,25363,11,,,1,7,,25380,11,,,1,7,,25406,11,,,1,8,,25229,11,,,1,7,,25245,11,,,1,7,,25269,11,,,1,7,,25289,11,,,1,8,,25314,11,,,1,47,,25334,11,,,1,7,,25364,11,,,1,7,,25381,11,,,1,8,,25407,11,,,1,7,,25230,11,,,1,7,,25246,11,,,1,7,,25270,11,,,1,8,,25290,11,,,1,47,,25315,11,,,1,7,,25335,11,,,1,7,,25365,11,,,1,8,,25382,11,,,1,7,,25408,11,,,1,7,,25231,11,,,1,7,,25247,11,,,1,8,,25271,11,,,1,47,,25291,11,,,1,7,,25316,11,,,1,6,,25336,11,,,1,6,,25351,11,,,1,5,,25366,11,,,1,5,,25383,11,,,1,6,,25392,11,,,1,5,,25409,11,,,1,5,,25232,11,,,1,4,,25248,11,,,1,5,,25257,11,,,1,45,,25272,11,,,1,5,,25292,11,,,1,5,,25306,11,,,1,5,,25317,11,,,1,5,,25325,11,,,1,4,,25337,11,,,1,5,,25352,11,,,1,5,,25367,11,,,1,5,,25384,11,,,1,5,,25393,11,,,1,4,,25410,11,,,1,5,,25233,11,,,1,5,,25249,11,,,1,45,,25258,11,,,1,5,,25273,11,,,1,5,,25293,11,,,1,4,,25307,11,,,1,5,,25318,11,,,1,5,,25326,11,,,1,5,,25338,11,,,1,5,,25353,11,,,1,5,,25368,11,,,1,4,,25385,11,,,1,5,,25394,11,,,1,5,,25411,11,,,1,45,,25234,11,,,1,5,,25250,11,,,1,5,,25259,11,,,1,5,,25274,11,,,1,5,,25294,11,,,1,6,,25308,11,,,1,5,,25319,11,,,1,6,,25327,11,,,1,7,,25339,11,,,1,6,,25354,11,,,1,7,,25369,11,,,1,46,,25395,11,,,1,7,,25412,11,,,1,6,,25251,11,,,1,7,,25260,11,,,1,6,,25275,11,,,1,7,,25295,11,,,1,6,,25320,11,,,1,6,,25340,11,,,1,7,,25355,11,,,1,46,,25370,11,,,1,7,,25396,11,,,1,6,,25413,11,,,1,7,,25252,11,,,1,6,,25261,11,,,1,7,,25276,11,,,1,6,,25296,11,,,1,7,,25321,11,,,1,6,,25341,11,,,1,47,,25356,11,,,1,6,,25371,11,,,1,7,,25397,11,,,1,6,,25414,11,,,1,7,,25253,11,,,1,6,,25262,11,,,1,7,,25277,11,,,1,6,,25297,11,,,1,7,,25322,11,,,1,6,,25342,11,,,1,47,,25357,11,,,1,6,,25372,11,,,1,7,,25398,11,,,1,6,,25415,11,,,1,7,,25254,11,,,1,8,,25278,11,,,1,8,,25298,11,,,1,8,,25323,11,,,1,47,,25343,11,,,1,8,,25358,11,,,1,8,,25373,11,,,1,8,,25399,11,,,1,8,,25255,11,,,1,8,,25279,11,,,1,8,,25299,11,,,1,8,,25324,11,,,1,48,,25344,11,,,1,8,,25359,11,,,1,8,,25374,11,,,1,8,,25400,11,,,1,8,,25256,11,,,1,10,,25280,11,,,1,9,,25300,11,,,1
501,'GLOBAUX-01-A',531,,25484,2,,,1,10,,25513,2,,,1,10,,25531,2,,,1,50,,25416,2,,,1,10,,25433,2,,,1,10,,25450,2,,,1,10,,25467,2,,,1,10,,25485,2,,,1,10,,25514,2,,,1,50,,25532,2,,,1,10,,25417,2,,,1,10,,25434,2,,,1,10,,25451,2,,,1,10,,25468,2,,,1,10,,25486,2,,,1,50,,25515,2,,,1,10,,25533,2,,,1,10,,25418,2,,,1,10,,25435,2,,,1,10,,25452,2,,,1,10,,25469,2,,,1,49,,25487,2,,,1,8,,25502,2,,,1,9,,25516,2,,,1,8,,25534,2,,,1,9,,25419,2,,,1,8,,25436,2,,,1,9,,25453,2,,,1,8,,25470,2,,,1,49,,25488,2,,,1,8,,25503,2,,,1,9,,25517,2,,,1,8,,25535,2,,,1,9,,25420,2,,,1,8,,25437,2,,,1,9,,25454,2,,,1,48,,25471,2,,,1,9,,25489,2,,,1,8,,25504,2,,,1,9,,25518,2,,,1,8,,25536,2,,,1,9,,25421,2,,,1,8,,25438,2,,,1,49,,25455,2,,,1,8,,25472,2,,,1,9,,25490,2,,,1,8,,25505,2,,,1,9,,25519,2,,,1,8,,25537,2,,,1,9,,25422,2,,,1,48,,25439,2,,,1,9,,25456,2,,,1,8,,25473,2,,,1,9,,25491,2,,,1,8,,25506,2,,,1,9,,25520,2,,,1,8,,25538,2,,,1,49,,25423,2,,,1,8,,25440,2,,,1,9,,25457,2,,,1,8,,25474,2,,,1,9,,25492,2,,,1,8,,25507,2,,,1,9,,25521,2,,,1,48,,25539,2,,,1,9,,25424,2,,,1,8,,25441,2,,,1,9,,25458,2,,,1,8,,25475,2,,,1,9,,25493,2,,,1,8,,25508,2,,,1,49,,25522,2,,,1,8,,25540,2,,,1,9,,25425,2,,,1,8,,25442,2,,,1,9,,25459,2,,,1,8,,25476,2,,,1,9,,25494,2,,,1,48,,25509,2,,,1,9,,25523,2,,,1,8,,25541,2,,,1,9,,25426,2,,,1,8,,25443,2,,,1,9,,25460,2,,,1,8,,25477,2,,,1,49,,25495,2,,,1,8,,25510,2,,,1,9,,25524,2,,,1,8,,25542,2,,,1,9,,25427,2,,,1,8,,25444,2,,,1,9,,25461,2,,,1,48,,25478,2,,,1,9,,25496,2,,,1,8,,25511,2,,,1,9,,25525,2,,,1,8,,25543,2,,,1,9,,25428,2,,,1,8,,25445,2,,,1,49,,25462,2,,,1,8,,25479,2,,,1,9,,25497,2,,,1,8,,25512,2,,,1,9,,25526,2,,,1,9,,25544,2,,,1,10,,25429,2,,,1,50,,25446,2,,,1,10,,25463,2,,,1,10,,25480,2,,,1,10,,25498,2,,,1,10,,25527,2,,,1,10,,25545,2,,,1,50,,25430,2,,,1,10,,25447,2,,,1,10,,25464,2,,,1,10,,25481,2,,,1,10,,25499,2,,,1,10,,25528,2,,,1,50,,25546,2,,,1,10,,25431,2,,,1,10,,25448,2,,,1,10,,25465,2,,,1,10,,25482,2,,,1,10,,25500,2,,,1,50,,25529,2,,,1,10,,25547,2,,,1,10,,25432,2,,,1,10,,25449,2,,,1,10,,25466,2,,,1,10,,25483,2,,,1,50,,25501,2,,,1,10,,25530,2,,,1
501,'GLOBAUX-01-F1',531,,25615,2,,,1,10,,25646,2,,,1,10,,25659,2,,,1,50,,25548,2,,,1,10,,25565,2,,,1,10,,25582,2,,,1,10,,25599,2,,,1,10,,25616,2,,,1,10,,25647,2,,,1,50,,25660,2,,,1,10,,25549,2,,,1,10,,25566,2,,,1,10,,25583,2,,,1,10,,25600,2,,,1,10,,25617,2,,,1,50,,25648,2,,,1,10,,25661,2,,,1,10,,25550,2,,,1,10,,25567,2,,,1,10,,25584,2,,,1,10,,25601,2,,,1,49,,25618,2,,,1,8,,25632,2,,,1,9,,25649,2,,,1,8,,25662,2,,,1,9,,25551,2,,,1,8,,25568,2,,,1,9,,25585,2,,,1,8,,25602,2,,,1,49,,25619,2,,,1,8,,25633,2,,,1,9,,25650,2,,,1,8,,25663,2,,,1,9,,25552,2,,,1,8,,25569,2,,,1,9,,25586,2,,,1,48,,25603,2,,,1,9,,25620,2,,,1,8,,25634,2,,,1,9,,25651,2,,,1,8,,25664,2,,,1,9,,25553,2,,,1,8,,25570,2,,,1,49,,25587,2,,,1,8,,25604,2,,,1,9,,25621,2,,,1,8,,25635,2,,,1,9,,25652,2,,,1,8,,25665,2,,,1,9,,25554,2,,,1,48,,25571,2,,,1,9,,25588,2,,,1,8,,25605,2,,,1,9,,25622,2,,,1,8,,25636,2,,,1,9,,25653,2,,,1,8,,25666,2,,,1,49,,25555,2,,,1,8,,25572,2,,,1,9,,25589,2,,,1,8,,25606,2,,,1,9,,25623,2,,,1,8,,25637,2,,,1,9,,25654,2,,,1,48,,25667,2,,,1,9,,25556,2,,,1,8,,25573,2,,,1,9,,25590,2,,,1,8,,25607,2,,,1,9,,25624,2,,,1,8,,25638,2,,,1,49,,25655,2,,,1,8,,25668,2,,,1,9,,25557,2,,,1,8,,25574,2,,,1,9,,25591,2,,,1,8,,25608,2,,,1,9,,25625,2,,,1,48,,25639,2,,,1,9,,25656,2,,,1,8,,25669,2,,,1,9,,25558,2,,,1,8,,25575,2,,,1,9,,25592,2,,,1,8,,25609,2,,,1,49,,25626,2,,,1,8,,25640,2,,,1,9,,25657,2,,,1,8,,25670,2,,,1,9,,25559,2,,,1,8,,25576,2,,,1,9,,25593,2,,,1,48,,25610,2,,,1,9,,25627,2,,,1,8,,25641,2,,,1,9,,25658,2,,,1,8,,25671,2,,,1,9,,25560,2,,,1,10,,25577,2,,,1,50,,25594,2,,,1,10,,25611,2,,,1,10,,25628,2,,,1,10,,25642,2,,,1,10,,25672,2,,,1,10,,25561,2,,,1,50,,25578,2,,,1,10,,25595,2,,,1,10,,25612,2,,,1,10,,25629,2,,,1,10,,25643,2,,,1,10,,25673,2,,,1,50,,25562,2,,,1,10,,25579,2,,,1,10,,25596,2,,,1,10,,25613,2,,,1,10,,25630,2,,,1,10,,25644,2,,,1,50,,25674,2,,,1,10,,25563,2,,,1,10,,25580,2,,,1,10,,25597,2,,,1,10,,25614,2,,,1,10,,25631,2,,,1,50,,25645,2,,,1,10,,25675,2,,,1,10,,25564,2,,,1,10,,25581,2,,,1,10,,25598,2,,,1
501,'GLOBAUX-01-F2',531,,25743,2,,,1,10,,25774,2,,,1,10,,25787,2,,,1,50,,25676,2,,,1,10,,25693,2,,,1,10,,25710,2,,,1,10,,25727,2,,,1,10,,25744,2,,,1,10,,25775,2,,,1,50,,25788,2,,,1,10,,25677,2,,,1,10,,25694,2,,,1,10,,25711,2,,,1,10,,25728,2,,,1,10,,25745,2,,,1,50,,25776,2,,,1,10,,25789,2,,,1,10,,25678,2,,,1,10,,25695,2,,,1,10,,25712,2,,,1,10,,25729,2,,,1,49,,25746,2,,,1,8,,25760,2,,,1,9,,25777,2,,,1,8,,25790,2,,,1,9,,25679,2,,,1,8,,25696,2,,,1,9,,25713,2,,,1,8,,25730,2,,,1,49,,25747,2,,,1,8,,25761,2,,,1,9,,25778,2,,,1,8,,25791,2,,,1,9,,25680,2,,,1,8,,25697,2,,,1,9,,25714,2,,,1,48,,25731,2,,,1,9,,25748,2,,,1,8,,25762,2,,,1,9,,25779,2,,,1,8,,25792,2,,,1,9,,25681,2,,,1,8,,25698,2,,,1,49,,25715,2,,,1,8,,25732,2,,,1,9,,25749,2,,,1,8,,25763,2,,,1,9,,25780,2,,,1,8,,25793,2,,,1,9,,25682,2,,,1,48,,25699,2,,,1,9,,25716,2,,,1,8,,25733,2,,,1,9,,25750,2,,,1,8,,25764,2,,,1,9,,25781,2,,,1,8,,25794,2,,,1,49,,25683,2,,,1,8,,25700,2,,,1,9,,25717,2,,,1,8,,25734,2,,,1,9,,25751,2,,,1,8,,25765,2,,,1,9,,25782,2,,,1,48,,25795,2,,,1,9,,25684,2,,,1,8,,25701,2,,,1,9,,25718,2,,,1,8,,25735,2,,,1,9,,25752,2,,,1,8,,25766,2,,,1,49,,25783,2,,,1,8,,25796,2,,,1,9,,25685,2,,,1,8,,25702,2,,,1,9,,25719,2,,,1,8,,25736,2,,,1,9,,25753,2,,,1,48,,25767,2,,,1,9,,25784,2,,,1,8,,25797,2,,,1,9,,25686,2,,,1,8,,25703,2,,,1,9,,25720,2,,,1,8,,25737,2,,,1,49,,25754,2,,,1,8,,25768,2,,,1,9,,25785,2,,,1,8,,25798,2,,,1,9,,25687,2,,,1,8,,25704,2,,,1,9,,25721,2,,,1,48,,25738,2,,,1,9,,25755,2,,,1,8,,25769,2,,,1,9,,25786,2,,,1,8,,25799,2,,,1,9,,25688,2,,,1,10,,25705,2,,,1,50,,25722,2,,,1,10,,25739,2,,,1,10,,25756,2,,,1,10,,25770,2,,,1,10,,25800,2,,,1,10,,25689,2,,,1,50,,25706,2,,,1,10,,25723,2,,,1,10,,25740,2,,,1,10,,25757,2,,,1,10,,25771,2,,,1,10,,25801,2,,,1,50,,25690,2,,,1,10,,25707,2,,,1,10,,25724,2,,,1,10,,25741,2,,,1,10,,25758,2,,,1,10,,25772,2,,,1,50,,25802,2,,,1,10,,25691,2,,,1,10,,25708,2,,,1,10,,25725,2,,,1,10,,25742,2,,,1,10,,25759,2,,,1,50,,25773,2,,,1,10,,25803,2,,,1,10,,25692,2,,,1,10,,25709,2,,,1,10,,25726,2,,,1
501,'GLOBAUX-01-I',531,,25871,2,,,1,10,,25902,2,,,1,10,,25915,2,,,1,50,,25804,2,,,1,10,,25821,2,,,1,10,,25838,2,,,1,10,,25855,2,,,1,10,,25872,2,,,1,10,,25903,2,,,1,50,,25916,2,,,1,10,,25805,2,,,1,10,,25822,2,,,1,10,,25839,2,,,1,10,,25856,2,,,1,10,,25873,2,,,1,50,,25904,2,,,1,10,,25917,2,,,1,10,,25806,2,,,1,10,,25823,2,,,1,10,,25840,2,,,1,10,,25857,2,,,1,49,,25874,2,,,1,8,,25888,2,,,1,9,,25905,2,,,1,8,,25918,2,,,1,9,,25807,2,,,1,8,,25824,2,,,1,9,,25841,2,,,1,8,,25858,2,,,1,49,,25875,2,,,1,8,,25889,2,,,1,9,,25906,2,,,1,8,,25919,2,,,1,9,,25808,2,,,1,8,,25825,2,,,1,9,,25842,2,,,1,48,,25859,2,,,1,9,,25876,2,,,1,8,,25890,2,,,1,9,,25907,2,,,1,8,,25920,2,,,1,9,,25809,2,,,1,8,,25826,2,,,1,49,,25843,2,,,1,8,,25860,2,,,1,9,,25877,2,,,1,8,,25891,2,,,1,9,,25908,2,,,1,8,,25921,2,,,1,9,,25810,2,,,1,48,,25827,2,,,1,9,,25844,2,,,1,8,,25861,2,,,1,9,,25878,2,,,1,8,,25892,2,,,1,9,,25909,2,,,1,8,,25922,2,,,1,49,,25811,2,,,1,8,,25828,2,,,1,9,,25845,2,,,1,8,,25862,2,,,1,9,,25879,2,,,1,8,,25893,2,,,1,9,,25910,2,,,1,48,,25923,2,,,1,9,,25812,2,,,1,8,,25829,2,,,1,9,,25846,2,,,1,8,,25863,2,,,1,9,,25880,2,,,1,8,,25894,2,,,1,49,,25911,2,,,1,8,,25924,2,,,1,9,,25813,2,,,1,8,,25830,2,,,1,9,,25847,2,,,1,8,,25864,2,,,1,9,,25881,2,,,1,48,,25895,2,,,1,9,,25912,2,,,1,8,,25925,2,,,1,9,,25814,2,,,1,8,,25831,2,,,1,9,,25848,2,,,1,8,,25865,2,,,1,49,,25882,2,,,1,8,,25896,2,,,1,9,,25913,2,,,1,8,,25926,2,,,1,9,,25815,2,,,1,8,,25832,2,,,1,9,,25849,2,,,1,48,,25866,2,,,1,9,,25883,2,,,1,8,,25897,2,,,1,9,,25914,2,,,1,8,,25927,2,,,1,9,,25816,2,,,1,10,,25833,2,,,1,50,,25850,2,,,1,10,,25867,2,,,1,10,,25884,2,,,1,10,,25898,2,,,1,10,,25928,2,,,1,10,,25817,2,,,1,50,,25834,2,,,1,10,,25851,2,,,1,10,,25868,2,,,1,10,,25885,2,,,1,10,,25899,2,,,1,10,,25929,2,,,1,50,,25818,2,,,1,10,,25835,2,,,1,10,,25852,2,,,1,10,,25869,2,,,1,10,,25886,2,,,1,10,,25900,2,,,1,50,,25930,2,,,1,10,,25819,2,,,1,10,,25836,2,,,1,10,,25853,2,,,1,10,,25870,2,,,1,10,,25887,2,,,1,50,,25901,2,,,1,10,,25931,2,,,1,10,,25820,2,,,1,10,,25837,2,,,1,10,,25854,2,,,1
501,'GLOBAUX-01-S',531,,26034,2,,,1,8,,26052,2,,,1,8,,26083,2,,,1,8,,26095,2,,,1,47,,25932,2,,,1,7,,25943,2,,,1,6,,25947,2,,,1,6,,25971,2,,,1,6,,25990,2,,,1,4,,26007,2,,,1,5,,26014,2,,,1,4,,26035,2,,,1,5,,26053,2,,,1,4,,26056,2,,,1,5,,26084,2,,,1,4,,26096,2,,,1,45,,26099,2,,,1,5,,26111,2,,,1,4,,25933,2,,,1,5,,25944,2,,,1,4,,25948,2,,,1,5,,25972,2,,,1,4,,25988,2,,,1,4,,25991,2,,,1,4,,26008,2,,,1,4,,26009,2,,,1,4,,26015,2,,,1,3,,26036,2,,,1,4,,26054,2,,,1,3,,26057,2,,,1,44,,26067,2,,,1,3,,26085,2,,,1,4,,26097,2,,,1,3,,26100,2,,,1,4,,26112,2,,,1,5,,25934,2,,,1,4,,25945,2,,,1,5,,25949,2,,,1,4,,25973,2,,,1,5,,25989,2,,,1,4,,25992,2,,,1,5,,26010,2,,,1,4,,26016,2,,,1,5,,26037,2,,,1,4,,26055,2,,,1,45,,26068,2,,,1,4,,26086,2,,,1,5,,26098,2,,,1,4,,26101,2,,,1,5,,26113,2,,,1,4,,25935,2,,,1,5,,25946,2,,,1,5,,25950,2,,,1,7,,25974,2,,,1,7,,25993,2,,,1,7,,26017,2,,,1,48,,26038,2,,,1,7,,26069,2,,,1,7,,26087,2,,,1,7,,26114,2,,,1,8,,25936,2,,,1,7,,25951,2,,,1,7,,25975,2,,,1,7,,25994,2,,,1,48,,26018,2,,,1,7,,26039,2,,,1,7,,26070,2,,,1,8,,26088,2,,,1,7,,26115,2,,,1,7,,25937,2,,,1,7,,25952,2,,,1,8,,25976,2,,,1,47,,25995,2,,,1,7,,26019,2,,,1,7,,26040,2,,,1,8,,26071,2,,,1,7,,26089,2,,,1,7,,26116,2,,,1,7,,25938,2,,,1,8,,25953,2,,,1,7,,25977,2,,,1,47,,25996,2,,,1,7,,26020,2,,,1,8,,26041,2,,,1,7,,26072,2,,,1,7,,26090,2,,,1,7,,26117,2,,,1,8,,25939,2,,,1,7,,25954,2,,,1,47,,25978,2,,,1,7,,25997,2,,,1,8,,26021,2,,,1,7,,26042,2,,,1,7,,26073,2,,,1,7,,26091,2,,,1,8,,26118,2,,,1,7,,25940,2,,,1,45,,25955,2,,,1,5,,25964,2,,,1,5,,25979,2,,,1,5,,25998,2,,,1,5,,26011,2,,,1,4,,26022,2,,,1,5,,26031,2,,,1,5,,26043,2,,,1,5,,26058,2,,,1,5,,26074,2,,,1,5,,26092,2,,,1,4,,26102,2,,,1,5,,26119,2,,,1,45,,25941,2,,,1,5,,25956,2,,,1,5,,25965,2,,,1,5,,25980,2,,,1,4,,25999,2,,,1,5,,26012,2,,,1,5,,26023,2,,,1,5,,26032,2,,,1,5,,26044,2,,,1,5,,26059,2,,,1,4,,26075,2,,,1,5,,26093,2,,,1,45,,26103,2,,,1,5,,26120,2,,,1,5,,25942,2,,,1,5,,25957,2,,,1,5,,25966,2,,,1,5,,25981,2,,,1,5,,26000,2,,,1,5,,26013,2,,,1,5,,26024,2,,,1,5,,26033,2,,,1,5,,26045,2,,,1,5,,26060,2,,,1,45,,26076,2,,,1,5,,26094,2,,,1,6,,26104,2,,,1,6,,26121,2,,,1,7,,25958,2,,,1,6,,25967,2,,,1,7,,25982,2,,,1,6,,26001,2,,,1,7,,26025,2,,,1,6,,26046,2,,,1,47,,26061,2,,,1,6,,26077,2,,,1,7,,26105,2,,,1,6,,26122,2,,,1,7,,25959,2,,,1,6,,25968,2,,,1,7,,25983,2,,,1,6,,26002,2,,,1,7,,26026,2,,,1,46,,26047,2,,,1,7,,26062,2,,,1,6,,26078,2,,,1,7,,26106,2,,,1,6,,26123,2,,,1,7,,25960,2,,,1,6,,25969,2,,,1,7,,25984,2,,,1,6,,26003,2,,,1,47,,26027,2,,,1,6,,26048,2,,,1,7,,26063,2,,,1,6,,26079,2,,,1,7,,26107,2,,,1,6,,26124,2,,,1,7,,25961,2,,,1,6,,25970,2,,,1,7,,25985,2,,,1,6,,26004,2,,,1,48,,26028,2,,,1,8,,26049,2,,,1,8,,26064,2,,,1,7,,26080,2,,,1,8,,26108,2,,,1,8,,25962,2,,,1,8,,25986,2,,,1,48,,26005,2,,,1,8,,26029,2,,,1,8,,26050,2,,,1,8,,26065,2,,,1,8,,26081,2,,,1,8,,26109,2,,,1,8,,25963,2,,,1,8,,25987,2,,,1,48,,26006,2,,,1,8,,26030,2,,,1,8,,26051,2,,,1,8,,26066,2,,,1,8,,26082,2,,,1,8,,26110,2,,,1
