100,'GLOBAUX-01-A',543,,20201,10,,,1,10,,20211,10,,,1,50,,20229,10,,,1,10,,20236,10,,,1,10,,20246,10,,,1,10,,20269,10,,,1,10,,20287,10,,,1,10,,20297,10,,,1,50,,20304,10,,,1,10,,20314,10,,,1,10,,20331,10,,,1,10,,20341,10,,,1,10,,20202,10,,,1,10,,20212,10,,,1,50,,20230,10,,,1,10,,20237,10,,,1,10,,20247,10,,,1,10,,20270,10,,,1,9,,20278,10,,,1,10,,20288,10,,,1,49,,20298,10,,,1,8,,20305,10,,,1,9,,20315,10,,,1,8,,20332,10,,,1,9,,20342,10,,,1,8,,20203,10,,,1,9,,20213,10,,,1,48,,20221,10,,,1,8,,20231,10,,,1,9,,20238,10,,,1,8,,20248,10,,,1,8,,20263,10,,,1,8,,20271,10,,,1,7,,20279,10,,,1,8,,20289,10,,,1,48,,20299,10,,,1,7,,20306,10,,,1,8,,20316,10,,,1,8,,20333,10,,,1,7,,20343,10,,,1,8,,20204,10,,,1,8,,20214,10,,,1,7,,20222,10,,,1,48,,20232,10,,,1,7,,20239,10,,,1,6,,20249,10,,,1,7,,20256,10,,,1,6,,20264,10,,,1,7,,20272,10,,,1,7,,20280,10,,,1,6,,20290,10,,,1,7,,20300,10,,,1,46,,20307,10,,,1,7,,20317,10,,,1,6,,20324,10,,,1,7,,20334,10,,,1,6,,20344,10,,,1,7,,20205,10,,,1,6,,20215,10,,,1,7,,20223,10,,,1,6,,20233,10,,,1,47,,20240,10,,,1,6,,20250,10,,,1,7,,20257,10,,,1,6,,20265,10,,,1,7,,20273,10,,,1,6,,20281,10,,,1,7,,20291,10,,,1,6,,20301,10,,,1,6,,20308,10,,,1,47,,20318,10,,,1,6,,20325,10,,,1,7,,20335,10,,,1,6,,20345,10,,,1,7,,20206,10,,,1,6,,20216,10,,,1,7,,20224,10,,,1,6,,20234,10,,,1,7,,20241,10,,,1,6,,20251,10,,,1,47,,20258,10,,,1,6,,20266,10,,,1,7,,20274,10,,,1,7,,20282,10,,,1,6,,20292,10,,,1,7,,20302,10,,,1,6,,20309,10,,,1,7,,20319,10,,,1,6,,20326,10,,,1,47,,20336,10,,,1,6,,20346,10,,,1,6,,20207,10,,,1,7,,20217,10,,,1,7,,20225,10,,,1,6,,20235,10,,,1,7,,20242,10,,,1,6,,20252,10,,,1,7,,20259,10,,,1,46,,20267,10,,,1,6,,20275,10,,,1,7,,20283,10,,,1,6,,20293,10,,,1,7,,20303,10,,,1,6,,20310,10,,,1,7,,20320,10,,,1,7,,20327,10,,,1,8,,20337,10,,,1,48,,20347,10,,,1,7,,20208,10,,,1,8,,20218,10,,,1,8,,20226,10,,,1,7,,20243,10,,,1,8,,20253,10,,,1,7,,20260,10,,,1,8,,20268,10,,,1,48,,20276,10,,,1,7,,20284,10,,,1,9,,20294,10,,,1,8,,20311,10,,,1,8,,20321,10,,,1,9,,20328,10,,,1,8,,20338,10,,,1,49,,20348,10,,,1,8,,20209,10,,,1,8,,20219,10,,,1,9,,20227,10,,,1,8,,20244,10,,,1,9,,20254,10,,,1,8,,20261,10,,,1,48,,20277,10,,,1,9,,20285,10,,,1,8,,20295,10,,,1,10,,20312,10,,,1,10,,20322,10,,,1,9,,20329,10,,,1,10,,20339,10,,,1,50,,20349,10,,,1,10,,20210,10,,,1,10,,20220,10,,,1,10,,20228,10,,,1,10,,20245,10,,,1,10,,20255,10,,,1,50,,20262,10,,,1,10,,20286,10,,,1,10,,20296,10,,,1,10,,20313,10,,,1,10,,20323,10,,,1,10,,20330,10,,,1,50,,20340,10,,,1,10,,20350,10,,,1
100,'GLOBAUX-01-F1',543,,20351,10,,,1,10,,20361,10,,,1,50,,20368,10,,,1,10,,20393,10,,,1,10,,20403,10,,,1,10,,20413,10,,,1,10,,20435,10,,,1,10,,20445,10,,,1,50,,20454,10,,,1,10,,20463,10,,,1,10,,20472,10,,,1,10,,20481,10,,,1,10,,20352,10,,,1,10,,20362,10,,,1,50,,20369,10,,,1,10,,20394,10,,,1,10,,20404,10,,,1,9,,20414,10,,,1,9,,20429,10,,,1,10,,20436,10,,,1,49,,20446,10,,,1,9,,20455,10,,,1,10,,20464,10,,,1,9,,20473,10,,,1,9,,20482,10,,,1,8,,20353,10,,,1,8,,20363,10,,,1,49,,20370,10,,,1,8,,20385,10,,,1,9,,20395,10,,,1,8,,20405,10,,,1,9,,20415,10,,,1,8,,20430,10,,,1,9,,20437,10,,,1,48,,20447,10,,,1,8,,20456,10,,,1,9,,20465,10,,,1,8,,20474,10,,,1,9,,20483,10,,,1,8,,20354,10,,,1,8,,20364,10,,,1,7,,20371,10,,,1,48,,20378,10,,,1,8,,20386,10,,,1,7,,20396,10,,,1,8,,20406,10,,,1,8,,20416,10,,,1,8,,20431,10,,,1,7,,20438,10,,,1,48,,20448,10,,,1,8,,20457,10,,,1,7,,20466,10,,,1,8,,20475,10,,,1,8,,20484,10,,,1,7,,20355,10,,,1,8,,20365,10,,,1,8,,20372,10,,,1,47,,20379,10,,,1,8,,20387,10,,,1,8,,20397,10,,,1,7,,20407,10,,,1,7,,20417,10,,,1,7,,20423,10,,,1,7,,20432,10,,,1,7,,20439,10,,,1,7,,20449,10,,,1,47,,20458,10,,,1,7,,20467,10,,,1,7,,20476,10,,,1,7,,20485,10,,,1,7,,20356,10,,,1,7,,20366,10,,,1,7,,20373,10,,,1,7,,20380,10,,,1,47,,20388,10,,,1,7,,20398,10,,,1,7,,20408,10,,,1,7,,20418,10,,,1,7,,20424,10,,,1,7,,20433,10,,,1,7,,20440,10,,,1,7,,20450,10,,,1,7,,20459,10,,,1,47,,20468,10,,,1,7,,20477,10,,,1,7,,20486,10,,,1,7,,20357,10,,,1,7,,20367,10,,,1,7,,20374,10,,,1,7,,20381,10,,,1,7,,20389,10,,,1,47,,20399,10,,,1,7,,20409,10,,,1,7,,20419,10,,,1,7,,20425,10,,,1,7,,20434,10,,,1,7,,20441,10,,,1,7,,20451,10,,,1,8,,20460,10,,,1,8,,20469,10,,,1,49,,20478,10,,,1,8,,20487,10,,,1,9,,20358,10,,,1,8,,20375,10,,,1,9,,20382,10,,,1,8,,20390,10,,,1,8,,20400,10,,,1,49,,20410,10,,,1,8,,20420,10,,,1,9,,20426,10,,,1,8,,20442,10,,,1,8,,20452,10,,,1,9,,20461,10,,,1,8,,20470,10,,,1,49,,20479,10,,,1,8,,20488,10,,,1,9,,20359,10,,,1,8,,20376,10,,,1,8,,20383,10,,,1,9,,20391,10,,,1,9,,20401,10,,,1,49,,20411,10,,,1,9,,20421,10,,,1,9,,20427,10,,,1,9,,20443,10,,,1,9,,20453,10,,,1,9,,20462,10,,,1,49,,20471,10,,,1,9,,20480,10,,,1,9,,20489,10,,,1,10,,20360,10,,,1,10,,20377,10,,,1,10,,20384,10,,,1,10,,20392,10,,,1,50,,20402,10,,,1,10,,20412,10,,,1,10,,20422,10,,,1,10,,20428,10,,,1,10,,20444,10,,,1
100,'GLOBAUX-01-F2',543,,20490,10,,,1,10,,20500,10,,,1,50,,20507,10,,,1,10,,20532,10,,,1,10,,20542,10,,,1,10,,20552,10,,,1,10,,20574,10,,,1,10,,20584,10,,,1,50,,20593,10,,,1,10,,20602,10,,,1,10,,20611,10,,,1,10,,20620,10,,,1,10,,20491,10,,,1,10,,20501,10,,,1,50,,20508,10,,,1,10,,20533,10,,,1,10,,20543,10,,,1,9,,20553,10,,,1,9,,20568,10,,,1,10,,20575,10,,,1,49,,20585,10,,,1,9,,20594,10,,,1,10,,20603,10,,,1,9,,20612,10,,,1,9,,20621,10,,,1,8,,20492,10,,,1,8,,20502,10,,,1,49,,20509,10,,,1,8,,20524,10,,,1,9,,20534,10,,,1,8,,20544,10,,,1,9,,20554,10,,,1,8,,20569,10,,,1,9,,20576,10,,,1,48,,20586,10,,,1,8,,20595,10,,,1,9,,20604,10,,,1,8,,20613,10,,,1,9,,20622,10,,,1,8,,20493,10,,,1,8,,20503,10,,,1,7,,20510,10,,,1,48,,20517,10,,,1,8,,20525,10,,,1,7,,20535,10,,,1,8,,20545,10,,,1,8,,20555,10,,,1,8,,20570,10,,,1,7,,20577,10,,,1,48,,20587,10,,,1,8,,20596,10,,,1,7,,20605,10,,,1,8,,20614,10,,,1,8,,20623,10,,,1,7,,20494,10,,,1,8,,20504,10,,,1,8,,20511,10,,,1,47,,20518,10,,,1,8,,20526,10,,,1,8,,20536,10,,,1,7,,20546,10,,,1,7,,20556,10,,,1,7,,20562,10,,,1,7,,20571,10,,,1,7,,20578,10,,,1,7,,20588,10,,,1,47,,20597,10,,,1,7,,20606,10,,,1,7,,20615,10,,,1,7,,20624,10,,,1,7,,20495,10,,,1,7,,20505,10,,,1,7,,20512,10,,,1,7,,20519,10,,,1,47,,20527,10,,,1,7,,20537,10,,,1,7,,20547,10,,,1,7,,20557,10,,,1,7,,20563,10,,,1,7,,20572,10,,,1,7,,20579,10,,,1,7,,20589,10,,,1,7,,20598,10,,,1,47,,20607,10,,,1,7,,20616,10,,,1,7,,20625,10,,,1,7,,20496,10,,,1,7,,20506,10,,,1,7,,20513,10,,,1,7,,20520,10,,,1,7,,20528,10,,,1,47,,20538,10,,,1,7,,20548,10,,,1,7,,20558,10,,,1,7,,20564,10,,,1,7,,20573,10,,,1,7,,20580,10,,,1,7,,20590,10,,,1,8,,20599,10,,,1,8,,20608,10,,,1,49,,20617,10,,,1,8,,20626,10,,,1,9,,20497,10,,,1,8,,20514,10,,,1,9,,20521,10,,,1,8,,20529,10,,,1,8,,20539,10,,,1,49,,20549,10,,,1,8,,20559,10,,,1,9,,20565,10,,,1,8,,20581,10,,,1,8,,20591,10,,,1,9,,20600,10,,,1,8,,20609,10,,,1,49,,20618,10,,,1,8,,20627,10,,,1,9,,20498,10,,,1,8,,20515,10,,,1,8,,20522,10,,,1,9,,20530,10,,,1,9,,20540,10,,,1,49,,20550,10,,,1,9,,20560,10,,,1,9,,20566,10,,,1,9,,20582,10,,,1,9,,20592,10,,,1,9,,20601,10,,,1,49,,20610,10,,,1,9,,20619,10,,,1,9,,20628,10,,,1,10,,20499,10,,,1,10,,20516,10,,,1,10,,20523,10,,,1,10,,20531,10,,,1,50,,20541,10,,,1,10,,20551,10,,,1,10,,20561,10,,,1,10,,20567,10,,,1,10,,20583,10,,,1
100,'GLOBAUX-01-I',543,,20629,10,,,1,10,,20639,10,,,1,50,,20646,10,,,1,10,,20671,10,,,1,10,,20681,10,,,1,10,,20691,10,,,1,10,,20713,10,,,1,10,,20723,10,,,1,50,,20732,10,,,1,10,,20741,10,,,1,10,,20750,10,,,1,10,,20759,10,,,1,10,,20630,10,,,1,10,,20640,10,,,1,50,,20647,10,,,1,10,,20672,10,,,1,10,,20682,10,,,1,9,,20692,10,,,1,9,,20707,10,,,1,10,,20714,10,,,1,49,,20724,10,,,1,9,,20733,10,,,1,10,,20742,10,,,1,9,,20751,10,,,1,9,,20760,10,,,1,8,,20631,10,,,1,8,,20641,10,,,1,49,,20648,10,,,1,8,,20663,10,,,1,9,,20673,10,,,1,8,,20683,10,,,1,9,,20693,10,,,1,8,,20708,10,,,1,9,,20715,10,,,1,48,,20725,10,,,1,8,,20734,10,,,1,9,,20743,10,,,1,8,,20752,10,,,1,9,,20761,10,,,1,8,,20632,10,,,1,8,,20642,10,,,1,7,,20649,10,,,1,48,,20656,10,,,1,8,,20664,10,,,1,7,,20674,10,,,1,8,,20684,10,,,1,8,,20694,10,,,1,8,,20709,10,,,1,7,,20716,10,,,1,48,,20726,10,,,1,8,,20735,10,,,1,7,,20744,10,,,1,8,,20753,10,,,1,8,,20762,10,,,1,7,,20633,10,,,1,8,,20643,10,,,1,8,,20650,10,,,1,47,,20657,10,,,1,8,,20665,10,,,1,8,,20675,10,,,1,7,,20685,10,,,1,7,,20695,10,,,1,7,,20701,10,,,1,7,,20710,10,,,1,7,,20717,10,,,1,7,,20727,10,,,1,47,,20736,10,,,1,7,,20745,10,,,1,7,,20754,10,,,1,7,,20763,10,,,1,7,,20634,10,,,1,7,,20644,10,,,1,7,,20651,10,,,1,7,,20658,10,,,1,47,,20666,10,,,1,7,,20676,10,,,1,7,,20686,10,,,1,7,,20696,10,,,1,7,,20702,10,,,1,7,,20711,10,,,1,7,,20718,10,,,1,7,,20728,10,,,1,7,,20737,10,,,1,47,,20746,10,,,1,7,,20755,10,,,1,7,,20764,10,,,1,7,,20635,10,,,1,7,,20645,10,,,1,7,,20652,10,,,1,7,,20659,10,,,1,7,,20667,10,,,1,47,,20677,10,,,1,7,,20687,10,,,1,7,,20697,10,,,1,7,,20703,10,,,1,7,,20712,10,,,1,7,,20719,10,,,1,7,,20729,10,,,1,8,,20738,10,,,1,8,,20747,10,,,1,49,,20756,10,,,1,8,,20765,10,,,1,9,,20636,10,,,1,8,,20653,10,,,1,9,,20660,10,,,1,8,,20668,10,,,1,8,,20678,10,,,1,49,,20688,10,,,1,8,,20698,10,,,1,9,,20704,10,,,1,8,,20720,10,,,1,8,,20730,10,,,1,9,,20739,10,,,1,8,,20748,10,,,1,49,,20757,10,,,1,8,,20766,10,,,1,9,,20637,10,,,1,8,,20654,10,,,1,8,,20661,10,,,1,9,,20669,10,,,1,9,,20679,10,,,1,49,,20689,10,,,1,9,,20699,10,,,1,9,,20705,10,,,1,9,,20721,10,,,1,9,,20731,10,,,1,9,,20740,10,,,1,49,,20749,10,,,1,9,,20758,10,,,1,9,,20767,10,,,1,10,,20638,10,,,1,10,,20655,10,,,1,10,,20662,10,,,1,10,,20670,10,,,1,50,,20680,10,,,1,10,,20690,10,,,1,10,,20700,10,,,1,10,,20706,10,,,1,10,,20722,10,,,1
100,'GLOBAUX-01-S',543,,20768,10,,,1,7,,20796,10,,,1,7,,20806,10,,,1,47,,20826,10,,,1,6,,20848,10,,,1,7,,20852,10,,,1,7,,20859,10,,,1,7,,20870,10,,,1,5,,20876,10,,,1,4,,20893,10,,,1,4,,20902,10,,,1,4,,20905,10,,,1,3,,20913,10,,,1,4,,20930,10,,,1,3,,20936,10,,,1,44,,20946,10,,,1,3,,20948,10,,,1,3,,20950,10,,,1,3,,20952,10,,,1,4,,20968,10,,,1,3,,20977,10,,,1,3,,20979,10,,,1,3,,20997,10,,,1,4,,21003,10,,,1,3,,21004,10,,,1,3,,20769,10,,,1,4,,20787,10,,,1,3,,20789,10,,,1,3,,20797,10,,,1,3,,20807,10,,,1,3,,20808,10,,,1,4,,20809,10,,,1,3,,20811,10,,,1,43,,20812,10,,,1,3,,20827,10,,,1,3,,20833,10,,,1,3,,20839,10,,,1,3,,20849,10,,,1,3,,20853,10,,,1,3,,20860,10,,,1,3,,20865,10,,,1,3,,20871,10,,,1,3,,20877,10,,,1,3,,20894,10,,,1,3,,20903,10,,,1,3,,20906,10,,,1,3,,20912,10,,,1,4,,20914,10,,,1,3,,20931,10,,,1,3,,20937,10,,,1,3,,20947,10,,,1,3,,20949,10,,,1,4,,20951,10,,,1,43,,20955,10,,,1,4,,20960,10,,,1,3,,20969,10,,,1,4,,20978,10,,,1,3,,20984,10,,,1,4,,20998,10,,,1,4,,21005,10,,,1,3,,20770,10,,,1,5,,20780,10,,,1,4,,20790,10,,,1,5,,20798,10,,,1,5,,20810,10,,,1,5,,20813,10,,,1,5,,20828,10,,,1,46,,20840,10,,,1,6,,20854,10,,,1,6,,20866,10,,,1,6,,20878,10,,,1,6,,20895,10,,,1,6,,20907,10,,,1,6,,20915,10,,,1,6,,20932,10,,,1,6,,20938,10,,,1,6,,20956,10,,,1,46,,20961,10,,,1,6,,20970,10,,,1,6,,20985,10,,,1,6,,20999,10,,,1,6,,20771,10,,,1,6,,20781,10,,,1,6,,20791,10,,,1,6,,20799,10,,,1,6,,20814,10,,,1,6,,20829,10,,,1,46,,20841,10,,,1,6,,20855,10,,,1,6,,20867,10,,,1,6,,20879,10,,,1,6,,20896,10,,,1,6,,20908,10,,,1,6,,20916,10,,,1,6,,20933,10,,,1,6,,20939,10,,,1,6,,20957,10,,,1,46,,20962,10,,,1,6,,20971,10,,,1,6,,20986,10,,,1,6,,21000,10,,,1,6,,20772,10,,,1,6,,20782,10,,,1,6,,20792,10,,,1,6,,20800,10,,,1,6,,20815,10,,,1,6,,20830,10,,,1,46,,20842,10,,,1,6,,20856,10,,,1,6,,20868,10,,,1,6,,20880,10,,,1,6,,20897,10,,,1,6,,20909,10,,,1,6,,20917,10,,,1,6,,20934,10,,,1,6,,20940,10,,,1,6,,20958,10,,,1,46,,20963,10,,,1,6,,20972,10,,,1,6,,20987,10,,,1,4,,20989,10,,,1,4,,21001,10,,,1,4,,20773,10,,,1,4,,20775,10,,,1,4,,20783,10,,,1,4,,20793,10,,,1,4,,20795,10,,,1,4,,20801,10,,,1,4,,20816,10,,,1,3,,20821,10,,,1,3,,20831,10,,,1,44,,20834,10,,,1,3,,20843,10,,,1,3,,20850,10,,,1,3,,20857,10,,,1,4,,20869,10,,,1,3,,20872,10,,,1,3,,20881,10,,,1,3,,20886,10,,,1,3,,20891,10,,,1,3,,20898,10,,,1,3,,20904,10,,,1,3,,20910,10,,,1,2,,20918,10,,,1,3,,20923,10,,,1,3,,20925,10,,,1,3,,20935,10,,,1,2,,20941,10,,,1,3,,20953,10,,,1,3,,20954,10,,,1,3,,20959,10,,,1,2,,20964,10,,,1,43,,20973,10,,,1,3,,20980,10,,,1,3,,20983,10,,,1,2,,20988,10,,,1,3,,20990,10,,,1,3,,20993,10,,,1,3,,21002,10,,,1,2,,20774,10,,,1,3,,20776,10,,,1,3,,20784,10,,,1,3,,20788,10,,,1,4,,20794,10,,,1,3,,20802,10,,,1,3,,20817,10,,,1,4,,20822,10,,,1,4,,20832,10,,,1,3,,20835,10,,,1,4,,20844,10,,,1,3,,20851,10,,,1,44,,20858,10,,,1,3,,20861,10,,,1,4,,20873,10,,,1,4,,20882,10,,,1,4,,20887,10,,,1,4,,20892,10,,,1,4,,20899,10,,,1,4,,20911,10,,,1,4,,20919,10,,,1,5,,20924,10,,,1,4,,20926,10,,,1,4,,20942,10,,,1,5,,20965,10,,,1,6,,20974,10,,,1,46,,20981,10,,,1,5,,20991,10,,,1,6,,20994,10,,,1,6,,20777,10,,,1,6,,20785,10,,,1,6,,20803,10,,,1,6,,20818,10,,,1,6,,20823,10,,,1,6,,20836,10,,,1,6,,20845,10,,,1,46,,20862,10,,,1,6,,20874,10,,,1,6,,20883,10,,,1,6,,20888,10,,,1,6,,20900,10,,,1,6,,20920,10,,,1,7,,20927,10,,,1,6,,20943,10,,,1,6,,20966,10,,,1,6,,20975,10,,,1,46,,20982,10,,,1,6,,20992,10,,,1,6,,20995,10,,,1,6,,20778,10,,,1,6,,20786,10,,,1,6,,20804,10,,,1,6,,20819,10,,,1,6,,20824,10,,,1,6,,20837,10,,,1,7,,20846,10,,,1,46,,20863,10,,,1,6,,20875,10,,,1,6,,20884,10,,,1,6,,20889,10,,,1,6,,20901,10,,,1,7,,20921,10,,,1,6,,20928,10,,,1,8,,20944,10,,,1,8,,20967,10,,,1,48,,20976,10,,,1,8,,20996,10,,,1,8,,20779,10,,,1,8,,20805,10,,,1,8,,20820,10,,,1,8,,20825,10,,,1,8,,20838,10,,,1,48,,20847,10,,,1,8,,20864,10,,,1,8,,20885,10,,,1,8,,20890,10,,,1,8,,20922,10,,,1,8,,20929,10,,,1,8,,20945,10,,,1
101,'GLOBAUX-01-A',551,,21092,18,,,1,50,,21102,18,,,1,10,,21109,18,,,1,10,,21119,18,,,1,10,,21136,18,,,1,10,,21146,18,,,1,10,,21006,18,,,1,50,,21016,18,,,1,10,,21035,18,,,1,11,,21042,18,,,1,10,,21052,18,,,1,10,,21074,18,,,1,9,,21082,18,,,1,49,,21093,18,,,1,10,,21103,18,,,1,9,,21110,18,,,1,10,,21120,18,,,1,8,,21137,18,,,1,9,,21147,18,,,1,8,,21007,18,,,1,48,,21017,18,,,1,9,,21026,18,,,1,8,,21036,18,,,1,9,,21043,18,,,1,8,,21053,18,,,1,9,,21075,18,,,1,8,,21083,18,,,1,49,,21094,18,,,1,8,,21104,18,,,1,8,,21111,18,,,1,9,,21121,18,,,1,8,,21138,18,,,1,9,,21148,18,,,1,8,,21008,18,,,1,48,,21018,18,,,1,8,,21027,18,,,1,8,,21037,18,,,1,8,,21044,18,,,1,7,,21054,18,,,1,8,,21069,18,,,1,8,,21076,18,,,1,7,,21084,18,,,1,48,,21095,18,,,1,8,,21105,18,,,1,7,,21112,18,,,1,7,,21122,18,,,1,7,,21129,18,,,1,6,,21139,18,,,1,7,,21149,18,,,1,6,,21009,18,,,1,7,,21019,18,,,1,46,,21028,18,,,1,7,,21038,18,,,1,6,,21045,18,,,1,7,,21055,18,,,1,6,,21062,18,,,1,7,,21070,18,,,1,6,,21077,18,,,1,7,,21085,18,,,1,6,,21096,18,,,1,47,,21106,18,,,1,6,,21113,18,,,1,7,,21123,18,,,1,6,,21130,18,,,1,7,,21140,18,,,1,6,,21150,18,,,1,7,,21010,18,,,1,6,,21020,18,,,1,7,,21029,18,,,1,47,,21039,18,,,1,6,,21046,18,,,1,7,,21056,18,,,1,6,,21063,18,,,1,7,,21071,18,,,1,6,,21078,18,,,1,7,,21086,18,,,1,6,,21097,18,,,1,7,,21107,18,,,1,6,,21114,18,,,1,46,,21124,18,,,1,7,,21131,18,,,1,6,,21141,18,,,1,7,,21151,18,,,1,6,,21011,18,,,1,7,,21021,18,,,1,6,,21030,18,,,1,7,,21040,18,,,1,7,,21047,18,,,1,46,,21057,18,,,1,7,,21064,18,,,1,6,,21072,18,,,1,6,,21079,18,,,1,7,,21087,18,,,1,6,,21098,18,,,1,7,,21108,18,,,1,6,,21115,18,,,1,7,,21125,18,,,1,46,,21132,18,,,1,7,,21142,18,,,1,6,,21152,18,,,1,7,,21012,18,,,1,6,,21022,18,,,1,7,,21031,18,,,1,6,,21041,18,,,1,7,,21048,18,,,1,7,,21058,18,,,1,47,,21065,18,,,1,8,,21073,18,,,1,8,,21080,18,,,1,7,,21088,18,,,1,8,,21099,18,,,1,7,,21116,18,,,1,8,,21126,18,,,1,8,,21133,18,,,1,49,,21143,18,,,1,8,,21153,18,,,1,8,,21013,18,,,1,9,,21023,18,,,1,8,,21032,18,,,1,9,,21049,18,,,1,8,,21059,18,,,1,48,,21066,18,,,1,9,,21081,18,,,1,8,,21089,18,,,1,9,,21100,18,,,1,8,,21117,18,,,1,9,,21127,18,,,1,8,,21134,18,,,1,49,,21144,18,,,1,10,,21154,18,,,1,9,,21014,18,,,1,9,,21024,18,,,1,10,,21033,18,,,1,10,,21050,18,,,1,49,,21060,18,,,1,10,,21067,18,,,1,10,,21090,18,,,1,10,,21101,18,,,1,10,,21118,18,,,1,10,,21128,18,,,1,50,,21135,18,,,1,10,,21145,18,,,1,10,,21155,18,,,1,10,,21015,18,,,1,9,,21025,18,,,1,10,,21034,18,,,1,10,,21051,18,,,1,50,,21061,18,,,1,10,,21068,18,,,1,14,,21091,18,,,1
101,'GLOBAUX-01-F1',551,,21236,18,,,1,50,,21246,18,,,1,10,,21255,18,,,1,10,,21265,18,,,1,10,,21275,18,,,1,10,,21285,18,,,1,10,,21156,18,,,1,50,,21166,18,,,1,10,,21173,18,,,1,10,,21198,18,,,1,10,,21207,18,,,1,11,,21216,18,,,1,9,,21230,18,,,1,49,,21237,18,,,1,10,,21247,18,,,1,9,,21256,18,,,1,9,,21266,18,,,1,10,,21276,18,,,1,8,,21286,18,,,1,9,,21157,18,,,1,48,,21167,18,,,1,8,,21174,18,,,1,9,,21190,18,,,1,8,,21199,18,,,1,9,,21208,18,,,1,8,,21217,18,,,1,9,,21231,18,,,1,48,,21238,18,,,1,9,,21248,18,,,1,8,,21257,18,,,1,8,,21267,18,,,1,9,,21277,18,,,1,8,,21287,18,,,1,9,,21158,18,,,1,48,,21168,18,,,1,9,,21175,18,,,1,8,,21191,18,,,1,9,,21200,18,,,1,8,,21209,18,,,1,9,,21218,18,,,1,8,,21232,18,,,1,48,,21239,18,,,1,9,,21249,18,,,1,8,,21258,18,,,1,9,,21268,18,,,1,8,,21278,18,,,1,8,,21288,18,,,1,7,,21159,18,,,1,8,,21169,18,,,1,48,,21176,18,,,1,7,,21183,18,,,1,8,,21192,18,,,1,8,,21201,18,,,1,7,,21210,18,,,1,8,,21219,18,,,1,8,,21233,18,,,1,7,,21240,18,,,1,48,,21250,18,,,1,8,,21259,18,,,1,7,,21269,18,,,1,8,,21279,18,,,1,8,,21289,18,,,1,7,,21160,18,,,1,8,,21170,18,,,1,48,,21177,18,,,1,7,,21184,18,,,1,8,,21193,18,,,1,7,,21202,18,,,1,7,,21211,18,,,1,7,,21220,18,,,1,7,,21225,18,,,1,7,,21234,18,,,1,7,,21241,18,,,1,47,,21251,18,,,1,7,,21260,18,,,1,7,,21270,18,,,1,7,,21280,18,,,1,7,,21290,18,,,1,7,,21161,18,,,1,7,,21171,18,,,1,7,,21178,18,,,1,47,,21185,18,,,1,7,,21194,18,,,1,7,,21203,18,,,1,7,,21212,18,,,1,7,,21221,18,,,1,7,,21226,18,,,1,7,,21235,18,,,1,7,,21242,18,,,1,7,,21252,18,,,1,47,,21261,18,,,1,7,,21271,18,,,1,7,,21281,18,,,1,7,,21291,18,,,1,7,,21162,18,,,1,7,,21172,18,,,1,7,,21179,18,,,1,7,,21186,18,,,1,48,,21195,18,,,1,8,,21204,18,,,1,9,,21213,18,,,1,8,,21222,18,,,1,9,,21227,18,,,1,8,,21243,18,,,1,8,,21253,18,,,1,9,,21262,18,,,1,48,,21272,18,,,1,9,,21282,18,,,1,8,,21292,18,,,1,8,,21163,18,,,1,9,,21180,18,,,1,8,,21187,18,,,1,9,,21196,18,,,1,48,,21205,18,,,1,8,,21214,18,,,1,9,,21223,18,,,1,8,,21228,18,,,1,9,,21244,18,,,1,8,,21254,18,,,1,9,,21263,18,,,1,48,,21273,18,,,1,8,,21283,18,,,1,9,,21293,18,,,1,8,,21164,18,,,1,10,,21181,18,,,1,10,,21188,18,,,1,50,,21197,18,,,1,9,,21206,18,,,1,10,,21215,18,,,1,10,,21224,18,,,1,10,,21229,18,,,1,10,,21245,18,,,1,10,,21264,18,,,1,50,,21274,18,,,1,10,,21284,18,,,1,10,,21294,18,,,1,10,,21165,18,,,1,10,,21182,18,,,1,54,,21189,18,,,1
101,'GLOBAUX-01-F2',551,,21375,18,,,1,50,,21385,18,,,1,10,,21394,18,,,1,10,,21404,18,,,1,10,,21414,18,,,1,10,,21424,18,,,1,10,,21295,18,,,1,50,,21305,18,,,1,10,,21312,18,,,1,10,,21337,18,,,1,10,,21346,18,,,1,11,,21355,18,,,1,9,,21369,18,,,1,49,,21376,18,,,1,10,,21386,18,,,1,9,,21395,18,,,1,9,,21405,18,,,1,10,,21415,18,,,1,8,,21425,18,,,1,9,,21296,18,,,1,48,,21306,18,,,1,8,,21313,18,,,1,9,,21329,18,,,1,8,,21338,18,,,1,9,,21347,18,,,1,8,,21356,18,,,1,9,,21370,18,,,1,48,,21377,18,,,1,9,,21387,18,,,1,8,,21396,18,,,1,8,,21406,18,,,1,9,,21416,18,,,1,8,,21426,18,,,1,9,,21297,18,,,1,48,,21307,18,,,1,9,,21314,18,,,1,8,,21330,18,,,1,9,,21339,18,,,1,8,,21348,18,,,1,9,,21357,18,,,1,8,,21371,18,,,1,48,,21378,18,,,1,9,,21388,18,,,1,8,,21397,18,,,1,9,,21407,18,,,1,8,,21417,18,,,1,8,,21427,18,,,1,7,,21298,18,,,1,8,,21308,18,,,1,48,,21315,18,,,1,7,,21322,18,,,1,8,,21331,18,,,1,8,,21340,18,,,1,7,,21349,18,,,1,8,,21358,18,,,1,8,,21372,18,,,1,7,,21379,18,,,1,48,,21389,18,,,1,8,,21398,18,,,1,7,,21408,18,,,1,8,,21418,18,,,1,8,,21428,18,,,1,7,,21299,18,,,1,8,,21309,18,,,1,48,,21316,18,,,1,7,,21323,18,,,1,8,,21332,18,,,1,7,,21341,18,,,1,7,,21350,18,,,1,7,,21359,18,,,1,7,,21364,18,,,1,7,,21373,18,,,1,7,,21380,18,,,1,47,,21390,18,,,1,7,,21399,18,,,1,7,,21409,18,,,1,7,,21419,18,,,1,7,,21429,18,,,1,7,,21300,18,,,1,7,,21310,18,,,1,7,,21317,18,,,1,47,,21324,18,,,1,7,,21333,18,,,1,7,,21342,18,,,1,7,,21351,18,,,1,7,,21360,18,,,1,7,,21365,18,,,1,7,,21374,18,,,1,7,,21381,18,,,1,7,,21391,18,,,1,47,,21400,18,,,1,7,,21410,18,,,1,7,,21420,18,,,1,7,,21430,18,,,1,7,,21301,18,,,1,7,,21311,18,,,1,7,,21318,18,,,1,7,,21325,18,,,1,48,,21334,18,,,1,8,,21343,18,,,1,9,,21352,18,,,1,8,,21361,18,,,1,9,,21366,18,,,1,8,,21382,18,,,1,8,,21392,18,,,1,9,,21401,18,,,1,48,,21411,18,,,1,9,,21421,18,,,1,8,,21431,18,,,1,8,,21302,18,,,1,9,,21319,18,,,1,8,,21326,18,,,1,9,,21335,18,,,1,48,,21344,18,,,1,8,,21353,18,,,1,9,,21362,18,,,1,8,,21367,18,,,1,9,,21383,18,,,1,8,,21393,18,,,1,9,,21402,18,,,1,48,,21412,18,,,1,8,,21422,18,,,1,9,,21432,18,,,1,8,,21303,18,,,1,10,,21320,18,,,1,10,,21327,18,,,1,50,,21336,18,,,1,9,,21345,18,,,1,10,,21354,18,,,1,10,,21363,18,,,1,10,,21368,18,,,1,10,,21384,18,,,1,10,,21403,18,,,1,50,,21413,18,,,1,10,,21423,18,,,1,10,,21433,18,,,1,10,,21304,18,,,1,10,,21321,18,,,1,54,,21328,18,,,1
101,'GLOBAUX-01-I',551,,21514,18,,,1,50,,21524,18,,,1,10,,21533,18,,,1,10,,21543,18,,,1,10,,21553,18,,,1,10,,21563,18,,,1,10,,21434,18,,,1,50,,21444,18,,,1,10,,21451,18,,,1,10,,21476,18,,,1,10,,21485,18,,,1,11,,21494,18,,,1,9,,21508,18,,,1,49,,21515,18,,,1,10,,21525,18,,,1,9,,21534,18,,,1,9,,21544,18,,,1,10,,21554,18,,,1,8,,21564,18,,,1,9,,21435,18,,,1,48,,21445,18,,,1,8,,21452,18,,,1,9,,21468,18,,,1,8,,21477,18,,,1,9,,21486,18,,,1,8,,21495,18,,,1,9,,21509,18,,,1,48,,21516,18,,,1,9,,21526,18,,,1,8,,21535,18,,,1,8,,21545,18,,,1,9,,21555,18,,,1,8,,21565,18,,,1,9,,21436,18,,,1,48,,21446,18,,,1,9,,21453,18,,,1,8,,21469,18,,,1,9,,21478,18,,,1,8,,21487,18,,,1,9,,21496,18,,,1,8,,21510,18,,,1,48,,21517,18,,,1,9,,21527,18,,,1,8,,21536,18,,,1,9,,21546,18,,,1,8,,21556,18,,,1,8,,21566,18,,,1,7,,21437,18,,,1,8,,21447,18,,,1,48,,21454,18,,,1,7,,21461,18,,,1,8,,21470,18,,,1,8,,21479,18,,,1,7,,21488,18,,,1,8,,21497,18,,,1,8,,21511,18,,,1,7,,21518,18,,,1,48,,21528,18,,,1,8,,21537,18,,,1,7,,21547,18,,,1,8,,21557,18,,,1,8,,21567,18,,,1,7,,21438,18,,,1,8,,21448,18,,,1,48,,21455,18,,,1,7,,21462,18,,,1,8,,21471,18,,,1,7,,21480,18,,,1,7,,21489,18,,,1,7,,21498,18,,,1,7,,21503,18,,,1,7,,21512,18,,,1,7,,21519,18,,,1,47,,21529,18,,,1,7,,21538,18,,,1,7,,21548,18,,,1,7,,21558,18,,,1,7,,21568,18,,,1,7,,21439,18,,,1,7,,21449,18,,,1,7,,21456,18,,,1,47,,21463,18,,,1,7,,21472,18,,,1,7,,21481,18,,,1,7,,21490,18,,,1,7,,21499,18,,,1,7,,21504,18,,,1,7,,21513,18,,,1,7,,21520,18,,,1,7,,21530,18,,,1,47,,21539,18,,,1,7,,21549,18,,,1,7,,21559,18,,,1,7,,21569,18,,,1,7,,21440,18,,,1,7,,21450,18,,,1,7,,21457,18,,,1,7,,21464,18,,,1,48,,21473,18,,,1,8,,21482,18,,,1,9,,21491,18,,,1,8,,21500,18,,,1,9,,21505,18,,,1,8,,21521,18,,,1,8,,21531,18,,,1,9,,21540,18,,,1,48,,21550,18,,,1,9,,21560,18,,,1,8,,21570,18,,,1,8,,21441,18,,,1,9,,21458,18,,,1,8,,21465,18,,,1,9,,21474,18,,,1,48,,21483,18,,,1,8,,21492,18,,,1,9,,21501,18,,,1,8,,21506,18,,,1,9,,21522,18,,,1,8,,21532,18,,,1,9,,21541,18,,,1,48,,21551,18,,,1,8,,21561,18,,,1,9,,21571,18,,,1,8,,21442,18,,,1,10,,21459,18,,,1,10,,21466,18,,,1,50,,21475,18,,,1,9,,21484,18,,,1,10,,21493,18,,,1,10,,21502,18,,,1,10,,21507,18,,,1,10,,21523,18,,,1,10,,21542,18,,,1,50,,21552,18,,,1,10,,21562,18,,,1,10,,21572,18,,,1,10,,21443,18,,,1,10,,21460,18,,,1,54,,21467,18,,,1
101,'GLOBAUX-01-S',552,,21696,18,,,1,48,,21708,18,,,1,7,,21732,18,,,1,7,,21749,18,,,1,7,,21753,18,,,1,7,,21772,18,,,1,7,,21802,18,,,1,7,,21809,18,,,1,5,,21573,18,,,1,5,,21595,18,,,1,5,,21602,18,,,1,45,,21612,18,,,1,5,,21616,18,,,1,4,,21618,18,,,1,4,,21633,18,,,1,4,,21640,18,,,1,4,,21655,18,,,1,4,,21659,18,,,1,3,,21665,18,,,1,4,,21670,18,,,1,4,,21676,18,,,1,3,,21681,18,,,1,4,,21697,18,,,1,3,,21705,18,,,1,3,,21709,18,,,1,3,,21717,18,,,1,3,,21733,18,,,1,44,,21739,18,,,1,2,,21740,18,,,1,3,,21750,18,,,1,3,,21752,18,,,1,2,,21754,18,,,1,3,,21755,18,,,1,3,,21757,18,,,1,3,,21763,18,,,1,2,,21773,18,,,1,3,,21782,18,,,1,2,,21783,18,,,1,3,,21788,18,,,1,2,,21803,18,,,1,3,,21808,18,,,1,2,,21810,18,,,1,3,,21574,18,,,1,2,,21585,18,,,1,3,,21593,18,,,1,2,,21596,18,,,1,3,,21603,18,,,1,3,,21613,18,,,1,2,,21614,18,,,1,3,,21615,18,,,1,43,,21617,18,,,1,3,,21619,18,,,1,3,,21634,18,,,1,3,,21641,18,,,1,3,,21647,18,,,1,3,,21656,18,,,1,3,,21660,18,,,1,4,,21671,18,,,1,3,,21677,18,,,1,4,,21682,18,,,1,3,,21698,18,,,1,4,,21706,18,,,1,4,,21710,18,,,1,3,,21716,18,,,1,4,,21718,18,,,1,4,,21734,18,,,1,4,,21741,18,,,1,45,,21751,18,,,1,5,,21758,18,,,1,5,,21764,18,,,1,6,,21774,18,,,1,6,,21789,18,,,1,6,,21804,18,,,1,6,,21575,18,,,1,6,,21586,18,,,1,6,,21597,18,,,1,6,,21604,18,,,1,6,,21620,18,,,1,46,,21635,18,,,1,6,,21648,18,,,1,6,,21661,18,,,1,6,,21672,18,,,1,6,,21683,18,,,1,6,,21699,18,,,1,6,,21711,18,,,1,6,,21719,18,,,1,6,,21735,18,,,1,6,,21742,18,,,1,46,,21759,18,,,1,6,,21765,18,,,1,6,,21775,18,,,1,6,,21790,18,,,1,6,,21805,18,,,1,6,,21576,18,,,1,6,,21587,18,,,1,6,,21598,18,,,1,6,,21605,18,,,1,6,,21621,18,,,1,46,,21636,18,,,1,6,,21649,18,,,1,6,,21662,18,,,1,6,,21673,18,,,1,6,,21684,18,,,1,6,,21700,18,,,1,6,,21712,18,,,1,6,,21720,18,,,1,6,,21736,18,,,1,6,,21743,18,,,1,46,,21760,18,,,1,6,,21766,18,,,1,6,,21776,18,,,1,6,,21791,18,,,1,6,,21806,18,,,1,6,,21577,18,,,1,6,,21588,18,,,1,6,,21599,18,,,1,6,,21606,18,,,1,6,,21622,18,,,1,46,,21637,18,,,1,6,,21650,18,,,1,6,,21663,18,,,1,6,,21674,18,,,1,6,,21685,18,,,1,5,,21694,18,,,1,5,,21701,18,,,1,4,,21713,18,,,1,4,,21721,18,,,1,4,,21726,18,,,1,4,,21737,18,,,1,4,,21744,18,,,1,44,,21756,18,,,1,3,,21761,18,,,1,4,,21767,18,,,1,4,,21777,18,,,1,4,,21787,18,,,1,3,,21792,18,,,1,4,,21794,18,,,1,4,,21807,18,,,1,3,,21578,18,,,1,4,,21580,18,,,1,4,,21589,18,,,1,4,,21600,18,,,1,3,,21601,18,,,1,3,,21607,18,,,1,3,,21623,18,,,1,4,,21628,18,,,1,43,,21638,18,,,1,3,,21642,18,,,1,3,,21651,18,,,1,3,,21657,18,,,1,3,,21664,18,,,1,3,,21666,18,,,1,3,,21675,18,,,1,3,,21678,18,,,1,3,,21686,18,,,1,4,,21690,18,,,1,3,,21695,18,,,1,3,,21702,18,,,1,3,,21707,18,,,1,3,,21714,18,,,1,3,,21722,18,,,1,3,,21727,18,,,1,4,,21728,18,,,1,3,,21738,18,,,1,3,,21745,18,,,1,44,,21762,18,,,1,3,,21768,18,,,1,4,,21778,18,,,1,3,,21784,18,,,1,4,,21793,18,,,1,4,,21795,18,,,1,4,,21798,18,,,1,4,,21579,18,,,1,4,,21581,18,,,1,4,,21590,18,,,1,4,,21594,18,,,1,4,,21608,18,,,1,4,,21624,18,,,1,4,,21629,18,,,1,4,,21639,18,,,1,4,,21643,18,,,1,44,,21652,18,,,1,4,,21658,18,,,1,5,,21667,18,,,1,5,,21679,18,,,1,5,,21687,18,,,1,5,,21691,18,,,1,5,,21703,18,,,1,5,,21715,18,,,1,5,,21723,18,,,1,6,,21729,18,,,1,6,,21746,18,,,1,5,,21769,18,,,1,46,,21779,18,,,1,6,,21785,18,,,1,6,,21796,18,,,1,6,,21799,18,,,1,6,,21582,18,,,1,6,,21591,18,,,1,6,,21609,18,,,1,6,,21625,18,,,1,6,,21630,18,,,1,6,,21644,18,,,1,46,,21653,18,,,1,6,,21668,18,,,1,6,,21680,18,,,1,6,,21688,18,,,1,6,,21692,18,,,1,6,,21704,18,,,1,6,,21724,18,,,1,6,,21730,18,,,1,6,,21747,18,,,1,6,,21770,18,,,1,46,,21780,18,,,1,6,,21786,18,,,1,6,,21797,18,,,1,7,,21800,18,,,1,6,,21583,18,,,1,6,,21592,18,,,1,6,,21610,18,,,1,6,,21626,18,,,1,6,,21631,18,,,1,47,,21645,18,,,1,8,,21654,18,,,1,8,,21669,18,,,1,7,,21689,18,,,1,8,,21693,18,,,1,8,,21725,18,,,1,8,,21731,18,,,1,8,,21748,18,,,1,48,,21771,18,,,1,8,,21781,18,,,1,8,,21801,18,,,1,8,,21584,18,,,1,8,,21611,18,,,1,8,,21627,18,,,1,8,,21632,18,,,1,52,,21646,18,,,1
