400,'GLOBAUX-01-A',532,,23503,2,,,1,10,,23443,2,,,1,10,,23504,2,,,1,50,,23444,2,,,1,10,,23505,2,,,1,10,,23445,2,,,1,10,,23506,2,,,1,10,,23446,2,,,1,10,,23507,2,,,1,50,,23447,2,,,1,10,,23508,2,,,1,10,,23448,2,,,1,10,,23509,2,,,1,10,,23449,2,,,1,10,,23510,2,,,1,50,,23450,2,,,1,10,,23511,2,,,1,10,,23451,2,,,1,10,,23512,2,,,1,10,,23452,2,,,1,10,,23513,2,,,1,50,,23453,2,,,1,10,,23514,2,,,1,10,,23454,2,,,1,10,,23515,2,,,1,10,,23455,2,,,1,10,,23516,2,,,1,50,,23456,2,,,1,10,,23517,2,,,1,10,,23457,2,,,1,10,,23518,2,,,1,10,,23458,2,,,1,10,,23519,2,,,1,50,,23459,2,,,1,10,,23520,2,,,1,10,,23460,2,,,1,10,,23521,2,,,1,10,,23461,2,,,1,10,,23522,2,,,1,50,,23462,2,,,1,10,,23523,2,,,1,10,,23463,2,,,1,10,,23524,2,,,1,10,,23464,2,,,1,10,,23525,2,,,1,50,,23465,2,,,1,10,,23526,2,,,1,10,,23466,2,,,1,10,,23527,2,,,1,10,,23467,2,,,1,10,,23528,2,,,1,50,,23468,2,,,1,10,,23529,2,,,1,10,,23469,2,,,1,10,,23530,2,,,1,10,,23470,2,,,1,10,,23531,2,,,1,50,,23471,2,,,1,10,,23532,2,,,1,10,,23472,2,,,1,10,,23533,2,,,1,10,,23473,2,,,1,10,,23534,2,,,1,50,,23474,2,,,1,10,,23535,2,,,1,10,,23475,2,,,1,10,,23536,2,,,1,10,,23476,2,,,1,10,,23537,2,,,1,50,,23477,2,,,1,10,,23538,2,,,1,10,,23478,2,,,1,10,,23539,2,,,1,10,,23479,2,,,1,10,,23540,2,,,1,50,,23480,2,,,1,10,,23541,2,,,1,10,,23481,2,,,1,10,,23542,2,,,1,10,,23482,2,,,1,10,,23543,2,,,1,50,,23483,2,,,1,10,,23544,2,,,1,10,,23484,2,,,1,10,,23545,2,,,1,10,,23485,2,,,1,10,,23546,2,,,1,50,,23486,2,,,1,10,,23547,2,,,1,10,,23487,2,,,1,10,,23548,2,,,1,10,,23488,2,,,1,10,,23549,2,,,1,50,,23489,2,,,1,10,,23550,2,,,1,10,,23490,2,,,1,10,,23551,2,,,1,10,,23491,2,,,1,10,,23552,2,,,1,50,,23492,2,,,1,10,,23553,2,,,1,10,,23493,2,,,1,10,,23554,2,,,1,10,,23494,2,,,1,10,,23555,2,,,1,50,,23495,2,,,1,10,,23556,2,,,1,10,,23496,2,,,1,10,,23557,2,,,1,10,,23497,2,,,1,10,,23558,2,,,1,50,,23498,2,,,1,10,,23559,2,,,1,10,,23499,2,,,1,10,,23560,2,,,1,10,,23500,2,,,1,10,,23561,2,,,1,50,,23501,2,,,1,10,,23562,2,,,1,8,,23502,2,,,1,12,,23563,2,,,1
400,'GLOBAUX-01-F1',532,,23623,2,,,1,10,,23564,2,,,1,10,,23624,2,,,1,50,,23565,2,,,1,10,,23625,2,,,1,10,,23566,2,,,1,10,,23626,2,,,1,10,,23567,2,,,1,10,,23627,2,,,1,50,,23568,2,,,1,10,,23628,2,,,1,10,,23569,2,,,1,10,,23629,2,,,1,10,,23570,2,,,1,10,,23630,2,,,1,50,,23571,2,,,1,10,,23631,2,,,1,10,,23572,2,,,1,10,,23632,2,,,1,10,,23573,2,,,1,10,,23633,2,,,1,50,,23574,2,,,1,10,,23634,2,,,1,10,,23575,2,,,1,10,,23635,2,,,1,10,,23576,2,,,1,10,,23636,2,,,1,50,,23577,2,,,1,10,,23637,2,,,1,10,,23578,2,,,1,10,,23638,2,,,1,10,,23579,2,,,1,10,,23639,2,,,1,50,,23580,2,,,1,10,,23640,2,,,1,10,,23581,2,,,1,10,,23641,2,,,1,10,,23582,2,,,1,10,,23642,2,,,1,50,,23583,2,,,1,10,,23643,2,,,1,10,,23584,2,,,1,10,,23644,2,,,1,10,,23585,2,,,1,10,,23645,2,,,1,50,,23586,2,,,1,10,,23646,2,,,1,10,,23587,2,,,1,10,,23647,2,,,1,10,,23588,2,,,1,10,,23648,2,,,1,50,,23589,2,,,1,10,,23649,2,,,1,10,,23590,2,,,1,10,,23650,2,,,1,10,,23591,2,,,1,10,,23651,2,,,1,50,,23592,2,,,1,10,,23652,2,,,1,10,,23593,2,,,1,10,,23653,2,,,1,10,,23594,2,,,1,10,,23654,2,,,1,50,,23595,2,,,1,10,,23655,2,,,1,10,,23596,2,,,1,10,,23656,2,,,1,10,,23597,2,,,1,10,,23657,2,,,1,50,,23598,2,,,1,10,,23658,2,,,1,10,,23599,2,,,1,10,,23659,2,,,1,10,,23600,2,,,1,10,,23660,2,,,1,50,,23601,2,,,1,10,,23661,2,,,1,10,,23602,2,,,1,10,,23662,2,,,1,10,,23603,2,,,1,10,,23663,2,,,1,50,,23604,2,,,1,10,,23664,2,,,1,10,,23605,2,,,1,10,,23665,2,,,1,10,,23606,2,,,1,10,,23666,2,,,1,50,,23607,2,,,1,10,,23667,2,,,1,10,,23608,2,,,1,10,,23668,2,,,1,10,,23609,2,,,1,10,,23669,2,,,1,50,,23610,2,,,1,10,,23670,2,,,1,10,,23611,2,,,1,10,,23671,2,,,1,10,,23612,2,,,1,10,,23672,2,,,1,50,,23613,2,,,1,10,,23673,2,,,1,10,,23614,2,,,1,10,,23674,2,,,1,10,,23615,2,,,1,10,,23675,2,,,1,50,,23616,2,,,1,10,,23676,2,,,1,10,,23617,2,,,1,10,,23677,2,,,1,10,,23618,2,,,1,10,,23678,2,,,1,50,,23619,2,,,1,10,,23679,2,,,1,10,,23620,2,,,1,10,,23680,2,,,1,10,,23621,2,,,1,8,,23681,2,,,1,52,,23622,2,,,1
400,'GLOBAUX-01-F2',532,,23741,2,,,1,10,,23682,2,,,1,10,,23742,2,,,1,50,,23683,2,,,1,10,,23743,2,,,1,10,,23684,2,,,1,10,,23744,2,,,1,10,,23685,2,,,1,10,,23745,2,,,1,50,,23686,2,,,1,10,,23746,2,,,1,10,,23687,2,,,1,10,,23747,2,,,1,10,,23688,2,,,1,10,,23748,2,,,1,50,,23689,2,,,1,10,,23749,2,,,1,10,,23690,2,,,1,10,,23750,2,,,1,10,,23691,2,,,1,10,,23751,2,,,1,50,,23692,2,,,1,10,,23752,2,,,1,10,,23693,2,,,1,10,,23753,2,,,1,10,,23694,2,,,1,10,,23754,2,,,1,50,,23695,2,,,1,10,,23755,2,,,1,10,,23696,2,,,1,10,,23756,2,,,1,10,,23697,2,,,1,10,,23757,2,,,1,50,,23698,2,,,1,10,,23758,2,,,1,10,,23699,2,,,1,10,,23759,2,,,1,10,,23700,2,,,1,10,,23760,2,,,1,50,,23701,2,,,1,10,,23761,2,,,1,10,,23702,2,,,1,10,,23762,2,,,1,10,,23703,2,,,1,10,,23763,2,,,1,50,,23704,2,,,1,10,,23764,2,,,1,10,,23705,2,,,1,10,,23765,2,,,1,10,,23706,2,,,1,10,,23766,2,,,1,50,,23707,2,,,1,10,,23767,2,,,1,10,,23708,2,,,1,10,,23768,2,,,1,10,,23709,2,,,1,10,,23769,2,,,1,50,,23710,2,,,1,10,,23770,2,,,1,10,,23711,2,,,1,10,,23771,2,,,1,10,,23712,2,,,1,10,,23772,2,,,1,50,,23713,2,,,1,10,,23773,2,,,1,10,,23714,2,,,1,10,,23774,2,,,1,10,,23715,2,,,1,10,,23775,2,,,1,50,,23716,2,,,1,10,,23776,2,,,1,10,,23717,2,,,1,10,,23777,2,,,1,10,,23718,2,,,1,10,,23778,2,,,1,50,,23719,2,,,1,10,,23779,2,,,1,10,,23720,2,,,1,10,,23780,2,,,1,10,,23721,2,,,1,10,,23781,2,,,1,50,,23722,2,,,1,10,,23782,2,,,1,10,,23723,2,,,1,10,,23783,2,,,1,10,,23724,2,,,1,10,,23784,2,,,1,50,,23725,2,,,1,10,,23785,2,,,1,10,,23726,2,,,1,10,,23786,2,,,1,10,,23727,2,,,1,10,,23787,2,,,1,50,,23728,2,,,1,10,,23788,2,,,1,10,,23729,2,,,1,10,,23789,2,,,1,10,,23730,2,,,1,10,,23790,2,,,1,50,,23731,2,,,1,10,,23791,2,,,1,10,,23732,2,,,1,10,,23792,2,,,1,10,,23733,2,,,1,10,,23793,2,,,1,50,,23734,2,,,1,10,,23794,2,,,1,10,,23735,2,,,1,10,,23795,2,,,1,10,,23736,2,,,1,10,,23796,2,,,1,50,,23737,2,,,1,10,,23797,2,,,1,10,,23738,2,,,1,10,,23798,2,,,1,10,,23739,2,,,1,8,,23799,2,,,1,52,,23740,2,,,1
400,'GLOBAUX-01-I',532,,23859,2,,,1,10,,23800,2,,,1,10,,23860,2,,,1,50,,23801,2,,,1,10,,23861,2,,,1,10,,23802,2,,,1,10,,23862,2,,,1,10,,23803,2,,,1,10,,23863,2,,,1,50,,23804,2,,,1,10,,23864,2,,,1,10,,23805,2,,,1,10,,23865,2,,,1,10,,23806,2,,,1,10,,23866,2,,,1,50,,23807,2,,,1,10,,23867,2,,,1,10,,23808,2,,,1,10,,23868,2,,,1,10,,23809,2,,,1,10,,23869,2,,,1,50,,23810,2,,,1,10,,23870,2,,,1,10,,23811,2,,,1,10,,23871,2,,,1,10,,23812,2,,,1,10,,23872,2,,,1,50,,23813,2,,,1,10,,23873,2,,,1,10,,23814,2,,,1,10,,23874,2,,,1,10,,23815,2,,,1,10,,23875,2,,,1,50,,23816,2,,,1,10,,23876,2,,,1,10,,23817,2,,,1,10,,23877,2,,,1,10,,23818,2,,,1,10,,23878,2,,,1,50,,23819,2,,,1,10,,23879,2,,,1,10,,23820,2,,,1,10,,23880,2,,,1,10,,23821,2,,,1,10,,23881,2,,,1,50,,23822,2,,,1,10,,23882,2,,,1,10,,23823,2,,,1,10,,23883,2,,,1,10,,23824,2,,,1,10,,23884,2,,,1,50,,23825,2,,,1,10,,23885,2,,,1,10,,23826,2,,,1,10,,23886,2,,,1,10,,23827,2,,,1,10,,23887,2,,,1,50,,23828,2,,,1,10,,23888,2,,,1,10,,23829,2,,,1,10,,23889,2,,,1,10,,23830,2,,,1,10,,23890,2,,,1,50,,23831,2,,,1,10,,23891,2,,,1,10,,23832,2,,,1,10,,23892,2,,,1,10,,23833,2,,,1,10,,23893,2,,,1,50,,23834,2,,,1,10,,23894,2,,,1,10,,23835,2,,,1,10,,23895,2,,,1,10,,23836,2,,,1,10,,23896,2,,,1,50,,23837,2,,,1,10,,23897,2,,,1,10,,23838,2,,,1,10,,23898,2,,,1,10,,23839,2,,,1,10,,23899,2,,,1,50,,23840,2,,,1,10,,23900,2,,,1,10,,23841,2,,,1,10,,23901,2,,,1,10,,23842,2,,,1,10,,23902,2,,,1,50,,23843,2,,,1,10,,23903,2,,,1,10,,23844,2,,,1,10,,23904,2,,,1,10,,23845,2,,,1,10,,23905,2,,,1,50,,23846,2,,,1,10,,23906,2,,,1,10,,23847,2,,,1,10,,23907,2,,,1,10,,23848,2,,,1,10,,23908,2,,,1,50,,23849,2,,,1,10,,23909,2,,,1,10,,23850,2,,,1,10,,23910,2,,,1,10,,23851,2,,,1,10,,23911,2,,,1,50,,23852,2,,,1,10,,23912,2,,,1,10,,23853,2,,,1,10,,23913,2,,,1,10,,23854,2,,,1,10,,23914,2,,,1,50,,23855,2,,,1,10,,23915,2,,,1,10,,23856,2,,,1,10,,23916,2,,,1,10,,23857,2,,,1,8,,23917,2,,,1,52,,23858,2,,,1
400,'GLOBAUX-01-S',532,,23996,2,,,1,10,,23918,2,,,1,10,,23997,2,,,1,50,,23919,2,,,1,10,,23998,2,,,1,10,,23920,2,,,1,10,,23999,2,,,1,10,,23921,2,,,1,5,,23959,2,,,1,5,,24000,2,,,1,5,,24038,2,,,1,45,,23922,2,,,1,4,,23960,2,,,1,5,,24001,2,,,1,5,,24039,2,,,1,5,,23923,2,,,1,4,,23961,2,,,1,5,,24002,2,,,1,5,,24040,2,,,1,5,,23924,2,,,1,4,,23962,2,,,1,5,,24003,2,,,1,5,,24041,2,,,1,5,,23925,2,,,1,44,,23963,2,,,1,5,,24004,2,,,1,5,,24042,2,,,1,5,,23926,2,,,1,4,,23964,2,,,1,5,,24005,2,,,1,5,,24043,2,,,1,5,,23927,2,,,1,4,,23965,2,,,1,5,,24006,2,,,1,5,,24044,2,,,1,5,,23928,2,,,1,46,,23966,2,,,1,7,,24007,2,,,1,10,,23929,2,,,1,10,,24008,2,,,1,10,,23930,2,,,1,10,,24009,2,,,1,10,,23931,2,,,1,50,,24010,2,,,1,10,,23932,2,,,1,10,,24011,2,,,1,10,,23933,2,,,1,10,,24012,2,,,1,10,,23934,2,,,1,50,,24013,2,,,1,10,,23935,2,,,1,10,,24014,2,,,1,10,,23936,2,,,1,10,,24015,2,,,1,10,,23937,2,,,1,50,,24016,2,,,1,10,,23938,2,,,1,10,,24017,2,,,1,10,,23939,2,,,1,10,,24018,2,,,1,10,,23940,2,,,1,50,,24019,2,,,1,10,,23941,2,,,1,10,,24020,2,,,1,10,,23942,2,,,1,10,,24021,2,,,1,10,,23943,2,,,1,50,,24022,2,,,1,10,,23944,2,,,1,10,,24023,2,,,1,10,,23945,2,,,1,10,,24024,2,,,1,10,,23946,2,,,1,50,,24025,2,,,1,6,,24045,2,,,1,5,,23947,2,,,1,5,,23967,2,,,1,5,,24026,2,,,1,4,,24046,2,,,1,5,,23948,2,,,1,5,,23968,2,,,1,5,,24027,2,,,1,4,,24047,2,,,1,5,,23949,2,,,1,45,,23969,2,,,1,5,,24028,2,,,1,4,,24048,2,,,1,5,,23950,2,,,1,5,,23970,2,,,1,5,,24029,2,,,1,4,,24049,2,,,1,5,,23951,2,,,1,5,,23971,2,,,1,5,,24030,2,,,1,4,,24050,2,,,1,5,,23952,2,,,1,45,,23972,2,,,1,5,,24031,2,,,1,4,,24051,2,,,1,5,,23953,2,,,1,5,,23973,2,,,1,5,,24032,2,,,1,4,,24052,2,,,1,5,,23954,2,,,1,5,,23974,2,,,1,5,,24033,2,,,1,4,,24053,2,,,1,5,,23955,2,,,1,5,,23975,2,,,1,45,,24034,2,,,1,4,,24054,2,,,1,5,,23956,2,,,1,5,,23976,2,,,1,5,,24035,2,,,1,5,,24055,2,,,1,7,,23957,2,,,1,6,,23977,2,,,1,7,,24036,2,,,1,7,,24056,2,,,1,6,,23958,2,,,1,47,,23978,2,,,1,7,,24037,2,,,1,9,,24057,2,,,1,10,,23979,2,,,1,10,,24058,2,,,1,10,,23980,2,,,1,50,,24059,2,,,1,10,,23981,2,,,1,10,,24060,2,,,1,10,,23982,2,,,1,10,,24061,2,,,1,10,,23983,2,,,1,50,,24062,2,,,1,10,,23984,2,,,1,10,,24063,2,,,1,10,,23985,2,,,1,10,,24064,2,,,1,10,,23986,2,,,1,50,,24065,2,,,1,10,,23987,2,,,1,10,,24066,2,,,1,10,,23988,2,,,1,10,,24067,2,,,1,10,,23989,2,,,1,50,,24068,2,,,1,10,,23990,2,,,1,10,,24069,2,,,1,10,,23991,2,,,1,10,,24070,2,,,1,10,,23992,2,,,1,50,,24071,2,,,1,10,,23993,2,,,1,10,,24072,2,,,1,10,,23994,2,,,1,10,,24073,2,,,1,8,,23995,2,,,1,52,,24074,2,,,1
401,'GLOBAUX-01-A',533,,24075,2,,,1,10,,24136,2,,,1,10,,24076,2,,,1,50,,24137,2,,,1,10,,24077,2,,,1,10,,24138,2,,,1,10,,24078,2,,,1,10,,24139,2,,,1,10,,24079,2,,,1,50,,24140,2,,,1,10,,24080,2,,,1,10,,24141,2,,,1,10,,24081,2,,,1,10,,24142,2,,,1,10,,24082,2,,,1,50,,24143,2,,,1,10,,24083,2,,,1,10,,24144,2,,,1,10,,24084,2,,,1,10,,24145,2,,,1,10,,24085,2,,,1,50,,24146,2,,,1,10,,24086,2,,,1,10,,24147,2,,,1,10,,24087,2,,,1,10,,24148,2,,,1,10,,24088,2,,,1,50,,24149,2,,,1,10,,24089,2,,,1,10,,24150,2,,,1,10,,24090,2,,,1,10,,24151,2,,,1,10,,24091,2,,,1,50,,24152,2,,,1,10,,24092,2,,,1,10,,24153,2,,,1,10,,24093,2,,,1,10,,24154,2,,,1,10,,24094,2,,,1,50,,24155,2,,,1,10,,24095,2,,,1,10,,24156,2,,,1,10,,24096,2,,,1,10,,24157,2,,,1,10,,24097,2,,,1,50,,24158,2,,,1,10,,24098,2,,,1,10,,24159,2,,,1,10,,24099,2,,,1,10,,24160,2,,,1,10,,24100,2,,,1,50,,24161,2,,,1,10,,24101,2,,,1,10,,24162,2,,,1,10,,24102,2,,,1,10,,24163,2,,,1,10,,24103,2,,,1,50,,24164,2,,,1,10,,24104,2,,,1,10,,24165,2,,,1,10,,24105,2,,,1,10,,24166,2,,,1,10,,24106,2,,,1,50,,24167,2,,,1,10,,24107,2,,,1,10,,24168,2,,,1,10,,24108,2,,,1,10,,24169,2,,,1,10,,24109,2,,,1,50,,24170,2,,,1,10,,24110,2,,,1,10,,24171,2,,,1,10,,24111,2,,,1,10,,24172,2,,,1,10,,24112,2,,,1,50,,24173,2,,,1,10,,24113,2,,,1,10,,24174,2,,,1,10,,24114,2,,,1,10,,24175,2,,,1,10,,24115,2,,,1,50,,24176,2,,,1,10,,24116,2,,,1,10,,24177,2,,,1,10,,24117,2,,,1,10,,24178,2,,,1,10,,24118,2,,,1,50,,24179,2,,,1,10,,24119,2,,,1,10,,24180,2,,,1,10,,24120,2,,,1,10,,24181,2,,,1,10,,24121,2,,,1,50,,24182,2,,,1,10,,24122,2,,,1,10,,24183,2,,,1,10,,24123,2,,,1,10,,24184,2,,,1,10,,24124,2,,,1,50,,24185,2,,,1,10,,24125,2,,,1,10,,24186,2,,,1,10,,24126,2,,,1,10,,24187,2,,,1,10,,24127,2,,,1,50,,24188,2,,,1,10,,24128,2,,,1,10,,24189,2,,,1,10,,24129,2,,,1,10,,24190,2,,,1,10,,24130,2,,,1,50,,24191,2,,,1,10,,24131,2,,,1,10,,24192,2,,,1,10,,24132,2,,,1,10,,24193,2,,,1,10,,24133,2,,,1,50,,24194,2,,,1,10,,24134,2,,,1,10,,24195,2,,,1,10,,24135,2,,,1
401,'GLOBAUX-01-F1',533,,24196,2,,,1,10,,24255,2,,,1,10,,24197,2,,,1,50,,24256,2,,,1,10,,24198,2,,,1,10,,24257,2,,,1,10,,24199,2,,,1,10,,24258,2,,,1,10,,24200,2,,,1,50,,24259,2,,,1,10,,24201,2,,,1,10,,24260,2,,,1,10,,24202,2,,,1,10,,24261,2,,,1,10,,24203,2,,,1,50,,24262,2,,,1,10,,24204,2,,,1,10,,24263,2,,,1,10,,24205,2,,,1,10,,24264,2,,,1,10,,24206,2,,,1,50,,24265,2,,,1,10,,24207,2,,,1,10,,24266,2,,,1,10,,24208,2,,,1,10,,24267,2,,,1,10,,24209,2,,,1,50,,24268,2,,,1,10,,24210,2,,,1,10,,24269,2,,,1,10,,24211,2,,,1,10,,24270,2,,,1,10,,24212,2,,,1,50,,24271,2,,,1,10,,24213,2,,,1,10,,24272,2,,,1,10,,24214,2,,,1,10,,24273,2,,,1,10,,24215,2,,,1,50,,24274,2,,,1,10,,24216,2,,,1,10,,24275,2,,,1,10,,24217,2,,,1,10,,24276,2,,,1,10,,24218,2,,,1,50,,24277,2,,,1,10,,24219,2,,,1,10,,24278,2,,,1,10,,24220,2,,,1,10,,24279,2,,,1,10,,24221,2,,,1,50,,24280,2,,,1,10,,24222,2,,,1,10,,24281,2,,,1,10,,24223,2,,,1,10,,24282,2,,,1,10,,24224,2,,,1,50,,24283,2,,,1,10,,24225,2,,,1,10,,24284,2,,,1,10,,24226,2,,,1,10,,24285,2,,,1,10,,24227,2,,,1,50,,24286,2,,,1,10,,24228,2,,,1,10,,24287,2,,,1,10,,24229,2,,,1,10,,24288,2,,,1,10,,24230,2,,,1,50,,24289,2,,,1,10,,24231,2,,,1,10,,24290,2,,,1,10,,24232,2,,,1,10,,24291,2,,,1,10,,24233,2,,,1,50,,24292,2,,,1,10,,24234,2,,,1,10,,24293,2,,,1,10,,24235,2,,,1,10,,24294,2,,,1,10,,24236,2,,,1,50,,24295,2,,,1,10,,24237,2,,,1,10,,24296,2,,,1,10,,24238,2,,,1,10,,24297,2,,,1,10,,24239,2,,,1,50,,24298,2,,,1,10,,24240,2,,,1,10,,24299,2,,,1,10,,24241,2,,,1,10,,24300,2,,,1,10,,24242,2,,,1,50,,24301,2,,,1,10,,24243,2,,,1,10,,24302,2,,,1,10,,24244,2,,,1,10,,24303,2,,,1,10,,24245,2,,,1,50,,24304,2,,,1,10,,24246,2,,,1,10,,24305,2,,,1,10,,24247,2,,,1,10,,24306,2,,,1,10,,24248,2,,,1,50,,24307,2,,,1,10,,24249,2,,,1,10,,24308,2,,,1,10,,24250,2,,,1,10,,24309,2,,,1,10,,24251,2,,,1,50,,24310,2,,,1,10,,24252,2,,,1,10,,24311,2,,,1,10,,24253,2,,,1,10,,24312,2,,,1,10,,24254,2,,,1,50,,24313,2,,,1
401,'GLOBAUX-01-F2',533,,24314,2,,,1,10,,24373,2,,,1,10,,24315,2,,,1,50,,24374,2,,,1,10,,24316,2,,,1,10,,24375,2,,,1,10,,24317,2,,,1,10,,24376,2,,,1,10,,24318,2,,,1,50,,24377,2,,,1,10,,24319,2,,,1,10,,24378,2,,,1,10,,24320,2,,,1,10,,24379,2,,,1,10,,24321,2,,,1,50,,24380,2,,,1,10,,24322,2,,,1,10,,24381,2,,,1,10,,24323,2,,,1,10,,24382,2,,,1,10,,24324,2,,,1,50,,24383,2,,,1,10,,24325,2,,,1,10,,24384,2,,,1,10,,24326,2,,,1,10,,24385,2,,,1,10,,24327,2,,,1,50,,24386,2,,,1,10,,24328,2,,,1,10,,24387,2,,,1,10,,24329,2,,,1,10,,24388,2,,,1,10,,24330,2,,,1,50,,24389,2,,,1,10,,24331,2,,,1,10,,24390,2,,,1,10,,24332,2,,,1,10,,24391,2,,,1,10,,24333,2,,,1,50,,24392,2,,,1,10,,24334,2,,,1,10,,24393,2,,,1,10,,24335,2,,,1,10,,24394,2,,,1,10,,24336,2,,,1,50,,24395,2,,,1,10,,24337,2,,,1,10,,24396,2,,,1,10,,24338,2,,,1,10,,24397,2,,,1,10,,24339,2,,,1,50,,24398,2,,,1,10,,24340,2,,,1,10,,24399,2,,,1,10,,24341,2,,,1,10,,24400,2,,,1,10,,24342,2,,,1,50,,24401,2,,,1,10,,24343,2,,,1,10,,24402,2,,,1,10,,24344,2,,,1,10,,24403,2,,,1,10,,24345,2,,,1,50,,24404,2,,,1,10,,24346,2,,,1,10,,24405,2,,,1,10,,24347,2,,,1,10,,24406,2,,,1,10,,24348,2,,,1,50,,24407,2,,,1,10,,24349,2,,,1,10,,24408,2,,,1,10,,24350,2,,,1,10,,24409,2,,,1,10,,24351,2,,,1,50,,24410,2,,,1,10,,24352,2,,,1,10,,24411,2,,,1,10,,24353,2,,,1,10,,24412,2,,,1,10,,24354,2,,,1,50,,24413,2,,,1,10,,24355,2,,,1,10,,24414,2,,,1,10,,24356,2,,,1,10,,24415,2,,,1,10,,24357,2,,,1,50,,24416,2,,,1,10,,24358,2,,,1,10,,24417,2,,,1,10,,24359,2,,,1,10,,24418,2,,,1,10,,24360,2,,,1,50,,24419,2,,,1,10,,24361,2,,,1,10,,24420,2,,,1,10,,24362,2,,,1,10,,24421,2,,,1,10,,24363,2,,,1,50,,24422,2,,,1,10,,24364,2,,,1,10,,24423,2,,,1,10,,24365,2,,,1,10,,24424,2,,,1,10,,24366,2,,,1,50,,24425,2,,,1,10,,24367,2,,,1,10,,24426,2,,,1,10,,24368,2,,,1,10,,24427,2,,,1,10,,24369,2,,,1,50,,24428,2,,,1,10,,24370,2,,,1,10,,24429,2,,,1,10,,24371,2,,,1,10,,24430,2,,,1,10,,24372,2,,,1,50,,24431,2,,,1
401,'GLOBAUX-01-I',533,,24432,2,,,1,10,,24491,2,,,1,10,,24433,2,,,1,50,,24492,2,,,1,10,,24434,2,,,1,10,,24493,2,,,1,10,,24435,2,,,1,10,,24494,2,,,1,10,,24436,2,,,1,50,,24495,2,,,1,10,,24437,2,,,1,10,,24496,2,,,1,10,,24438,2,,,1,10,,24497,2,,,1,10,,24439,2,,,1,50,,24498,2,,,1,10,,24440,2,,,1,10,,24499,2,,,1,10,,24441,2,,,1,10,,24500,2,,,1,10,,24442,2,,,1,50,,24501,2,,,1,10,,24443,2,,,1,10,,24502,2,,,1,10,,24444,2,,,1,10,,24503,2,,,1,10,,24445,2,,,1,50,,24504,2,,,1,10,,24446,2,,,1,10,,24505,2,,,1,10,,24447,2,,,1,10,,24506,2,,,1,10,,24448,2,,,1,50,,24507,2,,,1,10,,24449,2,,,1,10,,24508,2,,,1,10,,24450,2,,,1,10,,24509,2,,,1,10,,24451,2,,,1,50,,24510,2,,,1,10,,24452,2,,,1,10,,24511,2,,,1,10,,24453,2,,,1,10,,24512,2,,,1,10,,24454,2,,,1,50,,24513,2,,,1,10,,24455,2,,,1,10,,24514,2,,,1,10,,24456,2,,,1,10,,24515,2,,,1,10,,24457,2,,,1,50,,24516,2,,,1,10,,24458,2,,,1,10,,24517,2,,,1,10,,24459,2,,,1,10,,24518,2,,,1,10,,24460,2,,,1,50,,24519,2,,,1,10,,24461,2,,,1,10,,24520,2,,,1,10,,24462,2,,,1,10,,24521,2,,,1,10,,24463,2,,,1,50,,24522,2,,,1,10,,24464,2,,,1,10,,24523,2,,,1,10,,24465,2,,,1,10,,24524,2,,,1,10,,24466,2,,,1,50,,24525,2,,,1,10,,24467,2,,,1,10,,24526,2,,,1,10,,24468,2,,,1,10,,24527,2,,,1,10,,24469,2,,,1,50,,24528,2,,,1,10,,24470,2,,,1,10,,24529,2,,,1,10,,24471,2,,,1,10,,24530,2,,,1,10,,24472,2,,,1,50,,24531,2,,,1,10,,24473,2,,,1,10,,24532,2,,,1,10,,24474,2,,,1,10,,24533,2,,,1,10,,24475,2,,,1,50,,24534,2,,,1,10,,24476,2,,,1,10,,24535,2,,,1,10,,24477,2,,,1,10,,24536,2,,,1,10,,24478,2,,,1,50,,24537,2,,,1,10,,24479,2,,,1,10,,24538,2,,,1,10,,24480,2,,,1,10,,24539,2,,,1,10,,24481,2,,,1,50,,24540,2,,,1,10,,24482,2,,,1,10,,24541,2,,,1,10,,24483,2,,,1,10,,24542,2,,,1,10,,24484,2,,,1,50,,24543,2,,,1,10,,24485,2,,,1,10,,24544,2,,,1,10,,24486,2,,,1,10,,24545,2,,,1,10,,24487,2,,,1,50,,24546,2,,,1,10,,24488,2,,,1,10,,24547,2,,,1,10,,24489,2,,,1,10,,24548,2,,,1,10,,24490,2,,,1,50,,24549,2,,,1
401,'GLOBAUX-01-S',533,,24550,2,,,1,10,,24629,2,,,1,10,,24551,2,,,1,50,,24630,2,,,1,10,,24552,2,,,1,10,,24631,2,,,1,10,,24553,2,,,1,10,,24632,2,,,1,5,,24670,2,,,1,5,,24554,2,,,1,5,,24592,2,,,1,45,,24633,2,,,1,4,,24671,2,,,1,5,,24555,2,,,1,5,,24593,2,,,1,5,,24634,2,,,1,4,,24672,2,,,1,5,,24556,2,,,1,5,,24594,2,,,1,5,,24635,2,,,1,4,,24673,2,,,1,5,,24557,2,,,1,5,,24595,2,,,1,45,,24636,2,,,1,4,,24674,2,,,1,5,,24558,2,,,1,5,,24596,2,,,1,5,,24637,2,,,1,4,,24675,2,,,1,5,,24559,2,,,1,5,,24597,2,,,1,5,,24638,2,,,1,4,,24676,2,,,1,5,,24560,2,,,1,5,,24598,2,,,1,5,,24639,2,,,1,46,,24677,2,,,1,7,,24561,2,,,1,10,,24640,2,,,1,10,,24562,2,,,1,10,,24641,2,,,1,10,,24563,2,,,1,50,,24642,2,,,1,10,,24564,2,,,1,10,,24643,2,,,1,10,,24565,2,,,1,10,,24644,2,,,1,10,,24566,2,,,1,50,,24645,2,,,1,10,,24567,2,,,1,10,,24646,2,,,1,10,,24568,2,,,1,10,,24647,2,,,1,10,,24569,2,,,1,50,,24648,2,,,1,10,,24570,2,,,1,10,,24649,2,,,1,10,,24571,2,,,1,10,,24650,2,,,1,10,,24572,2,,,1,50,,24651,2,,,1,10,,24573,2,,,1,10,,24652,2,,,1,10,,24574,2,,,1,10,,24653,2,,,1,10,,24575,2,,,1,50,,24654,2,,,1,10,,24576,2,,,1,10,,24655,2,,,1,10,,24577,2,,,1,10,,24656,2,,,1,10,,24578,2,,,1,50,,24657,2,,,1,10,,24579,2,,,1,6,,24599,2,,,1,5,,24658,2,,,1,5,,24678,2,,,1,5,,24580,2,,,1,4,,24600,2,,,1,5,,24659,2,,,1,5,,24679,2,,,1,5,,24581,2,,,1,4,,24601,2,,,1,5,,24660,2,,,1,45,,24680,2,,,1,5,,24582,2,,,1,4,,24602,2,,,1,5,,24661,2,,,1,5,,24681,2,,,1,5,,24583,2,,,1,4,,24603,2,,,1,5,,24662,2,,,1,5,,24682,2,,,1,5,,24584,2,,,1,4,,24604,2,,,1,5,,24663,2,,,1,45,,24683,2,,,1,5,,24585,2,,,1,4,,24605,2,,,1,5,,24664,2,,,1,5,,24684,2,,,1,5,,24586,2,,,1,4,,24606,2,,,1,5,,24665,2,,,1,5,,24685,2,,,1,5,,24587,2,,,1,4,,24607,2,,,1,5,,24666,2,,,1,5,,24686,2,,,1,45,,24588,2,,,1,4,,24608,2,,,1,5,,24667,2,,,1,5,,24687,2,,,1,5,,24589,2,,,1,5,,24609,2,,,1,6,,24668,2,,,1,7,,24688,2,,,1,7,,24590,2,,,1,6,,24610,2,,,1,47,,24669,2,,,1,7,,24689,2,,,1,7,,24591,2,,,1,9,,24611,2,,,1,10,,24690,2,,,1,10,,24612,2,,,1,10,,24691,2,,,1,50,,24613,2,,,1,10,,24692,2,,,1,10,,24614,2,,,1,10,,24693,2,,,1,10,,24615,2,,,1,10,,24694,2,,,1,50,,24616,2,,,1,10,,24695,2,,,1,10,,24617,2,,,1,10,,24696,2,,,1,10,,24618,2,,,1,10,,24697,2,,,1,50,,24619,2,,,1,10,,24698,2,,,1,10,,24620,2,,,1,10,,24699,2,,,1,10,,24621,2,,,1,10,,24700,2,,,1,50,,24622,2,,,1,10,,24701,2,,,1,10,,24623,2,,,1,10,,24702,2,,,1,10,,24624,2,,,1,10,,24703,2,,,1,50,,24625,2,,,1,10,,24704,2,,,1,10,,24626,2,,,1,10,,24705,2,,,1,10,,24627,2,,,1,10,,24706,2,,,1,50,,24628,2,,,1
