500,'GLOBAUX-01-A',539,,24707,8,,,1,10,,24725,8,,,1,10,,24743,8,,,1,50,,24760,8,,,1,10,,24777,8,,,1,10,,24805,8,,,1,10,,24822,8,,,1,10,,24708,8,,,1,10,,24726,8,,,1,50,,24744,8,,,1,10,,24761,8,,,1,10,,24778,8,,,1,10,,24806,8,,,1,10,,24823,8,,,1,10,,24709,8,,,1,50,,24727,8,,,1,10,,24745,8,,,1,11,,24762,8,,,1,10,,24779,8,,,1,10,,24807,8,,,1,50,,24824,8,,,1,10,,24710,8,,,1,10,,24728,8,,,1,10,,24746,8,,,1,10,,24763,8,,,1,8,,24780,8,,,1,9,,24794,8,,,1,48,,24808,8,,,1,9,,24825,8,,,1,8,,24711,8,,,1,9,,24729,8,,,1,8,,24747,8,,,1,9,,24764,8,,,1,8,,24781,8,,,1,49,,24795,8,,,1,8,,24809,8,,,1,9,,24826,8,,,1,8,,24712,8,,,1,9,,24730,8,,,1,8,,24748,8,,,1,9,,24765,8,,,1,48,,24782,8,,,1,9,,24796,8,,,1,8,,24810,8,,,1,9,,24827,8,,,1,8,,24713,8,,,1,9,,24731,8,,,1,8,,24749,8,,,1,49,,24766,8,,,1,8,,24783,8,,,1,9,,24797,8,,,1,8,,24811,8,,,1,9,,24828,8,,,1,8,,24714,8,,,1,9,,24732,8,,,1,48,,24750,8,,,1,9,,24767,8,,,1,8,,24784,8,,,1,9,,24798,8,,,1,8,,24812,8,,,1,9,,24829,8,,,1,8,,24715,8,,,1,49,,24733,8,,,1,8,,24751,8,,,1,9,,24768,8,,,1,8,,24785,8,,,1,9,,24799,8,,,1,8,,24813,8,,,1,9,,24830,8,,,1,48,,24716,8,,,1,9,,24734,8,,,1,8,,24752,8,,,1,9,,24769,8,,,1,8,,24786,8,,,1,9,,24800,8,,,1,8,,24814,8,,,1,49,,24831,8,,,1,8,,24717,8,,,1,9,,24735,8,,,1,8,,24753,8,,,1,9,,24770,8,,,1,8,,24787,8,,,1,9,,24801,8,,,1,48,,24815,8,,,1,9,,24832,8,,,1,8,,24718,8,,,1,9,,24736,8,,,1,8,,24754,8,,,1,9,,24771,8,,,1,8,,24788,8,,,1,48,,24802,8,,,1,9,,24816,8,,,1,8,,24833,8,,,1,9,,24719,8,,,1,8,,24737,8,,,1,9,,24755,8,,,1,8,,24772,8,,,1,49,,24789,8,,,1,8,,24803,8,,,1,9,,24817,8,,,1,8,,24834,8,,,1,9,,24720,8,,,1,8,,24738,8,,,1,9,,24756,8,,,1,8,,24773,8,,,1,49,,24790,8,,,1,8,,24804,8,,,1,9,,24818,8,,,1,9,,24835,8,,,1,10,,24721,8,,,1,10,,24739,8,,,1,50,,24757,8,,,1,10,,24774,8,,,1,10,,24791,8,,,1,10,,24819,8,,,1,10,,24836,8,,,1,10,,24722,8,,,1,50,,24740,8,,,1,10,,24758,8,,,1,10,,24775,8,,,1,10,,24792,8,,,1,10,,24820,8,,,1,10,,24837,8,,,1,50,,24723,8,,,1,10,,24741,8,,,1,10,,24759,8,,,1,10,,24776,8,,,1,10,,24793,8,,,1,10,,24821,8,,,1,50,,24838,8,,,1,10,,24724,8,,,1,10,,24742,8,,,1
500,'GLOBAUX-01-F1',539,,24839,8,,,1,10,,24856,8,,,1,10,,24873,8,,,1,50,,24890,8,,,1,10,,24907,8,,,1,10,,24938,8,,,1,10,,24951,8,,,1,10,,24840,8,,,1,10,,24857,8,,,1,50,,24874,8,,,1,10,,24891,8,,,1,10,,24908,8,,,1,10,,24939,8,,,1,10,,24952,8,,,1,10,,24841,8,,,1,50,,24858,8,,,1,10,,24875,8,,,1,10,,24892,8,,,1,10,,24909,8,,,1,10,,24940,8,,,1,10,,24953,8,,,1,51,,24842,8,,,1,10,,24859,8,,,1,10,,24876,8,,,1,10,,24893,8,,,1,8,,24910,8,,,1,9,,24924,8,,,1,48,,24941,8,,,1,9,,24954,8,,,1,8,,24843,8,,,1,9,,24860,8,,,1,8,,24877,8,,,1,9,,24894,8,,,1,8,,24911,8,,,1,49,,24925,8,,,1,8,,24942,8,,,1,9,,24955,8,,,1,8,,24844,8,,,1,9,,24861,8,,,1,8,,24878,8,,,1,9,,24895,8,,,1,48,,24912,8,,,1,9,,24926,8,,,1,8,,24943,8,,,1,9,,24956,8,,,1,8,,24845,8,,,1,9,,24862,8,,,1,8,,24879,8,,,1,49,,24896,8,,,1,8,,24913,8,,,1,9,,24927,8,,,1,8,,24944,8,,,1,9,,24957,8,,,1,8,,24846,8,,,1,9,,24863,8,,,1,48,,24880,8,,,1,9,,24897,8,,,1,8,,24914,8,,,1,9,,24928,8,,,1,8,,24945,8,,,1,9,,24958,8,,,1,8,,24847,8,,,1,49,,24864,8,,,1,8,,24881,8,,,1,9,,24898,8,,,1,8,,24915,8,,,1,9,,24929,8,,,1,8,,24946,8,,,1,9,,24959,8,,,1,48,,24848,8,,,1,9,,24865,8,,,1,8,,24882,8,,,1,9,,24899,8,,,1,8,,24916,8,,,1,9,,24930,8,,,1,8,,24947,8,,,1,49,,24960,8,,,1,8,,24849,8,,,1,9,,24866,8,,,1,8,,24883,8,,,1,9,,24900,8,,,1,8,,24917,8,,,1,9,,24931,8,,,1,48,,24948,8,,,1,8,,24961,8,,,1,9,,24850,8,,,1,8,,24867,8,,,1,9,,24884,8,,,1,8,,24901,8,,,1,9,,24918,8,,,1,48,,24932,8,,,1,9,,24949,8,,,1,8,,24962,8,,,1,9,,24851,8,,,1,8,,24868,8,,,1,9,,24885,8,,,1,8,,24902,8,,,1,49,,24919,8,,,1,8,,24933,8,,,1,9,,24950,8,,,1,8,,24963,8,,,1,9,,24852,8,,,1,10,,24869,8,,,1,10,,24886,8,,,1,50,,24903,8,,,1,10,,24920,8,,,1,10,,24934,8,,,1,10,,24964,8,,,1,10,,24853,8,,,1,10,,24870,8,,,1,50,,24887,8,,,1,10,,24904,8,,,1,10,,24921,8,,,1,10,,24935,8,,,1,10,,24965,8,,,1,10,,24854,8,,,1,50,,24871,8,,,1,10,,24888,8,,,1,10,,24905,8,,,1,10,,24922,8,,,1,10,,24936,8,,,1,10,,24966,8,,,1,50,,24855,8,,,1,10,,24872,8,,,1,10,,24889,8,,,1,10,,24906,8,,,1,10,,24923,8,,,1,10,,24937,8,,,1
500,'GLOBAUX-01-F2',539,,24967,8,,,1,10,,24984,8,,,1,10,,25001,8,,,1,50,,25018,8,,,1,10,,25035,8,,,1,10,,25066,8,,,1,10,,25079,8,,,1,10,,24968,8,,,1,10,,24985,8,,,1,50,,25002,8,,,1,10,,25019,8,,,1,10,,25036,8,,,1,10,,25067,8,,,1,10,,25080,8,,,1,10,,24969,8,,,1,50,,24986,8,,,1,10,,25003,8,,,1,10,,25020,8,,,1,10,,25037,8,,,1,10,,25068,8,,,1,10,,25081,8,,,1,51,,24970,8,,,1,10,,24987,8,,,1,10,,25004,8,,,1,10,,25021,8,,,1,8,,25038,8,,,1,9,,25052,8,,,1,48,,25069,8,,,1,9,,25082,8,,,1,8,,24971,8,,,1,9,,24988,8,,,1,8,,25005,8,,,1,9,,25022,8,,,1,8,,25039,8,,,1,49,,25053,8,,,1,8,,25070,8,,,1,9,,25083,8,,,1,8,,24972,8,,,1,9,,24989,8,,,1,8,,25006,8,,,1,9,,25023,8,,,1,48,,25040,8,,,1,9,,25054,8,,,1,8,,25071,8,,,1,9,,25084,8,,,1,8,,24973,8,,,1,9,,24990,8,,,1,8,,25007,8,,,1,49,,25024,8,,,1,8,,25041,8,,,1,9,,25055,8,,,1,8,,25072,8,,,1,9,,25085,8,,,1,8,,24974,8,,,1,9,,24991,8,,,1,48,,25008,8,,,1,9,,25025,8,,,1,8,,25042,8,,,1,9,,25056,8,,,1,8,,25073,8,,,1,9,,25086,8,,,1,8,,24975,8,,,1,49,,24992,8,,,1,8,,25009,8,,,1,9,,25026,8,,,1,8,,25043,8,,,1,9,,25057,8,,,1,8,,25074,8,,,1,9,,25087,8,,,1,48,,24976,8,,,1,9,,24993,8,,,1,8,,25010,8,,,1,9,,25027,8,,,1,8,,25044,8,,,1,9,,25058,8,,,1,8,,25075,8,,,1,49,,25088,8,,,1,8,,24977,8,,,1,9,,24994,8,,,1,8,,25011,8,,,1,9,,25028,8,,,1,8,,25045,8,,,1,9,,25059,8,,,1,48,,25076,8,,,1,8,,25089,8,,,1,9,,24978,8,,,1,8,,24995,8,,,1,9,,25012,8,,,1,8,,25029,8,,,1,9,,25046,8,,,1,48,,25060,8,,,1,9,,25077,8,,,1,8,,25090,8,,,1,9,,24979,8,,,1,8,,24996,8,,,1,9,,25013,8,,,1,8,,25030,8,,,1,49,,25047,8,,,1,8,,25061,8,,,1,9,,25078,8,,,1,8,,25091,8,,,1,9,,24980,8,,,1,10,,24997,8,,,1,10,,25014,8,,,1,50,,25031,8,,,1,10,,25048,8,,,1,10,,25062,8,,,1,10,,25092,8,,,1,10,,24981,8,,,1,10,,24998,8,,,1,50,,25015,8,,,1,10,,25032,8,,,1,10,,25049,8,,,1,10,,25063,8,,,1,10,,25093,8,,,1,10,,24982,8,,,1,50,,24999,8,,,1,10,,25016,8,,,1,10,,25033,8,,,1,10,,25050,8,,,1,10,,25064,8,,,1,10,,25094,8,,,1,50,,24983,8,,,1,10,,25000,8,,,1,10,,25017,8,,,1,10,,25034,8,,,1,10,,25051,8,,,1,10,,25065,8,,,1
500,'GLOBAUX-01-I',539,,25095,8,,,1,10,,25112,8,,,1,10,,25129,8,,,1,50,,25146,8,,,1,10,,25163,8,,,1,10,,25194,8,,,1,10,,25207,8,,,1,10,,25096,8,,,1,10,,25113,8,,,1,50,,25130,8,,,1,10,,25147,8,,,1,10,,25164,8,,,1,10,,25195,8,,,1,10,,25208,8,,,1,10,,25097,8,,,1,50,,25114,8,,,1,10,,25131,8,,,1,10,,25148,8,,,1,10,,25165,8,,,1,10,,25196,8,,,1,10,,25209,8,,,1,51,,25098,8,,,1,10,,25115,8,,,1,10,,25132,8,,,1,10,,25149,8,,,1,8,,25166,8,,,1,9,,25180,8,,,1,48,,25197,8,,,1,9,,25210,8,,,1,8,,25099,8,,,1,9,,25116,8,,,1,8,,25133,8,,,1,9,,25150,8,,,1,8,,25167,8,,,1,49,,25181,8,,,1,8,,25198,8,,,1,9,,25211,8,,,1,8,,25100,8,,,1,9,,25117,8,,,1,8,,25134,8,,,1,9,,25151,8,,,1,48,,25168,8,,,1,9,,25182,8,,,1,8,,25199,8,,,1,9,,25212,8,,,1,8,,25101,8,,,1,9,,25118,8,,,1,8,,25135,8,,,1,49,,25152,8,,,1,8,,25169,8,,,1,9,,25183,8,,,1,8,,25200,8,,,1,9,,25213,8,,,1,8,,25102,8,,,1,9,,25119,8,,,1,48,,25136,8,,,1,9,,25153,8,,,1,8,,25170,8,,,1,9,,25184,8,,,1,8,,25201,8,,,1,9,,25214,8,,,1,8,,25103,8,,,1,49,,25120,8,,,1,8,,25137,8,,,1,9,,25154,8,,,1,8,,25171,8,,,1,9,,25185,8,,,1,8,,25202,8,,,1,9,,25215,8,,,1,48,,25104,8,,,1,9,,25121,8,,,1,8,,25138,8,,,1,9,,25155,8,,,1,8,,25172,8,,,1,9,,25186,8,,,1,8,,25203,8,,,1,49,,25216,8,,,1,8,,25105,8,,,1,9,,25122,8,,,1,8,,25139,8,,,1,9,,25156,8,,,1,8,,25173,8,,,1,9,,25187,8,,,1,48,,25204,8,,,1,8,,25217,8,,,1,9,,25106,8,,,1,8,,25123,8,,,1,9,,25140,8,,,1,8,,25157,8,,,1,9,,25174,8,,,1,48,,25188,8,,,1,9,,25205,8,,,1,8,,25218,8,,,1,9,,25107,8,,,1,8,,25124,8,,,1,9,,25141,8,,,1,8,,25158,8,,,1,49,,25175,8,,,1,8,,25189,8,,,1,9,,25206,8,,,1,8,,25219,8,,,1,9,,25108,8,,,1,10,,25125,8,,,1,10,,25142,8,,,1,50,,25159,8,,,1,10,,25176,8,,,1,10,,25190,8,,,1,10,,25220,8,,,1,10,,25109,8,,,1,10,,25126,8,,,1,50,,25143,8,,,1,10,,25160,8,,,1,10,,25177,8,,,1,10,,25191,8,,,1,10,,25221,8,,,1,10,,25110,8,,,1,50,,25127,8,,,1,10,,25144,8,,,1,10,,25161,8,,,1,10,,25178,8,,,1,10,,25192,8,,,1,10,,25222,8,,,1,50,,25111,8,,,1,10,,25128,8,,,1,10,,25145,8,,,1,10,,25162,8,,,1,10,,25179,8,,,1,10,,25193,8,,,1
500,'GLOBAUX-01-S',539,,25223,8,,,1,8,,25235,8,,,1,8,,25239,8,,,1,48,,25263,8,,,1,8,,25301,8,,,1,7,,25328,8,,,1,5,,25345,8,,,1,6,,25348,8,,,1,5,,25375,8,,,1,4,,25386,8,,,1,5,,25389,8,,,1,4,,25401,8,,,1,5,,25224,8,,,1,4,,25236,8,,,1,45,,25240,8,,,1,4,,25264,8,,,1,5,,25281,8,,,1,4,,25284,8,,,1,5,,25302,8,,,1,4,,25309,8,,,1,5,,25329,8,,,1,4,,25346,8,,,1,5,,25349,8,,,1,4,,25376,8,,,1,5,,25387,8,,,1,4,,25390,8,,,1,5,,25402,8,,,1,45,,25225,8,,,1,4,,25237,8,,,1,4,,25241,8,,,1,4,,25265,8,,,1,3,,25282,8,,,1,4,,25285,8,,,1,3,,25303,8,,,1,4,,25304,8,,,1,3,,25310,8,,,1,4,,25330,8,,,1,4,,25347,8,,,1,3,,25350,8,,,1,4,,25360,8,,,1,5,,25377,8,,,1,4,,25388,8,,,1,5,,25391,8,,,1,44,,25403,8,,,1,5,,25226,8,,,1,4,,25238,8,,,1,5,,25242,8,,,1,4,,25266,8,,,1,5,,25283,8,,,1,4,,25286,8,,,1,5,,25305,8,,,1,4,,25311,8,,,1,7,,25331,8,,,1,7,,25361,8,,,1,7,,25378,8,,,1,48,,25404,8,,,1,7,,25227,8,,,1,7,,25243,8,,,1,7,,25267,8,,,1,8,,25287,8,,,1,7,,25312,8,,,1,7,,25332,8,,,1,7,,25362,8,,,1,48,,25379,8,,,1,7,,25405,8,,,1,7,,25228,8,,,1,8,,25244,8,,,1,7,,25268,8,,,1,7,,25288,8,,,1,7,,25313,8,,,1,8,,25333,8,,,1,47,,25363,8,,,1,7,,25380,8,,,1,7,,25406,8,,,1,8,,25229,8,,,1,7,,25245,8,,,1,7,,25269,8,,,1,7,,25289,8,,,1,8,,25314,8,,,1,47,,25334,8,,,1,7,,25364,8,,,1,7,,25381,8,,,1,8,,25407,8,,,1,7,,25230,8,,,1,7,,25246,8,,,1,7,,25270,8,,,1,8,,25290,8,,,1,7,,25315,8,,,1,47,,25335,8,,,1,7,,25365,8,,,1,8,,25382,8,,,1,7,,25408,8,,,1,7,,25231,8,,,1,7,,25247,8,,,1,8,,25271,8,,,1,7,,25291,8,,,1,47,,25316,8,,,1,6,,25336,8,,,1,5,,25351,8,,,1,6,,25366,8,,,1,5,,25383,8,,,1,6,,25392,8,,,1,4,,25409,8,,,1,5,,25232,8,,,1,5,,25248,8,,,1,5,,25257,8,,,1,5,,25272,8,,,1,45,,25292,8,,,1,5,,25306,8,,,1,4,,25317,8,,,1,5,,25325,8,,,1,5,,25337,8,,,1,5,,25352,8,,,1,5,,25367,8,,,1,5,,25384,8,,,1,4,,25393,8,,,1,5,,25410,8,,,1,5,,25233,8,,,1,5,,25249,8,,,1,5,,25258,8,,,1,44,,25273,8,,,1,5,,25293,8,,,1,5,,25307,8,,,1,5,,25318,8,,,1,5,,25326,8,,,1,5,,25338,8,,,1,4,,25353,8,,,1,5,,25368,8,,,1,5,,25385,8,,,1,5,,25394,8,,,1,5,,25411,8,,,1,4,,25234,8,,,1,45,,25250,8,,,1,5,,25259,8,,,1,6,,25274,8,,,1,5,,25294,8,,,1,5,,25308,8,,,1,6,,25319,8,,,1,6,,25327,8,,,1,7,,25339,8,,,1,6,,25354,8,,,1,7,,25369,8,,,1,46,,25395,8,,,1,7,,25412,8,,,1,6,,25251,8,,,1,7,,25260,8,,,1,6,,25275,8,,,1,7,,25295,8,,,1,6,,25320,8,,,1,7,,25340,8,,,1,6,,25355,8,,,1,6,,25370,8,,,1,47,,25396,8,,,1,6,,25413,8,,,1,7,,25252,8,,,1,6,,25261,8,,,1,7,,25276,8,,,1,6,,25296,8,,,1,7,,25321,8,,,1,6,,25341,8,,,1,7,,25356,8,,,1,46,,25371,8,,,1,7,,25397,8,,,1,6,,25414,8,,,1,7,,25253,8,,,1,6,,25262,8,,,1,7,,25277,8,,,1,6,,25297,8,,,1,7,,25322,8,,,1,6,,25342,8,,,1,47,,25357,8,,,1,6,,25372,8,,,1,7,,25398,8,,,1,6,,25415,8,,,1,7,,25254,8,,,1,8,,25278,8,,,1,8,,25298,8,,,1,8,,25323,8,,,1,48,,25343,8,,,1,8,,25358,8,,,1,8,,25373,8,,,1,8,,25399,8,,,1,8,,25255,8,,,1,8,,25279,8,,,1,8,,25299,8,,,1,8,,25324,8,,,1,48,,25344,8,,,1,7,,25359,8,,,1,8,,25374,8,,,1,8,,25400,8,,,1,8,,25256,8,,,1,10,,25280,8,,,1,9,,25300,8,,,1
501,'GLOBAUX-01-A',535,,25484,5,,,1,10,,25513,5,,,1,10,,25531,5,,,1,50,,25416,5,,,1,10,,25433,5,,,1,10,,25450,5,,,1,10,,25467,5,,,1,10,,25485,5,,,1,10,,25514,5,,,1,50,,25532,5,,,1,10,,25417,5,,,1,10,,25434,5,,,1,10,,25451,5,,,1,10,,25468,5,,,1,10,,25486,5,,,1,50,,25515,5,,,1,10,,25533,5,,,1,10,,25418,5,,,1,10,,25435,5,,,1,10,,25452,5,,,1,10,,25469,5,,,1,49,,25487,5,,,1,8,,25502,5,,,1,9,,25516,5,,,1,8,,25534,5,,,1,9,,25419,5,,,1,8,,25436,5,,,1,9,,25453,5,,,1,48,,25470,5,,,1,9,,25488,5,,,1,8,,25503,5,,,1,9,,25517,5,,,1,8,,25535,5,,,1,9,,25420,5,,,1,8,,25437,5,,,1,49,,25454,5,,,1,8,,25471,5,,,1,9,,25489,5,,,1,8,,25504,5,,,1,9,,25518,5,,,1,8,,25536,5,,,1,9,,25421,5,,,1,48,,25438,5,,,1,9,,25455,5,,,1,8,,25472,5,,,1,9,,25490,5,,,1,8,,25505,5,,,1,9,,25519,5,,,1,8,,25537,5,,,1,49,,25422,5,,,1,8,,25439,5,,,1,9,,25456,5,,,1,8,,25473,5,,,1,9,,25491,5,,,1,8,,25506,5,,,1,9,,25520,5,,,1,48,,25538,5,,,1,9,,25423,5,,,1,8,,25440,5,,,1,9,,25457,5,,,1,8,,25474,5,,,1,9,,25492,5,,,1,8,,25507,5,,,1,49,,25521,5,,,1,8,,25539,5,,,1,9,,25424,5,,,1,8,,25441,5,,,1,9,,25458,5,,,1,8,,25475,5,,,1,9,,25493,5,,,1,48,,25508,5,,,1,9,,25522,5,,,1,8,,25540,5,,,1,9,,25425,5,,,1,8,,25442,5,,,1,9,,25459,5,,,1,8,,25476,5,,,1,49,,25494,5,,,1,8,,25509,5,,,1,9,,25523,5,,,1,8,,25541,5,,,1,9,,25426,5,,,1,8,,25443,5,,,1,9,,25460,5,,,1,8,,25477,5,,,1,49,,25495,5,,,1,8,,25510,5,,,1,9,,25524,5,,,1,8,,25542,5,,,1,9,,25427,5,,,1,8,,25444,5,,,1,9,,25461,5,,,1,48,,25478,5,,,1,9,,25496,5,,,1,8,,25511,5,,,1,9,,25525,5,,,1,8,,25543,5,,,1,9,,25428,5,,,1,8,,25445,5,,,1,49,,25462,5,,,1,8,,25479,5,,,1,9,,25497,5,,,1,8,,25512,5,,,1,9,,25526,5,,,1,9,,25544,5,,,1,50,,25429,5,,,1,10,,25446,5,,,1,10,,25463,5,,,1,10,,25480,5,,,1,10,,25498,5,,,1,10,,25527,5,,,1,50,,25545,5,,,1,10,,25430,5,,,1,10,,25447,5,,,1,10,,25464,5,,,1,10,,25481,5,,,1,10,,25499,5,,,1,50,,25528,5,,,1,10,,25546,5,,,1,10,,25431,5,,,1,10,,25448,5,,,1,10,,25465,5,,,1,10,,25482,5,,,1,50,,25500,5,,,1,10,,25529,5,,,1,10,,25547,5,,,1,10,,25432,5,,,1,10,,25449,5,,,1,10,,25466,5,,,1,50,,25483,5,,,1,10,,25501,5,,,1,10,,25530,5,,,1
501,'GLOBAUX-01-F1',535,,25615,5,,,1,10,,25646,5,,,1,10,,25659,5,,,1,50,,25548,5,,,1,10,,25565,5,,,1,10,,25582,5,,,1,10,,25599,5,,,1,10,,25616,5,,,1,10,,25647,5,,,1,50,,25660,5,,,1,10,,25549,5,,,1,10,,25566,5,,,1,10,,25583,5,,,1,10,,25600,5,,,1,10,,25617,5,,,1,50,,25648,5,,,1,10,,25661,5,,,1,10,,25550,5,,,1,10,,25567,5,,,1,10,,25584,5,,,1,10,,25601,5,,,1,49,,25618,5,,,1,8,,25632,5,,,1,9,,25649,5,,,1,8,,25662,5,,,1,9,,25551,5,,,1,8,,25568,5,,,1,9,,25585,5,,,1,48,,25602,5,,,1,9,,25619,5,,,1,8,,25633,5,,,1,9,,25650,5,,,1,8,,25663,5,,,1,9,,25552,5,,,1,8,,25569,5,,,1,49,,25586,5,,,1,8,,25603,5,,,1,9,,25620,5,,,1,8,,25634,5,,,1,9,,25651,5,,,1,8,,25664,5,,,1,9,,25553,5,,,1,48,,25570,5,,,1,9,,25587,5,,,1,8,,25604,5,,,1,9,,25621,5,,,1,8,,25635,5,,,1,9,,25652,5,,,1,8,,25665,5,,,1,49,,25554,5,,,1,8,,25571,5,,,1,9,,25588,5,,,1,8,,25605,5,,,1,9,,25622,5,,,1,8,,25636,5,,,1,9,,25653,5,,,1,48,,25666,5,,,1,9,,25555,5,,,1,8,,25572,5,,,1,9,,25589,5,,,1,8,,25606,5,,,1,9,,25623,5,,,1,8,,25637,5,,,1,49,,25654,5,,,1,8,,25667,5,,,1,9,,25556,5,,,1,8,,25573,5,,,1,9,,25590,5,,,1,8,,25607,5,,,1,9,,25624,5,,,1,48,,25638,5,,,1,9,,25655,5,,,1,8,,25668,5,,,1,9,,25557,5,,,1,8,,25574,5,,,1,9,,25591,5,,,1,8,,25608,5,,,1,49,,25625,5,,,1,8,,25639,5,,,1,9,,25656,5,,,1,8,,25669,5,,,1,9,,25558,5,,,1,8,,25575,5,,,1,9,,25592,5,,,1,8,,25609,5,,,1,49,,25626,5,,,1,8,,25640,5,,,1,9,,25657,5,,,1,8,,25670,5,,,1,9,,25559,5,,,1,8,,25576,5,,,1,9,,25593,5,,,1,48,,25610,5,,,1,9,,25627,5,,,1,8,,25641,5,,,1,9,,25658,5,,,1,8,,25671,5,,,1,9,,25560,5,,,1,50,,25577,5,,,1,10,,25594,5,,,1,10,,25611,5,,,1,10,,25628,5,,,1,10,,25642,5,,,1,10,,25672,5,,,1,50,,25561,5,,,1,10,,25578,5,,,1,10,,25595,5,,,1,10,,25612,5,,,1,10,,25629,5,,,1,10,,25643,5,,,1,50,,25673,5,,,1,10,,25562,5,,,1,10,,25579,5,,,1,10,,25596,5,,,1,10,,25613,5,,,1,10,,25630,5,,,1,50,,25644,5,,,1,10,,25674,5,,,1,10,,25563,5,,,1,10,,25580,5,,,1,10,,25597,5,,,1,10,,25614,5,,,1,50,,25631,5,,,1,10,,25645,5,,,1,10,,25675,5,,,1,10,,25564,5,,,1,10,,25581,5,,,1,10,,25598,5,,,1
501,'GLOBAUX-01-F2',535,,25743,5,,,1,10,,25774,5,,,1,10,,25787,5,,,1,50,,25676,5,,,1,10,,25693,5,,,1,10,,25710,5,,,1,10,,25727,5,,,1,10,,25744,5,,,1,10,,25775,5,,,1,50,,25788,5,,,1,10,,25677,5,,,1,10,,25694,5,,,1,10,,25711,5,,,1,10,,25728,5,,,1,10,,25745,5,,,1,50,,25776,5,,,1,10,,25789,5,,,1,10,,25678,5,,,1,10,,25695,5,,,1,10,,25712,5,,,1,10,,25729,5,,,1,49,,25746,5,,,1,8,,25760,5,,,1,9,,25777,5,,,1,8,,25790,5,,,1,9,,25679,5,,,1,8,,25696,5,,,1,9,,25713,5,,,1,48,,25730,5,,,1,9,,25747,5,,,1,8,,25761,5,,,1,9,,25778,5,,,1,8,,25791,5,,,1,9,,25680,5,,,1,8,,25697,5,,,1,49,,25714,5,,,1,8,,25731,5,,,1,9,,25748,5,,,1,8,,25762,5,,,1,9,,25779,5,,,1,8,,25792,5,,,1,9,,25681,5,,,1,48,,25698,5,,,1,9,,25715,5,,,1,8,,25732,5,,,1,9,,25749,5,,,1,8,,25763,5,,,1,9,,25780,5,,,1,8,,25793,5,,,1,49,,25682,5,,,1,8,,25699,5,,,1,9,,25716,5,,,1,8,,25733,5,,,1,9,,25750,5,,,1,8,,25764,5,,,1,9,,25781,5,,,1,48,,25794,5,,,1,9,,25683,5,,,1,8,,25700,5,,,1,9,,25717,5,,,1,8,,25734,5,,,1,9,,25751,5,,,1,8,,25765,5,,,1,49,,25782,5,,,1,8,,25795,5,,,1,9,,25684,5,,,1,8,,25701,5,,,1,9,,25718,5,,,1,8,,25735,5,,,1,9,,25752,5,,,1,48,,25766,5,,,1,9,,25783,5,,,1,8,,25796,5,,,1,9,,25685,5,,,1,8,,25702,5,,,1,9,,25719,5,,,1,8,,25736,5,,,1,49,,25753,5,,,1,8,,25767,5,,,1,9,,25784,5,,,1,8,,25797,5,,,1,9,,25686,5,,,1,8,,25703,5,,,1,9,,25720,5,,,1,8,,25737,5,,,1,49,,25754,5,,,1,8,,25768,5,,,1,9,,25785,5,,,1,8,,25798,5,,,1,9,,25687,5,,,1,8,,25704,5,,,1,9,,25721,5,,,1,48,,25738,5,,,1,9,,25755,5,,,1,8,,25769,5,,,1,9,,25786,5,,,1,8,,25799,5,,,1,9,,25688,5,,,1,50,,25705,5,,,1,10,,25722,5,,,1,10,,25739,5,,,1,10,,25756,5,,,1,10,,25770,5,,,1,10,,25800,5,,,1,50,,25689,5,,,1,10,,25706,5,,,1,10,,25723,5,,,1,10,,25740,5,,,1,10,,25757,5,,,1,10,,25771,5,,,1,50,,25801,5,,,1,10,,25690,5,,,1,10,,25707,5,,,1,10,,25724,5,,,1,10,,25741,5,,,1,10,,25758,5,,,1,50,,25772,5,,,1,10,,25802,5,,,1,10,,25691,5,,,1,10,,25708,5,,,1,10,,25725,5,,,1,10,,25742,5,,,1,50,,25759,5,,,1,10,,25773,5,,,1,10,,25803,5,,,1,10,,25692,5,,,1,10,,25709,5,,,1,10,,25726,5,,,1
501,'GLOBAUX-01-I',535,,25871,5,,,1,10,,25902,5,,,1,10,,25915,5,,,1,50,,25804,5,,,1,10,,25821,5,,,1,10,,25838,5,,,1,10,,25855,5,,,1,10,,25872,5,,,1,10,,25903,5,,,1,50,,25916,5,,,1,10,,25805,5,,,1,10,,25822,5,,,1,10,,25839,5,,,1,10,,25856,5,,,1,10,,25873,5,,,1,50,,25904,5,,,1,10,,25917,5,,,1,10,,25806,5,,,1,10,,25823,5,,,1,10,,25840,5,,,1,10,,25857,5,,,1,49,,25874,5,,,1,8,,25888,5,,,1,9,,25905,5,,,1,8,,25918,5,,,1,9,,25807,5,,,1,8,,25824,5,,,1,9,,25841,5,,,1,48,,25858,5,,,1,9,,25875,5,,,1,8,,25889,5,,,1,9,,25906,5,,,1,8,,25919,5,,,1,9,,25808,5,,,1,8,,25825,5,,,1,49,,25842,5,,,1,8,,25859,5,,,1,9,,25876,5,,,1,8,,25890,5,,,1,9,,25907,5,,,1,8,,25920,5,,,1,9,,25809,5,,,1,48,,25826,5,,,1,9,,25843,5,,,1,8,,25860,5,,,1,9,,25877,5,,,1,8,,25891,5,,,1,9,,25908,5,,,1,8,,25921,5,,,1,49,,25810,5,,,1,8,,25827,5,,,1,9,,25844,5,,,1,8,,25861,5,,,1,9,,25878,5,,,1,8,,25892,5,,,1,9,,25909,5,,,1,48,,25922,5,,,1,9,,25811,5,,,1,8,,25828,5,,,1,9,,25845,5,,,1,8,,25862,5,,,1,9,,25879,5,,,1,8,,25893,5,,,1,49,,25910,5,,,1,8,,25923,5,,,1,9,,25812,5,,,1,8,,25829,5,,,1,9,,25846,5,,,1,8,,25863,5,,,1,9,,25880,5,,,1,48,,25894,5,,,1,9,,25911,5,,,1,8,,25924,5,,,1,9,,25813,5,,,1,8,,25830,5,,,1,9,,25847,5,,,1,8,,25864,5,,,1,49,,25881,5,,,1,8,,25895,5,,,1,9,,25912,5,,,1,8,,25925,5,,,1,9,,25814,5,,,1,8,,25831,5,,,1,9,,25848,5,,,1,8,,25865,5,,,1,49,,25882,5,,,1,8,,25896,5,,,1,9,,25913,5,,,1,8,,25926,5,,,1,9,,25815,5,,,1,8,,25832,5,,,1,9,,25849,5,,,1,48,,25866,5,,,1,9,,25883,5,,,1,8,,25897,5,,,1,9,,25914,5,,,1,8,,25927,5,,,1,9,,25816,5,,,1,50,,25833,5,,,1,10,,25850,5,,,1,10,,25867,5,,,1,10,,25884,5,,,1,10,,25898,5,,,1,10,,25928,5,,,1,50,,25817,5,,,1,10,,25834,5,,,1,10,,25851,5,,,1,10,,25868,5,,,1,10,,25885,5,,,1,10,,25899,5,,,1,50,,25929,5,,,1,10,,25818,5,,,1,10,,25835,5,,,1,10,,25852,5,,,1,10,,25869,5,,,1,10,,25886,5,,,1,50,,25900,5,,,1,10,,25930,5,,,1,10,,25819,5,,,1,10,,25836,5,,,1,10,,25853,5,,,1,10,,25870,5,,,1,50,,25887,5,,,1,10,,25901,5,,,1,10,,25931,5,,,1,10,,25820,5,,,1,10,,25837,5,,,1,10,,25854,5,,,1
501,'GLOBAUX-01-S',535,,26034,5,,,1,8,,26052,5,,,1,8,,26083,5,,,1,8,,26095,5,,,1,47,,25932,5,,,1,7,,25943,5,,,1,6,,25947,5,,,1,6,,25971,5,,,1,6,,25990,5,,,1,5,,26007,5,,,1,4,,26014,5,,,1,5,,26035,5,,,1,4,,26053,5,,,1,5,,26056,5,,,1,4,,26084,5,,,1,45,,26096,5,,,1,4,,26099,5,,,1,5,,26111,5,,,1,4,,25933,5,,,1,5,,25944,5,,,1,4,,25948,5,,,1,5,,25972,5,,,1,4,,25988,5,,,1,4,,25991,5,,,1,4,,26008,5,,,1,4,,26009,5,,,1,4,,26015,5,,,1,4,,26036,5,,,1,3,,26054,5,,,1,44,,26057,5,,,1,3,,26067,5,,,1,4,,26085,5,,,1,3,,26097,5,,,1,4,,26100,5,,,1,4,,26112,5,,,1,4,,25934,5,,,1,5,,25945,5,,,1,4,,25949,5,,,1,5,,25973,5,,,1,4,,25989,5,,,1,5,,25992,5,,,1,4,,26010,5,,,1,4,,26016,5,,,1,5,,26037,5,,,1,44,,26055,5,,,1,5,,26068,5,,,1,4,,26086,5,,,1,5,,26098,5,,,1,4,,26101,5,,,1,5,,26113,5,,,1,4,,25935,5,,,1,5,,25946,5,,,1,5,,25950,5,,,1,7,,25974,5,,,1,7,,25993,5,,,1,48,,26017,5,,,1,7,,26038,5,,,1,7,,26069,5,,,1,7,,26087,5,,,1,8,,26114,5,,,1,7,,25936,5,,,1,7,,25951,5,,,1,7,,25975,5,,,1,48,,25994,5,,,1,7,,26018,5,,,1,7,,26039,5,,,1,7,,26070,5,,,1,8,,26088,5,,,1,7,,26115,5,,,1,7,,25937,5,,,1,7,,25952,5,,,1,8,,25976,5,,,1,47,,25995,5,,,1,7,,26019,5,,,1,7,,26040,5,,,1,8,,26071,5,,,1,7,,26089,5,,,1,7,,26116,5,,,1,7,,25938,5,,,1,8,,25953,5,,,1,47,,25977,5,,,1,7,,25996,5,,,1,7,,26020,5,,,1,8,,26041,5,,,1,7,,26072,5,,,1,7,,26090,5,,,1,7,,26117,5,,,1,8,,25939,5,,,1,47,,25954,5,,,1,7,,25978,5,,,1,7,,25997,5,,,1,8,,26021,5,,,1,7,,26042,5,,,1,7,,26073,5,,,1,7,,26091,5,,,1,8,,26118,5,,,1,7,,25940,5,,,1,45,,25955,5,,,1,5,,25964,5,,,1,5,,25979,5,,,1,5,,25998,5,,,1,5,,26011,5,,,1,5,,26022,5,,,1,4,,26031,5,,,1,5,,26043,5,,,1,5,,26058,5,,,1,5,,26074,5,,,1,5,,26092,5,,,1,5,,26102,5,,,1,44,,26119,5,,,1,5,,25941,5,,,1,5,,25956,5,,,1,5,,25965,5,,,1,5,,25980,5,,,1,5,,25999,5,,,1,4,,26012,5,,,1,5,,26023,5,,,1,5,,26032,5,,,1,5,,26044,5,,,1,5,,26059,5,,,1,5,,26075,5,,,1,44,,26093,5,,,1,5,,26103,5,,,1,5,,26120,5,,,1,5,,25942,5,,,1,5,,25957,5,,,1,5,,25966,5,,,1,5,,25981,5,,,1,5,,26000,5,,,1,5,,26013,5,,,1,5,,26024,5,,,1,5,,26033,5,,,1,5,,26045,5,,,1,45,,26060,5,,,1,5,,26076,5,,,1,6,,26094,5,,,1,5,,26104,5,,,1,6,,26121,5,,,1,7,,25958,5,,,1,6,,25967,5,,,1,7,,25982,5,,,1,6,,26001,5,,,1,7,,26025,5,,,1,46,,26046,5,,,1,7,,26061,5,,,1,6,,26077,5,,,1,7,,26105,5,,,1,6,,26122,5,,,1,7,,25959,5,,,1,6,,25968,5,,,1,7,,25983,5,,,1,6,,26002,5,,,1,47,,26026,5,,,1,6,,26047,5,,,1,7,,26062,5,,,1,6,,26078,5,,,1,7,,26106,5,,,1,6,,26123,5,,,1,7,,25960,5,,,1,6,,25969,5,,,1,7,,25984,5,,,1,6,,26003,5,,,1,47,,26027,5,,,1,6,,26048,5,,,1,7,,26063,5,,,1,6,,26079,5,,,1,7,,26107,5,,,1,6,,26124,5,,,1,7,,25961,5,,,1,6,,25970,5,,,1,7,,25985,5,,,1,46,,26004,5,,,1,8,,26028,5,,,1,8,,26049,5,,,1,8,,26064,5,,,1,7,,26080,5,,,1,8,,26108,5,,,1,8,,25962,5,,,1,8,,25986,5,,,1,48,,26005,5,,,1,8,,26029,5,,,1,8,,26050,5,,,1,8,,26065,5,,,1,8,,26081,5,,,1,8,,26109,5,,,1,8,,25963,5,,,1,48,,25987,5,,,1,8,,26006,5,,,1,8,,26030,5,,,1,8,,26051,5,,,1,8,,26066,5,,,1,8,,26082,5,,,1,8,,26110,5,,,1
