100,'GLOBAUX-01-A',531,,20201,2,,,1,10,,20211,2,,,1,10,,20229,2,,,1,50,,20236,2,,,1,10,,20246,2,,,1,10,,20269,2,,,1,10,,20287,2,,,1,10,,20297,2,,,1,10,,20304,2,,,1,50,,20314,2,,,1,10,,20331,2,,,1,10,,20341,2,,,1,10,,20202,2,,,1,10,,20212,2,,,1,10,,20230,2,,,1,50,,20237,2,,,1,10,,20247,2,,,1,9,,20270,2,,,1,10,,20278,2,,,1,9,,20288,2,,,1,9,,20298,2,,,1,9,,20305,2,,,1,48,,20315,2,,,1,9,,20332,2,,,1,8,,20342,2,,,1,9,,20203,2,,,1,8,,20213,2,,,1,8,,20221,2,,,1,9,,20231,2,,,1,48,,20238,2,,,1,9,,20248,2,,,1,7,,20263,2,,,1,8,,20271,2,,,1,8,,20279,2,,,1,7,,20289,2,,,1,8,,20299,2,,,1,8,,20306,2,,,1,47,,20316,2,,,1,8,,20333,2,,,1,8,,20343,2,,,1,7,,20204,2,,,1,8,,20214,2,,,1,8,,20222,2,,,1,7,,20232,2,,,1,7,,20239,2,,,1,47,,20249,2,,,1,6,,20256,2,,,1,7,,20264,2,,,1,6,,20272,2,,,1,7,,20280,2,,,1,6,,20290,2,,,1,7,,20300,2,,,1,6,,20307,2,,,1,7,,20317,2,,,1,46,,20324,2,,,1,7,,20334,2,,,1,6,,20344,2,,,1,7,,20205,2,,,1,6,,20215,2,,,1,7,,20223,2,,,1,6,,20233,2,,,1,7,,20240,2,,,1,6,,20250,2,,,1,47,,20257,2,,,1,6,,20265,2,,,1,7,,20273,2,,,1,6,,20281,2,,,1,7,,20291,2,,,1,6,,20301,2,,,1,7,,20308,2,,,1,6,,20318,2,,,1,7,,20325,2,,,1,46,,20335,2,,,1,7,,20345,2,,,1,6,,20206,2,,,1,7,,20216,2,,,1,6,,20224,2,,,1,7,,20234,2,,,1,6,,20241,2,,,1,7,,20251,2,,,1,6,,20258,2,,,1,47,,20266,2,,,1,6,,20274,2,,,1,7,,20282,2,,,1,6,,20292,2,,,1,7,,20302,2,,,1,6,,20309,2,,,1,7,,20319,2,,,1,6,,20326,2,,,1,7,,20336,2,,,1,6,,20346,2,,,1,47,,20207,2,,,1,6,,20217,2,,,1,7,,20225,2,,,1,6,,20235,2,,,1,7,,20242,2,,,1,6,,20252,2,,,1,7,,20259,2,,,1,6,,20267,2,,,1,7,,20275,2,,,1,46,,20283,2,,,1,7,,20293,2,,,1,6,,20303,2,,,1,7,,20310,2,,,1,7,,20320,2,,,1,7,,20327,2,,,1,7,,20337,2,,,1,8,,20347,2,,,1,48,,20208,2,,,1,7,,20218,2,,,1,8,,20226,2,,,1,8,,20243,2,,,1,7,,20253,2,,,1,8,,20260,2,,,1,8,,20268,2,,,1,7,,20276,2,,,1,48,,20284,2,,,1,8,,20294,2,,,1,8,,20311,2,,,1,9,,20321,2,,,1,8,,20328,2,,,1,9,,20338,2,,,1,8,,20348,2,,,1,49,,20209,2,,,1,8,,20219,2,,,1,8,,20227,2,,,1,9,,20244,2,,,1,8,,20254,2,,,1,9,,20261,2,,,1,8,,20277,2,,,1,8,,20285,2,,,1,49,,20295,2,,,1,10,,20312,2,,,1,9,,20322,2,,,1,10,,20329,2,,,1,10,,20339,2,,,1,10,,20349,2,,,1,50,,20210,2,,,1,10,,20220,2,,,1,10,,20228,2,,,1,10,,20245,2,,,1,10,,20255,2,,,1,10,,20262,2,,,1,50,,20286,2,,,1,10,,20296,2,,,1,10,,20313,2,,,1,10,,20323,2,,,1,10,,20330,2,,,1,10,,20340,2,,,1,50,,20350,2,,,1
100,'GLOBAUX-01-F1',531,,20351,2,,,1,10,,20361,2,,,1,10,,20368,2,,,1,50,,20393,2,,,1,10,,20403,2,,,1,10,,20413,2,,,1,10,,20435,2,,,1,10,,20445,2,,,1,10,,20454,2,,,1,50,,20463,2,,,1,10,,20472,2,,,1,10,,20481,2,,,1,10,,20352,2,,,1,10,,20362,2,,,1,10,,20369,2,,,1,50,,20394,2,,,1,9,,20404,2,,,1,10,,20414,2,,,1,9,,20429,2,,,1,9,,20436,2,,,1,10,,20446,2,,,1,9,,20455,2,,,1,49,,20464,2,,,1,10,,20473,2,,,1,8,,20482,2,,,1,9,,20353,2,,,1,8,,20363,2,,,1,8,,20370,2,,,1,9,,20385,2,,,1,48,,20395,2,,,1,9,,20405,2,,,1,8,,20415,2,,,1,9,,20430,2,,,1,8,,20437,2,,,1,8,,20447,2,,,1,9,,20456,2,,,1,48,,20465,2,,,1,9,,20474,2,,,1,8,,20483,2,,,1,8,,20354,2,,,1,8,,20364,2,,,1,8,,20371,2,,,1,7,,20378,2,,,1,48,,20386,2,,,1,8,,20396,2,,,1,7,,20406,2,,,1,8,,20416,2,,,1,8,,20431,2,,,1,7,,20438,2,,,1,8,,20448,2,,,1,8,,20457,2,,,1,47,,20466,2,,,1,8,,20475,2,,,1,8,,20484,2,,,1,7,,20355,2,,,1,8,,20365,2,,,1,8,,20372,2,,,1,7,,20379,2,,,1,8,,20387,2,,,1,48,,20397,2,,,1,7,,20407,2,,,1,7,,20417,2,,,1,7,,20423,2,,,1,7,,20432,2,,,1,7,,20439,2,,,1,7,,20449,2,,,1,7,,20458,2,,,1,47,,20467,2,,,1,7,,20476,2,,,1,7,,20485,2,,,1,7,,20356,2,,,1,7,,20366,2,,,1,7,,20373,2,,,1,7,,20380,2,,,1,7,,20388,2,,,1,7,,20398,2,,,1,47,,20408,2,,,1,7,,20418,2,,,1,7,,20424,2,,,1,7,,20433,2,,,1,7,,20440,2,,,1,7,,20450,2,,,1,7,,20459,2,,,1,7,,20468,2,,,1,7,,20477,2,,,1,47,,20486,2,,,1,7,,20357,2,,,1,7,,20367,2,,,1,7,,20374,2,,,1,7,,20381,2,,,1,7,,20389,2,,,1,7,,20399,2,,,1,7,,20409,2,,,1,47,,20419,2,,,1,7,,20425,2,,,1,7,,20434,2,,,1,7,,20441,2,,,1,7,,20451,2,,,1,9,,20460,2,,,1,8,,20469,2,,,1,9,,20478,2,,,1,48,,20487,2,,,1,8,,20358,2,,,1,9,,20375,2,,,1,8,,20382,2,,,1,9,,20390,2,,,1,8,,20400,2,,,1,8,,20410,2,,,1,49,,20420,2,,,1,8,,20426,2,,,1,9,,20442,2,,,1,8,,20452,2,,,1,9,,20461,2,,,1,8,,20470,2,,,1,8,,20479,2,,,1,49,,20488,2,,,1,8,,20359,2,,,1,9,,20376,2,,,1,8,,20383,2,,,1,8,,20391,2,,,1,9,,20401,2,,,1,9,,20411,2,,,1,49,,20421,2,,,1,9,,20427,2,,,1,9,,20443,2,,,1,9,,20453,2,,,1,9,,20462,2,,,1,9,,20471,2,,,1,9,,20480,2,,,1,50,,20489,2,,,1,10,,20360,2,,,1,10,,20377,2,,,1,10,,20384,2,,,1,10,,20392,2,,,1,10,,20402,2,,,1,50,,20412,2,,,1,10,,20422,2,,,1,10,,20428,2,,,1,10,,20444,2,,,1
100,'GLOBAUX-01-F2',531,,20490,2,,,1,10,,20500,2,,,1,10,,20507,2,,,1,50,,20532,2,,,1,10,,20542,2,,,1,10,,20552,2,,,1,10,,20574,2,,,1,10,,20584,2,,,1,10,,20593,2,,,1,50,,20602,2,,,1,10,,20611,2,,,1,10,,20620,2,,,1,10,,20491,2,,,1,10,,20501,2,,,1,10,,20508,2,,,1,50,,20533,2,,,1,9,,20543,2,,,1,10,,20553,2,,,1,9,,20568,2,,,1,9,,20575,2,,,1,10,,20585,2,,,1,9,,20594,2,,,1,49,,20603,2,,,1,10,,20612,2,,,1,8,,20621,2,,,1,9,,20492,2,,,1,8,,20502,2,,,1,8,,20509,2,,,1,9,,20524,2,,,1,48,,20534,2,,,1,9,,20544,2,,,1,8,,20554,2,,,1,9,,20569,2,,,1,8,,20576,2,,,1,8,,20586,2,,,1,9,,20595,2,,,1,48,,20604,2,,,1,9,,20613,2,,,1,8,,20622,2,,,1,8,,20493,2,,,1,8,,20503,2,,,1,8,,20510,2,,,1,7,,20517,2,,,1,48,,20525,2,,,1,8,,20535,2,,,1,7,,20545,2,,,1,8,,20555,2,,,1,8,,20570,2,,,1,7,,20577,2,,,1,8,,20587,2,,,1,8,,20596,2,,,1,47,,20605,2,,,1,8,,20614,2,,,1,8,,20623,2,,,1,7,,20494,2,,,1,8,,20504,2,,,1,8,,20511,2,,,1,7,,20518,2,,,1,8,,20526,2,,,1,48,,20536,2,,,1,7,,20546,2,,,1,7,,20556,2,,,1,7,,20562,2,,,1,7,,20571,2,,,1,7,,20578,2,,,1,7,,20588,2,,,1,7,,20597,2,,,1,47,,20606,2,,,1,7,,20615,2,,,1,7,,20624,2,,,1,7,,20495,2,,,1,7,,20505,2,,,1,7,,20512,2,,,1,7,,20519,2,,,1,7,,20527,2,,,1,7,,20537,2,,,1,47,,20547,2,,,1,7,,20557,2,,,1,7,,20563,2,,,1,7,,20572,2,,,1,7,,20579,2,,,1,7,,20589,2,,,1,7,,20598,2,,,1,7,,20607,2,,,1,7,,20616,2,,,1,47,,20625,2,,,1,7,,20496,2,,,1,7,,20506,2,,,1,7,,20513,2,,,1,7,,20520,2,,,1,7,,20528,2,,,1,7,,20538,2,,,1,7,,20548,2,,,1,47,,20558,2,,,1,7,,20564,2,,,1,7,,20573,2,,,1,7,,20580,2,,,1,7,,20590,2,,,1,9,,20599,2,,,1,8,,20608,2,,,1,9,,20617,2,,,1,48,,20626,2,,,1,8,,20497,2,,,1,9,,20514,2,,,1,8,,20521,2,,,1,9,,20529,2,,,1,8,,20539,2,,,1,8,,20549,2,,,1,49,,20559,2,,,1,8,,20565,2,,,1,9,,20581,2,,,1,8,,20591,2,,,1,9,,20600,2,,,1,8,,20609,2,,,1,8,,20618,2,,,1,49,,20627,2,,,1,8,,20498,2,,,1,9,,20515,2,,,1,8,,20522,2,,,1,8,,20530,2,,,1,9,,20540,2,,,1,9,,20550,2,,,1,49,,20560,2,,,1,9,,20566,2,,,1,9,,20582,2,,,1,9,,20592,2,,,1,9,,20601,2,,,1,9,,20610,2,,,1,9,,20619,2,,,1,50,,20628,2,,,1,10,,20499,2,,,1,10,,20516,2,,,1,10,,20523,2,,,1,10,,20531,2,,,1,10,,20541,2,,,1,50,,20551,2,,,1,10,,20561,2,,,1,10,,20567,2,,,1,10,,20583,2,,,1
100,'GLOBAUX-01-I',531,,20629,2,,,1,10,,20639,2,,,1,10,,20646,2,,,1,50,,20671,2,,,1,10,,20681,2,,,1,10,,20691,2,,,1,10,,20713,2,,,1,10,,20723,2,,,1,10,,20732,2,,,1,50,,20741,2,,,1,10,,20750,2,,,1,10,,20759,2,,,1,10,,20630,2,,,1,10,,20640,2,,,1,10,,20647,2,,,1,50,,20672,2,,,1,9,,20682,2,,,1,10,,20692,2,,,1,9,,20707,2,,,1,9,,20714,2,,,1,10,,20724,2,,,1,9,,20733,2,,,1,49,,20742,2,,,1,10,,20751,2,,,1,8,,20760,2,,,1,9,,20631,2,,,1,8,,20641,2,,,1,8,,20648,2,,,1,9,,20663,2,,,1,48,,20673,2,,,1,9,,20683,2,,,1,8,,20693,2,,,1,9,,20708,2,,,1,8,,20715,2,,,1,8,,20725,2,,,1,9,,20734,2,,,1,48,,20743,2,,,1,9,,20752,2,,,1,8,,20761,2,,,1,8,,20632,2,,,1,8,,20642,2,,,1,8,,20649,2,,,1,7,,20656,2,,,1,48,,20664,2,,,1,8,,20674,2,,,1,7,,20684,2,,,1,8,,20694,2,,,1,8,,20709,2,,,1,7,,20716,2,,,1,8,,20726,2,,,1,8,,20735,2,,,1,47,,20744,2,,,1,8,,20753,2,,,1,8,,20762,2,,,1,7,,20633,2,,,1,8,,20643,2,,,1,8,,20650,2,,,1,7,,20657,2,,,1,8,,20665,2,,,1,48,,20675,2,,,1,7,,20685,2,,,1,7,,20695,2,,,1,7,,20701,2,,,1,7,,20710,2,,,1,7,,20717,2,,,1,7,,20727,2,,,1,7,,20736,2,,,1,47,,20745,2,,,1,7,,20754,2,,,1,7,,20763,2,,,1,7,,20634,2,,,1,7,,20644,2,,,1,7,,20651,2,,,1,7,,20658,2,,,1,7,,20666,2,,,1,7,,20676,2,,,1,47,,20686,2,,,1,7,,20696,2,,,1,7,,20702,2,,,1,7,,20711,2,,,1,7,,20718,2,,,1,7,,20728,2,,,1,7,,20737,2,,,1,7,,20746,2,,,1,7,,20755,2,,,1,47,,20764,2,,,1,7,,20635,2,,,1,7,,20645,2,,,1,7,,20652,2,,,1,7,,20659,2,,,1,7,,20667,2,,,1,7,,20677,2,,,1,7,,20687,2,,,1,47,,20697,2,,,1,7,,20703,2,,,1,7,,20712,2,,,1,7,,20719,2,,,1,7,,20729,2,,,1,9,,20738,2,,,1,8,,20747,2,,,1,9,,20756,2,,,1,48,,20765,2,,,1,8,,20636,2,,,1,9,,20653,2,,,1,8,,20660,2,,,1,9,,20668,2,,,1,8,,20678,2,,,1,8,,20688,2,,,1,49,,20698,2,,,1,8,,20704,2,,,1,9,,20720,2,,,1,8,,20730,2,,,1,9,,20739,2,,,1,8,,20748,2,,,1,8,,20757,2,,,1,49,,20766,2,,,1,8,,20637,2,,,1,9,,20654,2,,,1,8,,20661,2,,,1,8,,20669,2,,,1,9,,20679,2,,,1,9,,20689,2,,,1,49,,20699,2,,,1,9,,20705,2,,,1,9,,20721,2,,,1,9,,20731,2,,,1,9,,20740,2,,,1,9,,20749,2,,,1,9,,20758,2,,,1,50,,20767,2,,,1,10,,20638,2,,,1,10,,20655,2,,,1,10,,20662,2,,,1,10,,20670,2,,,1,10,,20680,2,,,1,50,,20690,2,,,1,10,,20700,2,,,1,10,,20706,2,,,1,10,,20722,2,,,1
100,'GLOBAUX-01-S',531,,20768,2,,,1,7,,20796,2,,,1,6,,20806,2,,,1,7,,20826,2,,,1,7,,20848,2,,,1,47,,20852,2,,,1,6,,20859,2,,,1,7,,20870,2,,,1,5,,20876,2,,,1,4,,20893,2,,,1,4,,20902,2,,,1,4,,20905,2,,,1,4,,20913,2,,,1,4,,20930,2,,,1,3,,20936,2,,,1,3,,20946,2,,,1,3,,20948,2,,,1,4,,20950,2,,,1,3,,20952,2,,,1,43,,20968,2,,,1,3,,20977,2,,,1,4,,20979,2,,,1,3,,20997,2,,,1,3,,21003,2,,,1,3,,21004,2,,,1,4,,20769,2,,,1,3,,20787,2,,,1,3,,20789,2,,,1,3,,20797,2,,,1,4,,20807,2,,,1,3,,20808,2,,,1,3,,20809,2,,,1,3,,20811,2,,,1,3,,20812,2,,,1,3,,20827,2,,,1,3,,20833,2,,,1,3,,20839,2,,,1,3,,20849,2,,,1,43,,20853,2,,,1,3,,20860,2,,,1,3,,20865,2,,,1,3,,20871,2,,,1,3,,20877,2,,,1,3,,20894,2,,,1,3,,20903,2,,,1,3,,20906,2,,,1,4,,20912,2,,,1,3,,20914,2,,,1,3,,20931,2,,,1,3,,20937,2,,,1,3,,20947,2,,,1,4,,20949,2,,,1,3,,20951,2,,,1,3,,20955,2,,,1,4,,20960,2,,,1,3,,20969,2,,,1,44,,20978,2,,,1,4,,20984,2,,,1,3,,20998,2,,,1,4,,21005,2,,,1,4,,20770,2,,,1,4,,20780,2,,,1,5,,20790,2,,,1,5,,20798,2,,,1,5,,20810,2,,,1,5,,20813,2,,,1,5,,20828,2,,,1,6,,20840,2,,,1,6,,20854,2,,,1,46,,20866,2,,,1,6,,20878,2,,,1,6,,20895,2,,,1,6,,20907,2,,,1,6,,20915,2,,,1,6,,20932,2,,,1,6,,20938,2,,,1,6,,20956,2,,,1,6,,20961,2,,,1,6,,20970,2,,,1,46,,20985,2,,,1,6,,20999,2,,,1,6,,20771,2,,,1,6,,20781,2,,,1,6,,20791,2,,,1,6,,20799,2,,,1,6,,20814,2,,,1,6,,20829,2,,,1,6,,20841,2,,,1,6,,20855,2,,,1,46,,20867,2,,,1,6,,20879,2,,,1,6,,20896,2,,,1,6,,20908,2,,,1,6,,20916,2,,,1,6,,20933,2,,,1,6,,20939,2,,,1,6,,20957,2,,,1,6,,20962,2,,,1,6,,20971,2,,,1,46,,20986,2,,,1,6,,21000,2,,,1,6,,20772,2,,,1,6,,20782,2,,,1,6,,20792,2,,,1,6,,20800,2,,,1,6,,20815,2,,,1,6,,20830,2,,,1,6,,20842,2,,,1,6,,20856,2,,,1,46,,20868,2,,,1,6,,20880,2,,,1,6,,20897,2,,,1,6,,20909,2,,,1,6,,20917,2,,,1,6,,20934,2,,,1,6,,20940,2,,,1,6,,20958,2,,,1,6,,20963,2,,,1,6,,20972,2,,,1,45,,20987,2,,,1,4,,20989,2,,,1,4,,21001,2,,,1,4,,20773,2,,,1,4,,20775,2,,,1,4,,20783,2,,,1,4,,20793,2,,,1,4,,20795,2,,,1,4,,20801,2,,,1,4,,20816,2,,,1,3,,20821,2,,,1,4,,20831,2,,,1,3,,20834,2,,,1,3,,20843,2,,,1,3,,20850,2,,,1,4,,20857,2,,,1,43,,20869,2,,,1,3,,20872,2,,,1,3,,20881,2,,,1,3,,20886,2,,,1,3,,20891,2,,,1,3,,20898,2,,,1,3,,20904,2,,,1,3,,20910,2,,,1,3,,20918,2,,,1,3,,20923,2,,,1,2,,20925,2,,,1,3,,20935,2,,,1,3,,20941,2,,,1,3,,20953,2,,,1,2,,20954,2,,,1,3,,20959,2,,,1,3,,20964,2,,,1,3,,20973,2,,,1,2,,20980,2,,,1,3,,20983,2,,,1,3,,20988,2,,,1,43,,20990,2,,,1,2,,20993,2,,,1,3,,21002,2,,,1,3,,20774,2,,,1,3,,20776,2,,,1,3,,20784,2,,,1,3,,20788,2,,,1,3,,20794,2,,,1,3,,20802,2,,,1,4,,20817,2,,,1,3,,20822,2,,,1,4,,20832,2,,,1,4,,20835,2,,,1,3,,20844,2,,,1,4,,20851,2,,,1,3,,20858,2,,,1,4,,20861,2,,,1,4,,20873,2,,,1,44,,20882,2,,,1,4,,20887,2,,,1,4,,20892,2,,,1,4,,20899,2,,,1,4,,20911,2,,,1,4,,20919,2,,,1,4,,20924,2,,,1,4,,20926,2,,,1,4,,20942,2,,,1,6,,20965,2,,,1,5,,20974,2,,,1,6,,20981,2,,,1,6,,20991,2,,,1,46,,20994,2,,,1,6,,20777,2,,,1,6,,20785,2,,,1,6,,20803,2,,,1,6,,20818,2,,,1,6,,20823,2,,,1,6,,20836,2,,,1,6,,20845,2,,,1,6,,20862,2,,,1,6,,20874,2,,,1,46,,20883,2,,,1,6,,20888,2,,,1,6,,20900,2,,,1,6,,20920,2,,,1,6,,20927,2,,,1,6,,20943,2,,,1,6,,20966,2,,,1,6,,20975,2,,,1,6,,20982,2,,,1,6,,20992,2,,,1,47,,20995,2,,,1,6,,20778,2,,,1,6,,20786,2,,,1,6,,20804,2,,,1,6,,20819,2,,,1,6,,20824,2,,,1,6,,20837,2,,,1,6,,20846,2,,,1,6,,20863,2,,,1,6,,20875,2,,,1,46,,20884,2,,,1,7,,20889,2,,,1,6,,20901,2,,,1,7,,20921,2,,,1,6,,20928,2,,,1,8,,20944,2,,,1,8,,20967,2,,,1,8,,20976,2,,,1,48,,20996,2,,,1,8,,20779,2,,,1,8,,20805,2,,,1,8,,20820,2,,,1,8,,20825,2,,,1,8,,20838,2,,,1,8,,20847,2,,,1,8,,20864,2,,,1,48,,20885,2,,,1,8,,20890,2,,,1,8,,20922,2,,,1,8,,20929,2,,,1,8,,20945,2,,,1
101,'GLOBAUX-01-A',604,,21092,26,,,1,10,,21102,26,,,1,10,,21109,26,,,1,10,,21119,26,,,1,10,,21136,26,,,1,10,,21146,26,,,1,50,,21006,26,,,1,10,,21016,26,,,1,10,,21035,26,,,1,10,,21042,26,,,1,10,,21052,26,,,1,10,,21074,26,,,1,49,,21082,26,,,1,10,,21093,26,,,1,9,,21103,26,,,1,10,,21110,26,,,1,9,,21120,26,,,1,9,,21137,26,,,1,8,,21147,26,,,1,48,,21007,26,,,1,9,,21017,26,,,1,8,,21026,26,,,1,9,,21036,26,,,1,8,,21043,26,,,1,9,,21053,26,,,1,8,,21075,26,,,1,49,,21083,26,,,1,8,,21094,26,,,1,8,,21104,26,,,1,9,,21111,26,,,1,8,,21121,26,,,1,9,,21138,26,,,1,8,,21148,26,,,1,49,,21008,26,,,1,8,,21018,26,,,1,8,,21027,26,,,1,7,,21037,26,,,1,8,,21044,26,,,1,8,,21054,26,,,1,8,,21069,26,,,1,7,,21076,26,,,1,48,,21084,26,,,1,8,,21095,26,,,1,7,,21105,26,,,1,8,,21112,26,,,1,7,,21122,26,,,1,6,,21129,26,,,1,7,,21139,26,,,1,7,,21149,26,,,1,46,,21009,26,,,1,7,,21019,26,,,1,6,,21028,26,,,1,7,,21038,26,,,1,6,,21045,26,,,1,6,,21055,26,,,1,7,,21062,26,,,1,6,,21070,26,,,1,7,,21077,26,,,1,47,,21085,26,,,1,6,,21096,26,,,1,7,,21106,26,,,1,6,,21113,26,,,1,7,,21123,26,,,1,6,,21130,26,,,1,7,,21140,26,,,1,6,,21150,26,,,1,7,,21010,26,,,1,46,,21020,26,,,1,7,,21029,26,,,1,6,,21039,26,,,1,7,,21046,26,,,1,6,,21056,26,,,1,7,,21063,26,,,1,6,,21071,26,,,1,7,,21078,26,,,1,6,,21086,26,,,1,7,,21097,26,,,1,46,,21107,26,,,1,7,,21114,26,,,1,6,,21124,26,,,1,7,,21131,26,,,1,6,,21141,26,,,1,7,,21151,26,,,1,6,,21011,26,,,1,7,,21021,26,,,1,6,,21030,26,,,1,47,,21040,26,,,1,6,,21047,26,,,1,7,,21057,26,,,1,6,,21064,26,,,1,7,,21072,26,,,1,6,,21079,26,,,1,7,,21087,26,,,1,6,,21098,26,,,1,6,,21108,26,,,1,47,,21115,26,,,1,6,,21125,26,,,1,7,,21132,26,,,1,6,,21142,26,,,1,7,,21152,26,,,1,6,,21012,26,,,1,7,,21022,26,,,1,6,,21031,26,,,1,7,,21041,26,,,1,46,,21048,26,,,1,7,,21058,26,,,1,8,,21065,26,,,1,8,,21073,26,,,1,7,,21080,26,,,1,8,,21088,26,,,1,7,,21099,26,,,1,8,,21116,26,,,1,48,,21126,26,,,1,8,,21133,26,,,1,8,,21143,26,,,1,9,,21153,26,,,1,8,,21013,26,,,1,8,,21023,26,,,1,9,,21032,26,,,1,8,,21049,26,,,1,48,,21059,26,,,1,9,,21066,26,,,1,8,,21081,26,,,1,9,,21089,26,,,1,8,,21100,26,,,1,9,,21117,26,,,1,8,,21127,26,,,1,49,,21134,26,,,1,9,,21144,26,,,1,9,,21154,26,,,1,10,,21014,26,,,1,9,,21024,26,,,1,9,,21033,26,,,1,50,,21050,26,,,1,10,,21060,26,,,1,9,,21067,26,,,1,10,,21090,26,,,1,10,,21101,26,,,1,10,,21118,26,,,1,50,,21128,26,,,1,10,,21135,26,,,1,10,,21145,26,,,1,10,,21155,26,,,1,10,,21015,26,,,1,10,,21025,26,,,1,50,,21034,26,,,1,10,,21051,26,,,1,10,,21061,26,,,1,10,,21068,26,,,1,14,,21091,26,,,1
101,'GLOBAUX-01-F1',603,,21236,26,,,1,10,,21246,26,,,1,11,,21255,26,,,1,10,,21265,26,,,1,10,,21275,26,,,1,10,,21285,26,,,1,50,,21156,26,,,1,10,,21166,26,,,1,10,,21173,26,,,1,10,,21198,26,,,1,10,,21207,26,,,1,10,,21216,26,,,1,49,,21230,26,,,1,10,,21237,26,,,1,9,,21247,26,,,1,9,,21256,26,,,1,10,,21266,26,,,1,9,,21276,26,,,1,8,,21286,26,,,1,49,,21157,26,,,1,8,,21167,26,,,1,9,,21174,26,,,1,8,,21190,26,,,1,9,,21199,26,,,1,8,,21208,26,,,1,9,,21217,26,,,1,48,,21231,26,,,1,9,,21238,26,,,1,8,,21248,26,,,1,8,,21257,26,,,1,9,,21267,26,,,1,8,,21277,26,,,1,9,,21287,26,,,1,48,,21158,26,,,1,9,,21168,26,,,1,8,,21175,26,,,1,8,,21191,26,,,1,9,,21200,26,,,1,9,,21209,26,,,1,8,,21218,26,,,1,49,,21232,26,,,1,8,,21239,26,,,1,8,,21249,26,,,1,9,,21258,26,,,1,8,,21268,26,,,1,9,,21278,26,,,1,7,,21288,26,,,1,48,,21159,26,,,1,8,,21169,26,,,1,7,,21176,26,,,1,8,,21183,26,,,1,8,,21192,26,,,1,8,,21201,26,,,1,7,,21210,26,,,1,8,,21219,26,,,1,48,,21233,26,,,1,7,,21240,26,,,1,8,,21250,26,,,1,8,,21259,26,,,1,7,,21269,26,,,1,8,,21279,26,,,1,8,,21289,26,,,1,7,,21160,26,,,1,48,,21170,26,,,1,7,,21177,26,,,1,8,,21184,26,,,1,8,,21193,26,,,1,7,,21202,26,,,1,7,,21211,26,,,1,7,,21220,26,,,1,7,,21225,26,,,1,47,,21234,26,,,1,7,,21241,26,,,1,7,,21251,26,,,1,7,,21260,26,,,1,7,,21270,26,,,1,7,,21280,26,,,1,7,,21290,26,,,1,7,,21161,26,,,1,7,,21171,26,,,1,47,,21178,26,,,1,7,,21185,26,,,1,7,,21194,26,,,1,7,,21203,26,,,1,7,,21212,26,,,1,7,,21221,26,,,1,7,,21226,26,,,1,6,,21235,26,,,1,47,,21242,26,,,1,7,,21252,26,,,1,7,,21261,26,,,1,7,,21271,26,,,1,7,,21281,26,,,1,7,,21291,26,,,1,7,,21162,26,,,1,7,,21172,26,,,1,7,,21179,26,,,1,47,,21186,26,,,1,9,,21195,26,,,1,8,,21204,26,,,1,8,,21213,26,,,1,9,,21222,26,,,1,8,,21227,26,,,1,9,,21243,26,,,1,48,,21253,26,,,1,8,,21262,26,,,1,9,,21272,26,,,1,8,,21282,26,,,1,9,,21292,26,,,1,8,,21163,26,,,1,8,,21180,26,,,1,49,,21187,26,,,1,8,,21196,26,,,1,8,,21205,26,,,1,9,,21214,26,,,1,8,,21223,26,,,1,9,,21228,26,,,1,8,,21244,26,,,1,49,,21254,26,,,1,8,,21263,26,,,1,8,,21273,26,,,1,9,,21283,26,,,1,8,,21293,26,,,1,9,,21164,26,,,1,9,,21181,26,,,1,50,,21188,26,,,1,10,,21197,26,,,1,10,,21206,26,,,1,10,,21215,26,,,1,10,,21224,26,,,1,10,,21229,26,,,1,50,,21245,26,,,1,10,,21264,26,,,1,10,,21274,26,,,1,10,,21284,26,,,1,10,,21294,26,,,1,10,,21165,26,,,1,50,,21182,26,,,1,14,,21189,26,,,1
101,'GLOBAUX-01-F2',603,,21375,26,,,1,10,,21385,26,,,1,11,,21394,26,,,1,10,,21404,26,,,1,10,,21414,26,,,1,10,,21424,26,,,1,50,,21295,26,,,1,10,,21305,26,,,1,10,,21312,26,,,1,10,,21337,26,,,1,10,,21346,26,,,1,10,,21355,26,,,1,49,,21369,26,,,1,10,,21376,26,,,1,9,,21386,26,,,1,9,,21395,26,,,1,10,,21405,26,,,1,9,,21415,26,,,1,8,,21425,26,,,1,49,,21296,26,,,1,8,,21306,26,,,1,9,,21313,26,,,1,8,,21329,26,,,1,9,,21338,26,,,1,8,,21347,26,,,1,9,,21356,26,,,1,48,,21370,26,,,1,9,,21377,26,,,1,8,,21387,26,,,1,8,,21396,26,,,1,9,,21406,26,,,1,8,,21416,26,,,1,9,,21426,26,,,1,48,,21297,26,,,1,9,,21307,26,,,1,8,,21314,26,,,1,8,,21330,26,,,1,9,,21339,26,,,1,9,,21348,26,,,1,8,,21357,26,,,1,49,,21371,26,,,1,8,,21378,26,,,1,8,,21388,26,,,1,9,,21397,26,,,1,8,,21407,26,,,1,9,,21417,26,,,1,7,,21427,26,,,1,48,,21298,26,,,1,8,,21308,26,,,1,7,,21315,26,,,1,8,,21322,26,,,1,8,,21331,26,,,1,8,,21340,26,,,1,7,,21349,26,,,1,8,,21358,26,,,1,48,,21372,26,,,1,7,,21379,26,,,1,8,,21389,26,,,1,8,,21398,26,,,1,7,,21408,26,,,1,8,,21418,26,,,1,8,,21428,26,,,1,7,,21299,26,,,1,48,,21309,26,,,1,7,,21316,26,,,1,8,,21323,26,,,1,8,,21332,26,,,1,7,,21341,26,,,1,7,,21350,26,,,1,7,,21359,26,,,1,7,,21364,26,,,1,47,,21373,26,,,1,7,,21380,26,,,1,7,,21390,26,,,1,7,,21399,26,,,1,7,,21409,26,,,1,7,,21419,26,,,1,7,,21429,26,,,1,7,,21300,26,,,1,7,,21310,26,,,1,47,,21317,26,,,1,7,,21324,26,,,1,7,,21333,26,,,1,7,,21342,26,,,1,7,,21351,26,,,1,7,,21360,26,,,1,7,,21365,26,,,1,6,,21374,26,,,1,47,,21381,26,,,1,7,,21391,26,,,1,7,,21400,26,,,1,7,,21410,26,,,1,7,,21420,26,,,1,7,,21430,26,,,1,7,,21301,26,,,1,7,,21311,26,,,1,7,,21318,26,,,1,47,,21325,26,,,1,9,,21334,26,,,1,8,,21343,26,,,1,8,,21352,26,,,1,9,,21361,26,,,1,8,,21366,26,,,1,9,,21382,26,,,1,48,,21392,26,,,1,8,,21401,26,,,1,9,,21411,26,,,1,8,,21421,26,,,1,9,,21431,26,,,1,8,,21302,26,,,1,8,,21319,26,,,1,49,,21326,26,,,1,8,,21335,26,,,1,8,,21344,26,,,1,9,,21353,26,,,1,8,,21362,26,,,1,9,,21367,26,,,1,8,,21383,26,,,1,49,,21393,26,,,1,8,,21402,26,,,1,8,,21412,26,,,1,9,,21422,26,,,1,8,,21432,26,,,1,9,,21303,26,,,1,9,,21320,26,,,1,50,,21327,26,,,1,10,,21336,26,,,1,10,,21345,26,,,1,10,,21354,26,,,1,10,,21363,26,,,1,10,,21368,26,,,1,50,,21384,26,,,1,10,,21403,26,,,1,10,,21413,26,,,1,10,,21423,26,,,1,10,,21433,26,,,1,10,,21304,26,,,1,50,,21321,26,,,1,14,,21328,26,,,1
101,'GLOBAUX-01-I',603,,21514,26,,,1,10,,21524,26,,,1,11,,21533,26,,,1,10,,21543,26,,,1,10,,21553,26,,,1,10,,21563,26,,,1,50,,21434,26,,,1,10,,21444,26,,,1,10,,21451,26,,,1,10,,21476,26,,,1,10,,21485,26,,,1,10,,21494,26,,,1,49,,21508,26,,,1,10,,21515,26,,,1,9,,21525,26,,,1,9,,21534,26,,,1,10,,21544,26,,,1,9,,21554,26,,,1,8,,21564,26,,,1,49,,21435,26,,,1,8,,21445,26,,,1,9,,21452,26,,,1,8,,21468,26,,,1,9,,21477,26,,,1,8,,21486,26,,,1,9,,21495,26,,,1,48,,21509,26,,,1,9,,21516,26,,,1,8,,21526,26,,,1,8,,21535,26,,,1,9,,21545,26,,,1,8,,21555,26,,,1,9,,21565,26,,,1,48,,21436,26,,,1,9,,21446,26,,,1,8,,21453,26,,,1,8,,21469,26,,,1,9,,21478,26,,,1,9,,21487,26,,,1,8,,21496,26,,,1,49,,21510,26,,,1,8,,21517,26,,,1,8,,21527,26,,,1,9,,21536,26,,,1,8,,21546,26,,,1,9,,21556,26,,,1,7,,21566,26,,,1,48,,21437,26,,,1,8,,21447,26,,,1,7,,21454,26,,,1,8,,21461,26,,,1,8,,21470,26,,,1,8,,21479,26,,,1,7,,21488,26,,,1,8,,21497,26,,,1,48,,21511,26,,,1,7,,21518,26,,,1,8,,21528,26,,,1,8,,21537,26,,,1,7,,21547,26,,,1,8,,21557,26,,,1,8,,21567,26,,,1,7,,21438,26,,,1,48,,21448,26,,,1,7,,21455,26,,,1,8,,21462,26,,,1,8,,21471,26,,,1,7,,21480,26,,,1,7,,21489,26,,,1,7,,21498,26,,,1,7,,21503,26,,,1,47,,21512,26,,,1,7,,21519,26,,,1,7,,21529,26,,,1,7,,21538,26,,,1,7,,21548,26,,,1,7,,21558,26,,,1,7,,21568,26,,,1,7,,21439,26,,,1,7,,21449,26,,,1,47,,21456,26,,,1,7,,21463,26,,,1,7,,21472,26,,,1,7,,21481,26,,,1,7,,21490,26,,,1,7,,21499,26,,,1,7,,21504,26,,,1,6,,21513,26,,,1,47,,21520,26,,,1,7,,21530,26,,,1,7,,21539,26,,,1,7,,21549,26,,,1,7,,21559,26,,,1,7,,21569,26,,,1,7,,21440,26,,,1,7,,21450,26,,,1,7,,21457,26,,,1,47,,21464,26,,,1,9,,21473,26,,,1,8,,21482,26,,,1,8,,21491,26,,,1,9,,21500,26,,,1,8,,21505,26,,,1,9,,21521,26,,,1,48,,21531,26,,,1,8,,21540,26,,,1,9,,21550,26,,,1,8,,21560,26,,,1,9,,21570,26,,,1,8,,21441,26,,,1,8,,21458,26,,,1,49,,21465,26,,,1,8,,21474,26,,,1,8,,21483,26,,,1,9,,21492,26,,,1,8,,21501,26,,,1,9,,21506,26,,,1,8,,21522,26,,,1,49,,21532,26,,,1,8,,21541,26,,,1,8,,21551,26,,,1,9,,21561,26,,,1,8,,21571,26,,,1,9,,21442,26,,,1,9,,21459,26,,,1,50,,21466,26,,,1,10,,21475,26,,,1,10,,21484,26,,,1,10,,21493,26,,,1,10,,21502,26,,,1,10,,21507,26,,,1,50,,21523,26,,,1,10,,21542,26,,,1,10,,21552,26,,,1,10,,21562,26,,,1,10,,21572,26,,,1,10,,21443,26,,,1,50,,21460,26,,,1,14,,21467,26,,,1
101,'GLOBAUX-01-S',604,,21696,26,,,1,8,,21708,26,,,1,7,,21732,26,,,1,7,,21749,26,,,1,7,,21753,26,,,1,7,,21772,26,,,1,7,,21802,26,,,1,7,,21809,26,,,1,5,,21573,26,,,1,45,,21595,26,,,1,5,,21602,26,,,1,5,,21612,26,,,1,5,,21616,26,,,1,5,,21618,26,,,1,4,,21633,26,,,1,4,,21640,26,,,1,3,,21655,26,,,1,4,,21659,26,,,1,4,,21665,26,,,1,3,,21670,26,,,1,4,,21676,26,,,1,4,,21681,26,,,1,3,,21697,26,,,1,43,,21705,26,,,1,4,,21709,26,,,1,3,,21717,26,,,1,3,,21733,26,,,1,3,,21739,26,,,1,3,,21740,26,,,1,3,,21750,26,,,1,2,,21752,26,,,1,3,,21754,26,,,1,3,,21755,26,,,1,2,,21757,26,,,1,3,,21763,26,,,1,3,,21773,26,,,1,2,,21782,26,,,1,3,,21783,26,,,1,2,,21788,26,,,1,3,,21803,26,,,1,2,,21808,26,,,1,3,,21810,26,,,1,2,,21574,26,,,1,3,,21585,26,,,1,2,,21593,26,,,1,43,,21596,26,,,1,2,,21603,26,,,1,3,,21613,26,,,1,3,,21614,26,,,1,2,,21615,26,,,1,3,,21617,26,,,1,3,,21619,26,,,1,3,,21634,26,,,1,3,,21641,26,,,1,3,,21647,26,,,1,4,,21656,26,,,1,3,,21660,26,,,1,3,,21671,26,,,1,4,,21677,26,,,1,3,,21682,26,,,1,4,,21698,26,,,1,3,,21706,26,,,1,4,,21710,26,,,1,4,,21716,26,,,1,43,,21718,26,,,1,4,,21734,26,,,1,5,,21741,26,,,1,5,,21751,26,,,1,5,,21758,26,,,1,4,,21764,26,,,1,6,,21774,26,,,1,6,,21789,26,,,1,6,,21804,26,,,1,6,,21575,26,,,1,6,,21586,26,,,1,6,,21597,26,,,1,46,,21604,26,,,1,6,,21620,26,,,1,6,,21635,26,,,1,6,,21648,26,,,1,6,,21661,26,,,1,6,,21672,26,,,1,6,,21683,26,,,1,6,,21699,26,,,1,7,,21711,26,,,1,46,,21719,26,,,1,6,,21735,26,,,1,6,,21742,26,,,1,6,,21759,26,,,1,5,,21765,26,,,1,6,,21775,26,,,1,6,,21790,26,,,1,6,,21805,26,,,1,6,,21576,26,,,1,7,,21587,26,,,1,46,,21598,26,,,1,6,,21605,26,,,1,6,,21621,26,,,1,6,,21636,26,,,1,6,,21649,26,,,1,6,,21662,26,,,1,6,,21673,26,,,1,6,,21684,26,,,1,6,,21700,26,,,1,6,,21712,26,,,1,46,,21720,26,,,1,6,,21736,26,,,1,6,,21743,26,,,1,6,,21760,26,,,1,6,,21766,26,,,1,6,,21776,26,,,1,6,,21791,26,,,1,6,,21806,26,,,1,6,,21577,26,,,1,6,,21588,26,,,1,46,,21599,26,,,1,6,,21606,26,,,1,6,,21622,26,,,1,6,,21637,26,,,1,6,,21650,26,,,1,6,,21663,26,,,1,6,,21674,26,,,1,6,,21685,26,,,1,5,,21694,26,,,1,6,,21701,26,,,1,4,,21713,26,,,1,44,,21721,26,,,1,4,,21726,26,,,1,3,,21737,26,,,1,4,,21744,26,,,1,4,,21756,26,,,1,3,,21761,26,,,1,4,,21767,26,,,1,4,,21777,26,,,1,3,,21787,26,,,1,4,,21792,26,,,1,4,,21794,26,,,1,3,,21807,26,,,1,4,,21578,26,,,1,4,,21580,26,,,1,4,,21589,26,,,1,3,,21600,26,,,1,44,,21601,26,,,1,3,,21607,26,,,1,3,,21623,26,,,1,3,,21628,26,,,1,4,,21638,26,,,1,3,,21642,26,,,1,3,,21651,26,,,1,3,,21657,26,,,1,3,,21664,26,,,1,3,,21666,26,,,1,3,,21675,26,,,1,3,,21678,26,,,1,3,,21686,26,,,1,3,,21690,26,,,1,3,,21695,26,,,1,4,,21702,26,,,1,3,,21707,26,,,1,3,,21714,26,,,1,3,,21722,26,,,1,3,,21727,26,,,1,44,,21728,26,,,1,3,,21738,26,,,1,3,,21745,26,,,1,4,,21762,26,,,1,3,,21768,26,,,1,4,,21778,26,,,1,3,,21784,26,,,1,4,,21793,26,,,1,4,,21795,26,,,1,4,,21798,26,,,1,3,,21579,26,,,1,4,,21581,26,,,1,4,,21590,26,,,1,4,,21594,26,,,1,4,,21608,26,,,1,4,,21624,26,,,1,44,,21629,26,,,1,4,,21639,26,,,1,4,,21643,26,,,1,5,,21652,26,,,1,4,,21658,26,,,1,4,,21667,26,,,1,5,,21679,26,,,1,5,,21687,26,,,1,6,,21691,26,,,1,5,,21703,26,,,1,5,,21715,26,,,1,5,,21723,26,,,1,5,,21729,26,,,1,46,,21746,26,,,1,6,,21769,26,,,1,6,,21779,26,,,1,5,,21785,26,,,1,6,,21796,26,,,1,6,,21799,26,,,1,6,,21582,26,,,1,6,,21591,26,,,1,6,,21609,26,,,1,6,,21625,26,,,1,46,,21630,26,,,1,6,,21644,26,,,1,6,,21653,26,,,1,6,,21668,26,,,1,6,,21680,26,,,1,6,,21688,26,,,1,7,,21692,26,,,1,6,,21704,26,,,1,6,,21724,26,,,1,6,,21730,26,,,1,46,,21747,26,,,1,6,,21770,26,,,1,6,,21780,26,,,1,6,,21786,26,,,1,6,,21797,26,,,1,6,,21800,26,,,1,6,,21583,26,,,1,6,,21592,26,,,1,6,,21610,26,,,1,6,,21626,26,,,1,46,,21631,26,,,1,8,,21645,26,,,1,7,,21654,26,,,1,8,,21669,26,,,1,8,,21689,26,,,1,8,,21693,26,,,1,8,,21725,26,,,1,48,,21731,26,,,1,8,,21748,26,,,1,8,,21771,26,,,1,8,,21781,26,,,1,8,,21801,26,,,1,8,,21584,26,,,1,8,,21611,26,,,1,8,,21627,26,,,1,47,,21632,26,,,1,12,,21646,26,,,1
