200,'GLOBAUX-01-A',550,,21847,14,,,1,9,,21851,14,,,1,50,,21872,14,,,1,10,,21881,14,,,1,10,,21890,14,,,1,10,,21905,14,,,1,9,,21919,14,,,1,10,,21927,14,,,1,50,,21933,14,,,1,10,,21941,14,,,1,10,,21952,14,,,1,9,,21960,14,,,1,9,,21811,14,,,1,10,,21825,14,,,1,49,,21839,14,,,1,9,,21848,14,,,1,9,,21852,14,,,1,8,,21860,14,,,1,9,,21873,14,,,1,9,,21882,14,,,1,9,,21891,14,,,1,48,,21898,14,,,1,9,,21906,14,,,1,8,,21913,14,,,1,9,,21920,14,,,1,8,,21934,14,,,1,9,,21942,14,,,1,8,,21953,14,,,1,48,,21961,14,,,1,9,,21812,14,,,1,8,,21826,14,,,1,9,,21840,14,,,1,8,,21849,14,,,1,9,,21853,14,,,1,8,,21861,14,,,1,49,,21874,14,,,1,8,,21883,14,,,1,9,,21892,14,,,1,7,,21899,14,,,1,8,,21907,14,,,1,8,,21914,14,,,1,8,,21921,14,,,1,47,,21935,14,,,1,8,,21943,14,,,1,8,,21954,14,,,1,7,,21962,14,,,1,8,,21813,14,,,1,8,,21819,14,,,1,7,,21827,14,,,1,7,,21841,14,,,1,48,,21850,14,,,1,7,,21854,14,,,1,7,,21862,14,,,1,7,,21866,14,,,1,8,,21875,14,,,1,6,,21884,14,,,1,6,,21893,14,,,1,7,,21900,14,,,1,6,,21908,14,,,1,47,,21915,14,,,1,6,,21922,14,,,1,6,,21928,14,,,1,7,,21936,14,,,1,6,,21944,14,,,1,7,,21947,14,,,1,6,,21955,14,,,1,7,,21963,14,,,1,6,,21814,14,,,1,47,,21820,14,,,1,6,,21828,14,,,1,6,,21833,14,,,1,7,,21842,14,,,1,7,,21855,14,,,1,6,,21863,14,,,1,6,,21867,14,,,1,7,,21876,14,,,1,6,,21885,14,,,1,7,,21894,14,,,1,46,,21901,14,,,1,6,,21909,14,,,1,7,,21916,14,,,1,6,,21923,14,,,1,7,,21929,14,,,1,6,,21937,14,,,1,7,,21945,14,,,1,6,,21948,14,,,1,7,,21956,14,,,1,46,,21964,14,,,1,6,,21815,14,,,1,7,,21821,14,,,1,6,,21829,14,,,1,7,,21834,14,,,1,6,,21843,14,,,1,6,,21856,14,,,1,7,,21864,14,,,1,6,,21868,14,,,1,6,,21877,14,,,1,47,,21886,14,,,1,6,,21895,14,,,1,7,,21902,14,,,1,6,,21910,14,,,1,6,,21917,14,,,1,7,,21924,14,,,1,6,,21930,14,,,1,6,,21938,14,,,1,7,,21946,14,,,1,46,,21949,14,,,1,6,,21957,14,,,1,7,,21965,14,,,1,6,,21816,14,,,1,7,,21822,14,,,1,6,,21830,14,,,1,6,,21835,14,,,1,7,,21844,14,,,1,7,,21857,14,,,1,48,,21865,14,,,1,7,,21869,14,,,1,8,,21878,14,,,1,7,,21887,14,,,1,7,,21896,14,,,1,8,,21903,14,,,1,7,,21911,14,,,1,8,,21918,14,,,1,47,,21925,14,,,1,7,,21931,14,,,1,8,,21939,14,,,1,7,,21950,14,,,1,8,,21958,14,,,1,7,,21817,14,,,1,8,,21823,14,,,1,8,,21831,14,,,1,48,,21836,14,,,1,7,,21845,14,,,1,9,,21858,14,,,1,9,,21870,14,,,1,8,,21879,14,,,1,9,,21888,14,,,1,9,,21897,14,,,1,49,,21904,14,,,1,9,,21912,14,,,1,10,,21926,14,,,1,9,,21932,14,,,1,10,,21940,14,,,1,10,,21951,14,,,1,49,,21959,14,,,1,10,,21818,14,,,1,9,,21832,14,,,1,10,,21837,14,,,1,10,,21846,14,,,1,10,,21859,14,,,1,10,,21871,14,,,1,50,,21880,14,,,1,10,,21889,14,,,1
200,'GLOBAUX-01-F1',549,,22001,14,,,1,10,,22009,14,,,1,49,,22017,14,,,1,9,,22025,14,,,1,9,,22031,14,,,1,10,,22043,14,,,1,9,,22047,14,,,1,9,,22062,14,,,1,49,,22074,14,,,1,10,,22082,14,,,1,9,,22090,14,,,1,9,,22095,14,,,1,10,,21966,14,,,1,9,,21975,14,,,1,9,,21993,14,,,1,49,,22002,14,,,1,10,,22010,14,,,1,9,,22018,14,,,1,9,,22026,14,,,1,9,,22032,14,,,1,10,,22044,14,,,1,49,,22048,14,,,1,8,,22055,14,,,1,9,,22063,14,,,1,9,,22075,14,,,1,8,,22083,14,,,1,9,,22091,14,,,1,8,,22096,14,,,1,49,,21967,14,,,1,9,,21976,14,,,1,8,,21986,14,,,1,9,,21994,14,,,1,8,,22003,14,,,1,9,,22011,14,,,1,8,,22019,14,,,1,49,,22027,14,,,1,9,,22033,14,,,1,8,,22045,14,,,1,9,,22049,14,,,1,8,,22056,14,,,1,9,,22064,14,,,1,9,,22076,14,,,1,48,,22084,14,,,1,9,,22092,14,,,1,8,,22097,14,,,1,9,,21968,14,,,1,8,,21977,14,,,1,8,,21987,14,,,1,8,,21995,14,,,1,48,,22004,14,,,1,8,,22012,14,,,1,8,,22020,14,,,1,8,,22028,14,,,1,8,,22034,14,,,1,8,,22046,14,,,1,8,,22050,14,,,1,7,,22057,14,,,1,48,,22065,14,,,1,8,,22070,14,,,1,7,,22077,14,,,1,7,,22085,14,,,1,7,,22093,14,,,1,7,,22098,14,,,1,7,,22103,14,,,1,7,,21969,14,,,1,47,,21978,14,,,1,6,,21981,14,,,1,7,,21988,14,,,1,7,,21996,14,,,1,7,,22005,14,,,1,7,,22013,14,,,1,7,,22021,14,,,1,6,,22029,14,,,1,7,,22035,14,,,1,47,,22039,14,,,1,7,,22051,14,,,1,7,,22058,14,,,1,7,,22066,14,,,1,6,,22071,14,,,1,7,,22078,14,,,1,7,,22086,14,,,1,7,,22094,14,,,1,7,,22099,14,,,1,47,,22104,14,,,1,6,,21970,14,,,1,7,,21979,14,,,1,7,,21982,14,,,1,7,,21989,14,,,1,7,,21997,14,,,1,7,,22006,14,,,1,7,,22014,14,,,1,48,,22022,14,,,1,7,,22030,14,,,1,7,,22036,14,,,1,8,,22040,14,,,1,7,,22052,14,,,1,7,,22059,14,,,1,8,,22067,14,,,1,7,,22072,14,,,1,7,,22079,14,,,1,48,,22087,14,,,1,8,,22100,14,,,1,8,,22105,14,,,1,7,,21971,14,,,1,8,,21980,14,,,1,8,,21983,14,,,1,8,,21990,14,,,1,48,,21998,14,,,1,8,,22007,14,,,1,7,,22015,14,,,1,8,,22023,14,,,1,8,,22037,14,,,1,8,,22041,14,,,1,8,,22053,14,,,1,8,,22060,14,,,1,48,,22068,14,,,1,8,,22073,14,,,1,8,,22080,14,,,1,8,,22088,14,,,1,9,,22101,14,,,1,9,,22106,14,,,1,8,,21972,14,,,1,49,,21984,14,,,1,8,,21991,14,,,1,9,,21999,14,,,1,9,,22008,14,,,1,10,,22016,14,,,1,10,,22024,14,,,1,50,,22038,14,,,1,10,,22042,14,,,1,10,,22054,14,,,1,10,,22061,14,,,1,10,,22069,14,,,1,10,,22081,14,,,1,50,,22089,14,,,1,10,,22102,14,,,1,10,,22107,14,,,1,10,,21973,14,,,1,10,,21985,14,,,1,10,,22000,14,,,1
200,'GLOBAUX-01-F2',549,,22143,14,,,1,10,,22151,14,,,1,49,,22159,14,,,1,9,,22167,14,,,1,9,,22173,14,,,1,10,,22185,14,,,1,9,,22189,14,,,1,9,,22204,14,,,1,49,,22216,14,,,1,10,,22224,14,,,1,9,,22232,14,,,1,9,,22237,14,,,1,10,,22108,14,,,1,9,,22117,14,,,1,9,,22135,14,,,1,49,,22144,14,,,1,10,,22152,14,,,1,9,,22160,14,,,1,9,,22168,14,,,1,9,,22174,14,,,1,10,,22186,14,,,1,49,,22190,14,,,1,8,,22197,14,,,1,9,,22205,14,,,1,9,,22217,14,,,1,8,,22225,14,,,1,9,,22233,14,,,1,8,,22238,14,,,1,49,,22109,14,,,1,9,,22118,14,,,1,8,,22128,14,,,1,9,,22136,14,,,1,8,,22145,14,,,1,9,,22153,14,,,1,8,,22161,14,,,1,49,,22169,14,,,1,9,,22175,14,,,1,8,,22187,14,,,1,9,,22191,14,,,1,8,,22198,14,,,1,9,,22206,14,,,1,9,,22218,14,,,1,48,,22226,14,,,1,9,,22234,14,,,1,8,,22239,14,,,1,9,,22110,14,,,1,8,,22119,14,,,1,8,,22129,14,,,1,8,,22137,14,,,1,48,,22146,14,,,1,8,,22154,14,,,1,8,,22162,14,,,1,8,,22170,14,,,1,8,,22176,14,,,1,8,,22188,14,,,1,8,,22192,14,,,1,7,,22199,14,,,1,48,,22207,14,,,1,8,,22212,14,,,1,7,,22219,14,,,1,7,,22227,14,,,1,7,,22235,14,,,1,7,,22240,14,,,1,7,,22245,14,,,1,7,,22111,14,,,1,47,,22120,14,,,1,6,,22123,14,,,1,7,,22130,14,,,1,7,,22138,14,,,1,7,,22147,14,,,1,7,,22155,14,,,1,7,,22163,14,,,1,6,,22171,14,,,1,7,,22177,14,,,1,47,,22181,14,,,1,7,,22193,14,,,1,7,,22200,14,,,1,7,,22208,14,,,1,6,,22213,14,,,1,7,,22220,14,,,1,7,,22228,14,,,1,7,,22236,14,,,1,7,,22241,14,,,1,47,,22246,14,,,1,6,,22112,14,,,1,7,,22121,14,,,1,7,,22124,14,,,1,7,,22131,14,,,1,7,,22139,14,,,1,7,,22148,14,,,1,7,,22156,14,,,1,48,,22164,14,,,1,7,,22172,14,,,1,7,,22178,14,,,1,8,,22182,14,,,1,7,,22194,14,,,1,7,,22201,14,,,1,8,,22209,14,,,1,7,,22214,14,,,1,7,,22221,14,,,1,48,,22229,14,,,1,8,,22242,14,,,1,8,,22247,14,,,1,7,,22113,14,,,1,8,,22122,14,,,1,8,,22125,14,,,1,8,,22132,14,,,1,48,,22140,14,,,1,8,,22149,14,,,1,7,,22157,14,,,1,8,,22165,14,,,1,8,,22179,14,,,1,8,,22183,14,,,1,8,,22195,14,,,1,8,,22202,14,,,1,48,,22210,14,,,1,8,,22215,14,,,1,8,,22222,14,,,1,8,,22230,14,,,1,9,,22243,14,,,1,9,,22248,14,,,1,8,,22114,14,,,1,49,,22126,14,,,1,8,,22133,14,,,1,9,,22141,14,,,1,9,,22150,14,,,1,10,,22158,14,,,1,10,,22166,14,,,1,50,,22180,14,,,1,10,,22184,14,,,1,10,,22196,14,,,1,10,,22203,14,,,1,10,,22211,14,,,1,10,,22223,14,,,1,50,,22231,14,,,1,10,,22244,14,,,1,10,,22249,14,,,1,10,,22115,14,,,1,10,,22127,14,,,1,10,,22142,14,,,1
200,'GLOBAUX-01-I',549,,22285,14,,,1,10,,22293,14,,,1,49,,22301,14,,,1,9,,22309,14,,,1,9,,22315,14,,,1,10,,22327,14,,,1,9,,22331,14,,,1,9,,22346,14,,,1,49,,22358,14,,,1,10,,22366,14,,,1,9,,22374,14,,,1,9,,22379,14,,,1,10,,22250,14,,,1,9,,22259,14,,,1,9,,22277,14,,,1,49,,22286,14,,,1,10,,22294,14,,,1,9,,22302,14,,,1,9,,22310,14,,,1,9,,22316,14,,,1,10,,22328,14,,,1,49,,22332,14,,,1,8,,22339,14,,,1,9,,22347,14,,,1,9,,22359,14,,,1,8,,22367,14,,,1,9,,22375,14,,,1,8,,22380,14,,,1,49,,22251,14,,,1,9,,22260,14,,,1,8,,22270,14,,,1,9,,22278,14,,,1,8,,22287,14,,,1,9,,22295,14,,,1,8,,22303,14,,,1,49,,22311,14,,,1,9,,22317,14,,,1,8,,22329,14,,,1,9,,22333,14,,,1,8,,22340,14,,,1,9,,22348,14,,,1,9,,22360,14,,,1,48,,22368,14,,,1,9,,22376,14,,,1,8,,22381,14,,,1,9,,22252,14,,,1,8,,22261,14,,,1,8,,22271,14,,,1,8,,22279,14,,,1,48,,22288,14,,,1,8,,22296,14,,,1,8,,22304,14,,,1,8,,22312,14,,,1,8,,22318,14,,,1,8,,22330,14,,,1,8,,22334,14,,,1,7,,22341,14,,,1,48,,22349,14,,,1,8,,22354,14,,,1,7,,22361,14,,,1,7,,22369,14,,,1,7,,22377,14,,,1,7,,22382,14,,,1,7,,22387,14,,,1,7,,22253,14,,,1,47,,22262,14,,,1,6,,22265,14,,,1,7,,22272,14,,,1,7,,22280,14,,,1,7,,22289,14,,,1,7,,22297,14,,,1,7,,22305,14,,,1,6,,22313,14,,,1,7,,22319,14,,,1,47,,22323,14,,,1,7,,22335,14,,,1,7,,22342,14,,,1,7,,22350,14,,,1,6,,22355,14,,,1,7,,22362,14,,,1,7,,22370,14,,,1,7,,22378,14,,,1,7,,22383,14,,,1,47,,22388,14,,,1,6,,22254,14,,,1,7,,22263,14,,,1,7,,22266,14,,,1,7,,22273,14,,,1,7,,22281,14,,,1,7,,22290,14,,,1,7,,22298,14,,,1,48,,22306,14,,,1,7,,22314,14,,,1,7,,22320,14,,,1,8,,22324,14,,,1,7,,22336,14,,,1,7,,22343,14,,,1,8,,22351,14,,,1,7,,22356,14,,,1,7,,22363,14,,,1,48,,22371,14,,,1,8,,22384,14,,,1,8,,22389,14,,,1,7,,22255,14,,,1,8,,22264,14,,,1,8,,22267,14,,,1,8,,22274,14,,,1,48,,22282,14,,,1,8,,22291,14,,,1,7,,22299,14,,,1,8,,22307,14,,,1,8,,22321,14,,,1,8,,22325,14,,,1,8,,22337,14,,,1,8,,22344,14,,,1,48,,22352,14,,,1,8,,22357,14,,,1,8,,22364,14,,,1,8,,22372,14,,,1,9,,22385,14,,,1,9,,22390,14,,,1,8,,22256,14,,,1,49,,22268,14,,,1,8,,22275,14,,,1,9,,22283,14,,,1,9,,22292,14,,,1,10,,22300,14,,,1,10,,22308,14,,,1,50,,22322,14,,,1,10,,22326,14,,,1,10,,22338,14,,,1,10,,22345,14,,,1,10,,22353,14,,,1,10,,22365,14,,,1,50,,22373,14,,,1,10,,22386,14,,,1,10,,22391,14,,,1,10,,22257,14,,,1,10,,22269,14,,,1,10,,22284,14,,,1
200,'GLOBAUX-01-S',549,,22463,14,,,1,6,,22473,14,,,1,46,,22483,14,,,1,6,,22498,14,,,1,6,,22509,14,,,1,6,,22518,14,,,1,6,,22532,14,,,1,6,,22534,14,,,1,5,,22554,14,,,1,5,,22571,14,,,1,5,,22573,14,,,1,5,,22580,14,,,1,5,,22582,14,,,1,44,,22594,14,,,1,4,,22600,14,,,1,4,,22606,14,,,1,4,,22607,14,,,1,4,,22613,14,,,1,3,,22622,14,,,1,4,,22392,14,,,1,3,,22393,14,,,1,4,,22403,14,,,1,3,,22411,14,,,1,4,,22412,14,,,1,3,,22421,14,,,1,3,,22423,14,,,1,4,,22428,14,,,1,3,,22436,14,,,1,4,,22444,14,,,1,3,,22456,14,,,1,43,,22461,14,,,1,3,,22462,14,,,1,4,,22464,14,,,1,3,,22474,14,,,1,3,,22484,14,,,1,3,,22492,14,,,1,4,,22494,14,,,1,3,,22499,14,,,1,3,,22504,14,,,1,4,,22510,14,,,1,3,,22515,14,,,1,3,,22519,14,,,1,3,,22527,14,,,1,4,,22533,14,,,1,3,,22535,14,,,1,3,,22540,14,,,1,3,,22555,14,,,1,3,,22564,14,,,1,4,,22572,14,,,1,43,,22574,14,,,1,4,,22575,14,,,1,4,,22583,14,,,1,4,,22590,14,,,1,3,,22595,14,,,1,4,,22601,14,,,1,4,,22608,14,,,1,3,,22614,14,,,1,4,,22623,14,,,1,4,,22630,14,,,1,4,,22394,14,,,1,4,,22404,14,,,1,4,,22413,14,,,1,4,,22420,14,,,1,4,,22424,14,,,1,45,,22437,14,,,1,5,,22445,14,,,1,5,,22457,14,,,1,6,,22465,14,,,1,6,,22475,14,,,1,6,,22485,14,,,1,6,,22495,14,,,1,6,,22505,14,,,1,6,,22511,14,,,1,6,,22520,14,,,1,6,,22528,14,,,1,46,,22541,14,,,1,6,,22556,14,,,1,6,,22565,14,,,1,6,,22576,14,,,1,6,,22584,14,,,1,6,,22596,14,,,1,6,,22602,14,,,1,6,,22615,14,,,1,6,,22624,14,,,1,6,,22395,14,,,1,46,,22405,14,,,1,6,,22414,14,,,1,6,,22425,14,,,1,6,,22438,14,,,1,6,,22446,14,,,1,6,,22458,14,,,1,6,,22466,14,,,1,6,,22476,14,,,1,6,,22486,14,,,1,6,,22496,14,,,1,46,,22506,14,,,1,6,,22512,14,,,1,6,,22521,14,,,1,6,,22529,14,,,1,6,,22542,14,,,1,6,,22557,14,,,1,6,,22566,14,,,1,6,,22577,14,,,1,6,,22585,14,,,1,6,,22597,14,,,1,46,,22603,14,,,1,6,,22616,14,,,1,6,,22625,14,,,1,6,,22396,14,,,1,6,,22406,14,,,1,6,,22415,14,,,1,6,,22426,14,,,1,6,,22439,14,,,1,6,,22447,14,,,1,6,,22459,14,,,1,47,,22467,14,,,1,5,,22477,14,,,1,5,,22487,14,,,1,4,,22497,14,,,1,5,,22500,14,,,1,4,,22507,14,,,1,5,,22513,14,,,1,4,,22516,14,,,1,4,,22522,14,,,1,4,,22530,14,,,1,4,,22536,14,,,1,3,,22543,14,,,1,3,,22547,14,,,1,3,,22558,14,,,1,43,,22562,14,,,1,3,,22567,14,,,1,3,,22578,14,,,1,3,,22581,14,,,1,3,,22586,14,,,1,3,,22591,14,,,1,3,,22598,14,,,1,3,,22604,14,,,1,3,,22609,14,,,1,3,,22617,14,,,1,3,,22618,14,,,1,3,,22626,14,,,1,3,,22397,14,,,1,2,,22398,14,,,1,3,,22399,14,,,1,3,,22400,14,,,1,3,,22407,14,,,1,3,,22416,14,,,1,3,,22422,14,,,1,3,,22427,14,0,5,1,43,,22429,14,,,1,3,,22433,14,,,1,3,,22440,14,,,1,3,,22448,14,0,5,1,2,,22449,14,,,1,3,,22453,14,,,1,3,,22460,14,,,1,3,,22468,14,0,5,1,3,,22469,14,,,1,3,,22478,14,,,1,3,,22482,14,0,5,1,3,,22488,14,,,1,3,,22493,14,0,5,1,3,,22501,14,,,1,3,,22508,14,,,1,3,,22514,14,,,1,4,,22517,14,,,1,3,,22523,14,,,1,3,,22531,14,,,1,4,,22537,14,,,1,43,,22544,14,,,1,4,,22548,14,,,1,4,,22551,14,,,1,4,,22559,14,,,1,3,,22563,14,,,1,4,,22568,14,,,1,4,,22579,14,,,1,4,,22587,14,,,1,4,,22592,14,,,1,4,,22599,14,,,1,4,,22605,14,,,1,4,,22610,14,,,1,4,,22619,14,,,1,5,,22627,14,,,1,5,,22401,14,,,1,45,,22408,14,,,1,5,,22417,14,,,1,5,,22430,14,,,1,6,,22434,14,,,1,6,,22441,14,,,1,6,,22450,14,,,1,6,,22454,14,,,1,6,,22470,14,,,1,6,,22479,14,,,1,6,,22489,14,,,1,46,,22502,14,,,1,6,,22524,14,,,1,6,,22538,14,,,1,6,,22545,14,,,1,6,,22549,14,,,1,6,,22552,14,,,1,6,,22560,14,,,1,6,,22569,14,,,1,6,,22588,14,,,1,6,,22593,14,,,1,46,,22611,14,,,1,6,,22620,14,,,1,6,,22628,14,,,1,6,,22402,14,,,1,6,,22409,14,,,1,6,,22418,14,,,1,6,,22431,14,,,1,6,,22435,14,,,1,6,,22442,14,,,1,6,,22451,14,,,1,46,,22455,14,,,1,5,,22471,14,,,1,6,,22480,14,,,1,6,,22490,14,,,1,6,,22503,14,,,1,6,,22525,14,,,1,6,,22539,14,,,1,6,,22546,14,,,1,6,,22550,14,,,1,7,,22553,14,,,1,47,,22561,14,,,1,7,,22570,14,,,1,7,,22589,14,,,1,7,,22612,14,,,1,7,,22621,14,,,1,7,,22629,14,,,1,7,,22410,14,,,1,8,,22419,14,,,1,48,,22432,14,,,1,8,,22443,14,,,1,8,,22452,14,,,1,8,,22472,14,,,1,8,,22481,14,,,1,8,,22491,14,,,1,8,,22526,14,,,1
201,'GLOBAUX-01-A',550,,22741,18,,,1,50,,22748,18,,,1,9,,22757,18,,,1,10,,22769,18,,,1,10,,22778,18,,,1,9,,22631,18,,,1,10,,22645,18,,,1,10,,22658,18,,,1,50,,22666,18,,,1,9,,22669,18,,,1,10,,22688,18,,,1,10,,22696,18,,,1,9,,22704,18,,,1,10,,22712,18,,,1,49,,22719,18,,,1,10,,22727,18,,,1,8,,22733,18,,,1,9,,22749,18,,,1,9,,22758,18,,,1,9,,22770,18,,,1,8,,22779,18,,,1,49,,22632,18,,,1,9,,22646,18,,,1,8,,22659,18,,,1,9,,22667,18,,,1,9,,22670,18,,,1,8,,22677,18,,,1,9,,22689,18,,,1,48,,22697,18,,,1,9,,22705,18,,,1,9,,22713,18,,,1,9,,22720,18,,,1,8,,22728,18,,,1,9,,22734,18,,,1,8,,22750,18,,,1,47,,22759,18,,,1,8,,22771,18,,,1,8,,22780,18,,,1,8,,22633,18,,,1,7,,22640,18,,,1,7,,22647,18,,,1,7,,22660,18,,,1,7,,22668,18,,,1,47,,22671,18,,,1,7,,22678,18,,,1,7,,22682,18,,,1,7,,22690,18,,,1,8,,22698,18,,,1,7,,22706,18,,,1,6,,22714,18,,,1,7,,22721,18,,,1,46,,22729,18,,,1,7,,22735,18,,,1,6,,22742,18,,,1,7,,22751,18,,,1,6,,22760,18,,,1,7,,22763,18,,,1,6,,22772,18,,,1,6,,22781,18,,,1,7,,22634,18,,,1,6,,22641,18,,,1,47,,22648,18,,,1,6,,22653,18,,,1,7,,22661,18,,,1,6,,22672,18,,,1,6,,22679,18,,,1,7,,22683,18,,,1,6,,22691,18,,,1,7,,22699,18,,,1,6,,22707,18,,,1,46,,22715,18,,,1,7,,22722,18,,,1,6,,22730,18,,,1,7,,22736,18,,,1,6,,22743,18,,,1,6,,22752,18,,,1,7,,22761,18,,,1,6,,22764,18,,,1,7,,22773,18,,,1,46,,22782,18,,,1,7,,22635,18,,,1,6,,22642,18,,,1,6,,22649,18,,,1,7,,22654,18,,,1,6,,22662,18,,,1,7,,22673,18,,,1,6,,22680,18,,,1,7,,22684,18,,,1,6,,22692,18,,,1,46,,22700,18,,,1,7,,22708,18,,,1,6,,22716,18,,,1,7,,22723,18,,,1,6,,22731,18,,,1,6,,22737,18,,,1,7,,22744,18,,,1,6,,22753,18,,,1,7,,22762,18,,,1,46,,22765,18,,,1,6,,22774,18,,,1,7,,22783,18,,,1,6,,22636,18,,,1,7,,22643,18,,,1,6,,22650,18,,,1,6,,22655,18,,,1,7,,22663,18,,,1,6,,22674,18,,,1,47,,22681,18,,,1,7,,22685,18,,,1,7,,22693,18,,,1,7,,22701,18,,,1,8,,22709,18,,,1,7,,22717,18,,,1,7,,22724,18,,,1,7,,22732,18,,,1,8,,22738,18,,,1,47,,22745,18,,,1,8,,22754,18,,,1,7,,22766,18,,,1,8,,22775,18,,,1,8,,22637,18,,,1,8,,22644,18,,,1,7,,22651,18,,,1,8,,22656,18,,,1,48,,22664,18,,,1,8,,22675,18,,,1,8,,22686,18,,,1,8,,22694,18,,,1,8,,22702,18,,,1,9,,22710,18,,,1,8,,22718,18,,,1,49,,22725,18,,,1,10,,22739,18,,,1,9,,22746,18,,,1,10,,22755,18,,,1,9,,22767,18,,,1,10,,22776,18,,,1,49,,22638,18,,,1,10,,22652,18,,,1,9,,22657,18,,,1,10,,22665,18,,,1,9,,22676,18,,,1,10,,22687,18,,,1,50,,22695,18,,,1,10,,22703,18,,,1,9,,22711,18,,,1,10,,22726,18,,,1,10,,22740,18,,,1,10,,22747,18,,,1,10,,22756,18,,,1,50,,22768,18,,,1,10,,22777,18,,,1,14,,22639,18,,,1
201,'GLOBAUX-01-F1',550,,22877,18,,,1,9,,22890,18,,,1,50,,22898,18,,,1,9,,22906,18,,,1,9,,22911,18,,,1,10,,22784,18,,,1,9,,22792,18,,,1,9,,22809,18,,,1,50,,22817,18,,,1,9,,22825,18,,,1,9,,22833,18,,,1,10,,22841,18,,,1,9,,22846,18,,,1,10,,22859,18,,,1,49,,22862,18,,,1,9,,22878,18,,,1,10,,22891,18,,,1,9,,22899,18,,,1,9,,22907,18,,,1,10,,22912,18,,,1,9,,22785,18,,,1,49,,22793,18,,,1,9,,22803,18,,,1,8,,22810,18,,,1,9,,22818,18,,,1,9,,22826,18,,,1,9,,22834,18,,,1,8,,22842,18,,,1,49,,22847,18,,,1,9,,22860,18,,,1,8,,22863,18,,,1,9,,22870,18,,,1,8,,22879,18,,,1,9,,22892,18,,,1,9,,22900,18,,,1,48,,22908,18,,,1,9,,22913,18,,,1,8,,22786,18,,,1,9,,22794,18,,,1,9,,22804,18,,,1,8,,22811,18,,,1,9,,22819,18,,,1,49,,22827,18,,,1,8,,22835,18,,,1,8,,22843,18,,,1,8,,22848,18,,,1,8,,22861,18,,,1,8,,22864,18,,,1,8,,22871,18,,,1,48,,22880,18,,,1,7,,22886,18,,,1,7,,22893,18,,,1,6,,22901,18,,,1,7,,22909,18,,,1,7,,22914,18,,,1,7,,22919,18,,,1,7,,22787,18,,,1,7,,22795,18,,,1,46,,22798,18,,,1,7,,22805,18,,,1,7,,22812,18,,,1,7,,22820,18,,,1,7,,22828,18,,,1,7,,22836,18,,,1,6,,22844,18,,,1,7,,22849,18,,,1,47,,22854,18,,,1,7,,22865,18,,,1,7,,22872,18,,,1,7,,22881,18,,,1,7,,22887,18,,,1,6,,22894,18,,,1,7,,22902,18,,,1,7,,22910,18,,,1,7,,22915,18,,,1,47,,22920,18,,,1,7,,22788,18,,,1,6,,22796,18,,,1,7,,22799,18,,,1,7,,22806,18,,,1,8,,22813,18,,,1,7,,22821,18,,,1,7,,22829,18,,,1,8,,22837,18,,,1,47,,22845,18,,,1,7,,22850,18,,,1,8,,22855,18,,,1,7,,22866,18,,,1,7,,22873,18,,,1,8,,22882,18,,,1,7,,22888,18,,,1,7,,22895,18,,,1,48,,22903,18,,,1,7,,22916,18,,,1,8,,22921,18,,,1,8,,22789,18,,,1,8,,22797,18,,,1,8,,22800,18,,,1,7,,22807,18,,,1,8,,22814,18,,,1,48,,22822,18,,,1,8,,22830,18,,,1,7,,22838,18,,,1,8,,22851,18,,,1,8,,22856,18,,,1,8,,22867,18,,,1,8,,22874,18,,,1,47,,22883,18,,,1,8,,22889,18,,,1,8,,22896,18,,,1,9,,22904,18,,,1,8,,22917,18,,,1,9,,22922,18,,,1,8,,22790,18,,,1,49,,22801,18,,,1,8,,22808,18,,,1,9,,22815,18,,,1,9,,22823,18,,,1,8,,22831,18,,,1,9,,22839,18,,,1,9,,22852,18,,,1,49,,22857,18,,,1,9,,22868,18,,,1,9,,22875,18,,,1,10,,22884,18,,,1,10,,22897,18,,,1,10,,22905,18,,,1,10,,22918,18,,,1,50,,22923,18,,,1,10,,22791,18,,,1,10,,22802,18,,,1,10,,22816,18,,,1,10,,22824,18,,,1,10,,22832,18,,,1,50,,22840,18,,,1,10,,22853,18,,,1,10,,22858,18,,,1,10,,22869,18,,,1,10,,22876,18,,,1,54,,22885,18,,,1
201,'GLOBAUX-01-F2',550,,23017,18,,,1,9,,23030,18,,,1,50,,23038,18,,,1,9,,23046,18,,,1,9,,23051,18,,,1,10,,22924,18,,,1,9,,22932,18,,,1,9,,22949,18,,,1,50,,22957,18,,,1,9,,22965,18,,,1,9,,22973,18,,,1,10,,22981,18,,,1,9,,22986,18,,,1,10,,22999,18,,,1,49,,23002,18,,,1,9,,23018,18,,,1,10,,23031,18,,,1,9,,23039,18,,,1,9,,23047,18,,,1,10,,23052,18,,,1,9,,22925,18,,,1,49,,22933,18,,,1,9,,22943,18,,,1,8,,22950,18,,,1,9,,22958,18,,,1,9,,22966,18,,,1,9,,22974,18,,,1,8,,22982,18,,,1,49,,22987,18,,,1,9,,23000,18,,,1,8,,23003,18,,,1,9,,23010,18,,,1,8,,23019,18,,,1,9,,23032,18,,,1,9,,23040,18,,,1,48,,23048,18,,,1,9,,23053,18,,,1,8,,22926,18,,,1,9,,22934,18,,,1,9,,22944,18,,,1,8,,22951,18,,,1,9,,22959,18,,,1,49,,22967,18,,,1,8,,22975,18,,,1,8,,22983,18,,,1,8,,22988,18,,,1,8,,23001,18,,,1,8,,23004,18,,,1,8,,23011,18,,,1,48,,23020,18,,,1,7,,23026,18,,,1,7,,23033,18,,,1,6,,23041,18,,,1,7,,23049,18,,,1,7,,23054,18,,,1,7,,23059,18,,,1,7,,22927,18,,,1,7,,22935,18,,,1,46,,22938,18,,,1,7,,22945,18,,,1,7,,22952,18,,,1,7,,22960,18,,,1,7,,22968,18,,,1,7,,22976,18,,,1,6,,22984,18,,,1,7,,22989,18,,,1,47,,22994,18,,,1,7,,23005,18,,,1,7,,23012,18,,,1,7,,23021,18,,,1,7,,23027,18,,,1,6,,23034,18,,,1,7,,23042,18,,,1,7,,23050,18,,,1,7,,23055,18,,,1,47,,23060,18,,,1,7,,22928,18,,,1,6,,22936,18,,,1,7,,22939,18,,,1,7,,22946,18,,,1,8,,22953,18,,,1,7,,22961,18,,,1,7,,22969,18,,,1,8,,22977,18,,,1,47,,22985,18,,,1,7,,22990,18,,,1,8,,22995,18,,,1,7,,23006,18,,,1,7,,23013,18,,,1,8,,23022,18,,,1,7,,23028,18,,,1,7,,23035,18,,,1,48,,23043,18,,,1,7,,23056,18,,,1,8,,23061,18,,,1,8,,22929,18,,,1,8,,22937,18,,,1,8,,22940,18,,,1,7,,22947,18,,,1,8,,22954,18,,,1,48,,22962,18,,,1,8,,22970,18,,,1,7,,22978,18,,,1,8,,22991,18,,,1,8,,22996,18,,,1,8,,23007,18,,,1,8,,23014,18,,,1,47,,23023,18,,,1,8,,23029,18,,,1,8,,23036,18,,,1,9,,23044,18,,,1,8,,23057,18,,,1,9,,23062,18,,,1,8,,22930,18,,,1,49,,22941,18,,,1,8,,22948,18,,,1,9,,22955,18,,,1,9,,22963,18,,,1,8,,22971,18,,,1,9,,22979,18,,,1,9,,22992,18,,,1,49,,22997,18,,,1,9,,23008,18,,,1,9,,23015,18,,,1,10,,23024,18,,,1,10,,23037,18,,,1,10,,23045,18,,,1,10,,23058,18,,,1,50,,23063,18,,,1,10,,22931,18,,,1,10,,22942,18,,,1,10,,22956,18,,,1,10,,22964,18,,,1,10,,22972,18,,,1,50,,22980,18,,,1,10,,22993,18,,,1,10,,22998,18,,,1,10,,23009,18,,,1,10,,23016,18,,,1,54,,23025,18,,,1
201,'GLOBAUX-01-I',550,,23157,18,,,1,9,,23170,18,,,1,50,,23178,18,,,1,9,,23186,18,,,1,9,,23191,18,,,1,10,,23064,18,,,1,9,,23072,18,,,1,9,,23089,18,,,1,50,,23097,18,,,1,9,,23105,18,,,1,9,,23113,18,,,1,10,,23121,18,,,1,9,,23126,18,,,1,10,,23139,18,,,1,49,,23142,18,,,1,9,,23158,18,,,1,10,,23171,18,,,1,9,,23179,18,,,1,9,,23187,18,,,1,10,,23192,18,,,1,9,,23065,18,,,1,49,,23073,18,,,1,9,,23083,18,,,1,8,,23090,18,,,1,9,,23098,18,,,1,9,,23106,18,,,1,9,,23114,18,,,1,8,,23122,18,,,1,49,,23127,18,,,1,9,,23140,18,,,1,8,,23143,18,,,1,9,,23150,18,,,1,8,,23159,18,,,1,9,,23172,18,,,1,9,,23180,18,,,1,48,,23188,18,,,1,9,,23193,18,,,1,8,,23066,18,,,1,9,,23074,18,,,1,9,,23084,18,,,1,8,,23091,18,,,1,9,,23099,18,,,1,49,,23107,18,,,1,8,,23115,18,,,1,8,,23123,18,,,1,8,,23128,18,,,1,8,,23141,18,,,1,8,,23144,18,,,1,8,,23151,18,,,1,48,,23160,18,,,1,7,,23166,18,,,1,7,,23173,18,,,1,6,,23181,18,,,1,7,,23189,18,,,1,7,,23194,18,,,1,7,,23199,18,,,1,7,,23067,18,,,1,7,,23075,18,,,1,46,,23078,18,,,1,7,,23085,18,,,1,7,,23092,18,,,1,7,,23100,18,,,1,7,,23108,18,,,1,7,,23116,18,,,1,6,,23124,18,,,1,7,,23129,18,,,1,47,,23134,18,,,1,7,,23145,18,,,1,7,,23152,18,,,1,7,,23161,18,,,1,7,,23167,18,,,1,6,,23174,18,,,1,7,,23182,18,,,1,7,,23190,18,,,1,7,,23195,18,,,1,47,,23200,18,,,1,7,,23068,18,,,1,6,,23076,18,,,1,7,,23079,18,,,1,7,,23086,18,,,1,8,,23093,18,,,1,7,,23101,18,,,1,7,,23109,18,,,1,8,,23117,18,,,1,47,,23125,18,,,1,7,,23130,18,,,1,8,,23135,18,,,1,7,,23146,18,,,1,7,,23153,18,,,1,8,,23162,18,,,1,7,,23168,18,,,1,7,,23175,18,,,1,48,,23183,18,,,1,7,,23196,18,,,1,8,,23201,18,,,1,8,,23069,18,,,1,8,,23077,18,,,1,8,,23080,18,,,1,7,,23087,18,,,1,8,,23094,18,,,1,48,,23102,18,,,1,8,,23110,18,,,1,7,,23118,18,,,1,8,,23131,18,,,1,8,,23136,18,,,1,8,,23147,18,,,1,8,,23154,18,,,1,47,,23163,18,,,1,8,,23169,18,,,1,8,,23176,18,,,1,9,,23184,18,,,1,8,,23197,18,,,1,9,,23202,18,,,1,8,,23070,18,,,1,49,,23081,18,,,1,8,,23088,18,,,1,9,,23095,18,,,1,9,,23103,18,,,1,8,,23111,18,,,1,9,,23119,18,,,1,9,,23132,18,,,1,49,,23137,18,,,1,9,,23148,18,,,1,9,,23155,18,,,1,10,,23164,18,,,1,10,,23177,18,,,1,10,,23185,18,,,1,10,,23198,18,,,1,50,,23203,18,,,1,10,,23071,18,,,1,10,,23082,18,,,1,10,,23096,18,,,1,10,,23104,18,,,1,10,,23112,18,,,1,50,,23120,18,,,1,10,,23133,18,,,1,10,,23138,18,,,1,10,,23149,18,,,1,10,,23156,18,,,1,54,,23165,18,,,1
201,'GLOBAUX-01-S',549,,23391,18,,,1,6,,23405,18,,,1,46,,23411,18,,,1,6,,23418,18,,,1,6,,23424,18,,,1,6,,23204,18,,,1,7,,23206,18,,,1,6,,23224,18,,,1,6,,23226,18,,,1,5,,23238,18,,,1,5,,23243,18,,,1,5,,23251,18,,,1,5,,23276,18,,,1,44,,23277,18,,,1,4,,23279,18,,,1,4,,23288,18,,,1,4,,23297,18,,,1,4,,23305,18,,,1,3,,23308,18,,,1,4,,23313,18,,,1,4,,23322,18,,,1,3,,23327,18,,,1,3,,23331,18,,,1,3,,23339,18,,,1,3,,23344,18,,,1,3,,23346,18,,,1,3,,23351,18,,,1,3,,23366,18,,,1,3,,23375,15,,,1,3,,23383,18,,,1,3,,23384,18,,,1,43,,23385,15,,,1,3,,23390,18,,,1,3,,23392,18,,,1,3,,23394,18,,,1,3,,23401,15,,,1,3,,23406,18,,,1,3,,23412,18,,,1,3,,23417,18,,,1,2,,23419,18,,,1,4,,23425,18,,,1,2,,23434,18,,,1,3,,23442,15,,,1,3,,23205,18,,,1,3,,23207,18,,,1,3,,23216,18,,,1,3,,23225,18,,,1,3,,23227,18,,,1,2,,23234,15,,,1,3,,23235,18,,,1,3,,23239,18,,,1,43,,23244,18,,,1,3,,23252,18,,,1,3,,23259,18,,,1,3,,23260,18,,,1,2,,23271,18,,,1,4,,23278,18,,,1,3,,23280,18,,,1,3,,23289,18,,,1,4,,23298,18,,,1,3,,23306,18,,,1,4,,23309,18,,,1,3,,23314,18,,,1,4,,23318,18,,,1,4,,23323,18,,,1,3,,23328,18,,,1,4,,23332,18,,,1,4,,23340,18,,,1,5,,23345,18,,,1,45,,23352,18,,,1,5,,23367,18,,,1,5,,23376,18,,,1,5,,23386,18,,,1,5,,23395,18,,,1,6,,23407,18,,,1,6,,23413,18,,,1,6,,23426,18,,,1,6,,23435,18,,,1,6,,23208,18,,,1,46,,23217,18,,,1,6,,23228,18,,,1,6,,23240,18,,,1,6,,23253,18,,,1,6,,23261,18,,,1,6,,23272,18,,,1,6,,23281,18,,,1,6,,23290,18,,,1,6,,23299,18,,,1,6,,23310,18,,,1,46,,23319,18,,,1,6,,23324,18,,,1,6,,23333,18,,,1,6,,23341,18,,,1,6,,23353,18,,,1,6,,23368,18,,,1,6,,23377,18,,,1,6,,23387,18,,,1,6,,23396,18,,,1,6,,23408,18,,,1,46,,23414,18,,,1,6,,23427,18,,,1,6,,23436,18,,,1,6,,23209,18,,,1,6,,23218,18,,,1,6,,23229,18,,,1,6,,23241,18,,,1,6,,23254,18,,,1,6,,23262,18,,,1,6,,23273,18,,,1,46,,23282,18,,,1,6,,23291,18,,,1,6,,23300,18,,,1,6,,23311,18,,,1,6,,23320,18,,,1,6,,23325,18,,,1,6,,23334,18,,,1,6,,23342,18,,,1,6,,23354,18,,,1,6,,23369,18,,,1,46,,23378,18,,,1,6,,23388,18,,,1,6,,23397,18,,,1,6,,23409,18,,,1,5,,23415,18,,,1,5,,23428,18,,,1,5,,23437,18,,,1,5,,23210,18,,,1,5,,23212,18,,,1,5,,23219,18,,,1,4,,23230,18,,,1,4,,23236,18,,,1,3,,23242,18,,,1,43,,23248,18,,,1,4,,23255,18,,,1,3,,23263,18,,,1,3,,23267,18,,,1,4,,23274,18,,,1,3,,23283,18,,,1,3,,23284,18,,,1,3,,23292,18,,,1,4,,23296,18,,,1,3,,23301,18,,,1,3,,23307,18,,,1,3,,23312,18,,,1,4,,23315,18,,,1,3,,23321,18,,,1,3,,23326,18,,,1,3,,23329,18,,,1,3,,23335,18,,,1,4,,23343,18,,,1,43,,23347,18,,,1,3,,23355,18,,,1,3,,23358,18,,,1,3,,23362,18,,,1,4,,23370,18,,,1,3,,23374,18,,,1,3,,23379,18,,,1,3,,23389,18,,,1,3,,23393,18,,,1,3,,23398,18,,,1,3,,23402,18,,,1,4,,23410,18,,,1,3,,23416,18,,,1,3,,23420,18,,,1,3,,23429,18,,,1,4,,23430,18,,,1,3,,23438,18,,,1,4,,23211,18,,,1,44,,23213,18,,,1,3,,23220,18,,,1,4,,23231,18,,,1,4,,23237,18,,,1,4,,23245,18,,,1,4,,23249,18,,,1,4,,23256,18,,,1,5,,23264,18,,,1,4,,23268,18,,,1,5,,23275,18,,,1,5,,23285,18,,,1,4,,23293,18,,,1,5,,23302,18,,,1,5,,23316,18,,,1,45,,23330,18,,,1,5,,23336,18,,,1,5,,23348,18,,,1,5,,23356,18,,,1,5,,23359,18,,,1,5,,23363,18,,,1,6,,23371,18,,,1,6,,23380,18,,,1,6,,23399,18,,,1,6,,23403,18,,,1,6,,23421,18,,,1,46,,23431,18,,,1,6,,23439,18,,,1,6,,23214,18,,,1,6,,23221,18,,,1,6,,23232,18,,,1,6,,23246,18,,,1,6,,23250,18,,,1,6,,23257,18,,,1,6,,23265,18,,,1,6,,23269,18,,,1,46,,23286,18,,,1,6,,23294,18,,,1,6,,23303,18,,,1,6,,23317,18,,,1,6,,23337,18,,,1,6,,23349,18,,,1,6,,23357,18,,,1,6,,23360,18,,,1,6,,23364,18,,,1,6,,23372,18,,,1,46,,23381,18,,,1,6,,23400,18,,,1,6,,23404,18,,,1,6,,23422,18,,,1,6,,23432,18,,,1,6,,23440,18,,,1,6,,23215,18,,,1,6,,23222,18,,,1,6,,23233,18,,,1,7,,23247,18,,,1,47,,23258,18,,,1,7,,23266,18,,,1,7,,23270,18,,,1,7,,23287,18,,,1,7,,23295,18,,,1,7,,23304,18,,,1,7,,23338,18,,,1,8,,23350,18,,,1,48,,23361,18,,,1,8,,23365,18,,,1,8,,23373,18,,,1,8,,23382,18,,,1,8,,23423,18,,,1,8,,23433,18,,,1,8,,23441,18,,,1,52,,23223,18,,,1
