500,'GLOBAUX-01-A',540,,24707,9,,,1,10,,24725,9,,,1,50,,24743,9,,,1,10,,24760,9,,,1,10,,24777,9,,,1,10,,24805,9,,,1,10,,24822,9,,,1,10,,24708,9,,,1,51,,24726,9,,,1,10,,24744,9,,,1,10,,24761,9,,,1,10,,24778,9,,,1,10,,24806,9,,,1,10,,24823,9,,,1,50,,24709,9,,,1,10,,24727,9,,,1,10,,24745,9,,,1,10,,24762,9,,,1,10,,24779,9,,,1,10,,24807,9,,,1,50,,24824,9,,,1,10,,24710,9,,,1,10,,24728,9,,,1,10,,24746,9,,,1,10,,24763,9,,,1,8,,24780,9,,,1,9,,24794,9,,,1,48,,24808,9,,,1,9,,24825,9,,,1,8,,24711,9,,,1,9,,24729,9,,,1,8,,24747,9,,,1,9,,24764,9,,,1,8,,24781,9,,,1,49,,24795,9,,,1,8,,24809,9,,,1,9,,24826,9,,,1,8,,24712,9,,,1,9,,24730,9,,,1,8,,24748,9,,,1,9,,24765,9,,,1,48,,24782,9,,,1,9,,24796,9,,,1,8,,24810,9,,,1,9,,24827,9,,,1,8,,24713,9,,,1,9,,24731,9,,,1,8,,24749,9,,,1,49,,24766,9,,,1,8,,24783,9,,,1,9,,24797,9,,,1,8,,24811,9,,,1,9,,24828,9,,,1,8,,24714,9,,,1,9,,24732,9,,,1,48,,24750,9,,,1,9,,24767,9,,,1,8,,24784,9,,,1,9,,24798,9,,,1,8,,24812,9,,,1,9,,24829,9,,,1,8,,24715,9,,,1,49,,24733,9,,,1,8,,24751,9,,,1,9,,24768,9,,,1,8,,24785,9,,,1,9,,24799,9,,,1,8,,24813,9,,,1,9,,24830,9,,,1,49,,24716,9,,,1,8,,24734,9,,,1,9,,24752,9,,,1,8,,24769,9,,,1,9,,24786,9,,,1,8,,24800,9,,,1,9,,24814,9,,,1,48,,24831,9,,,1,9,,24717,9,,,1,8,,24735,9,,,1,9,,24753,9,,,1,8,,24770,9,,,1,9,,24787,9,,,1,8,,24801,9,,,1,49,,24815,9,,,1,8,,24832,9,,,1,9,,24718,9,,,1,8,,24736,9,,,1,8,,24754,9,,,1,9,,24771,9,,,1,8,,24788,9,,,1,49,,24802,9,,,1,8,,24816,9,,,1,9,,24833,9,,,1,8,,24719,9,,,1,9,,24737,9,,,1,8,,24755,9,,,1,9,,24772,9,,,1,48,,24789,9,,,1,9,,24803,9,,,1,8,,24817,9,,,1,9,,24834,9,,,1,8,,24720,9,,,1,9,,24738,9,,,1,8,,24756,9,,,1,49,,24773,9,,,1,8,,24790,9,,,1,9,,24804,9,,,1,8,,24818,9,,,1,10,,24835,9,,,1,10,,24721,9,,,1,10,,24739,9,,,1,50,,24757,9,,,1,10,,24774,9,,,1,10,,24791,9,,,1,10,,24819,9,,,1,10,,24836,9,,,1,10,,24722,9,,,1,50,,24740,9,,,1,10,,24758,9,,,1,10,,24775,9,,,1,10,,24792,9,,,1,10,,24820,9,,,1,10,,24837,9,,,1,50,,24723,9,,,1,10,,24741,9,,,1,10,,24759,9,,,1,10,,24776,9,,,1,10,,24793,9,,,1,10,,24821,9,,,1,50,,24838,9,,,1,10,,24724,9,,,1,10,,24742,9,,,1
500,'GLOBAUX-01-F1',540,,24839,9,,,1,10,,24856,9,,,1,50,,24873,9,,,1,10,,24890,9,,,1,10,,24907,9,,,1,10,,24938,9,,,1,10,,24951,9,,,1,10,,24840,9,,,1,50,,24857,9,,,1,11,,24874,9,,,1,10,,24891,9,,,1,10,,24908,9,,,1,10,,24939,9,,,1,10,,24952,9,,,1,50,,24841,9,,,1,10,,24858,9,,,1,10,,24875,9,,,1,10,,24892,9,,,1,10,,24909,9,,,1,10,,24940,9,,,1,50,,24953,9,,,1,10,,24842,9,,,1,10,,24859,9,,,1,10,,24876,9,,,1,10,,24893,9,,,1,8,,24910,9,,,1,9,,24924,9,,,1,48,,24941,9,,,1,9,,24954,9,,,1,8,,24843,9,,,1,9,,24860,9,,,1,8,,24877,9,,,1,9,,24894,9,,,1,8,,24911,9,,,1,49,,24925,9,,,1,8,,24942,9,,,1,9,,24955,9,,,1,8,,24844,9,,,1,9,,24861,9,,,1,8,,24878,9,,,1,9,,24895,9,,,1,48,,24912,9,,,1,9,,24926,9,,,1,8,,24943,9,,,1,9,,24956,9,,,1,8,,24845,9,,,1,9,,24862,9,,,1,8,,24879,9,,,1,49,,24896,9,,,1,8,,24913,9,,,1,9,,24927,9,,,1,8,,24944,9,,,1,9,,24957,9,,,1,8,,24846,9,,,1,9,,24863,9,,,1,48,,24880,9,,,1,9,,24897,9,,,1,8,,24914,9,,,1,9,,24928,9,,,1,8,,24945,9,,,1,9,,24958,9,,,1,8,,24847,9,,,1,49,,24864,9,,,1,8,,24881,9,,,1,9,,24898,9,,,1,8,,24915,9,,,1,9,,24929,9,,,1,8,,24946,9,,,1,9,,24959,9,,,1,48,,24848,9,,,1,9,,24865,9,,,1,8,,24882,9,,,1,9,,24899,9,,,1,8,,24916,9,,,1,9,,24930,9,,,1,8,,24947,9,,,1,49,,24960,9,,,1,8,,24849,9,,,1,9,,24866,9,,,1,8,,24883,9,,,1,9,,24900,9,,,1,8,,24917,9,,,1,9,,24931,9,,,1,48,,24948,9,,,1,9,,24961,9,,,1,8,,24850,9,,,1,9,,24867,9,,,1,8,,24884,9,,,1,9,,24901,9,,,1,8,,24918,9,,,1,49,,24932,9,,,1,8,,24949,9,,,1,9,,24962,9,,,1,8,,24851,9,,,1,9,,24868,9,,,1,8,,24885,9,,,1,9,,24902,9,,,1,48,,24919,9,,,1,9,,24933,9,,,1,8,,24950,9,,,1,9,,24963,9,,,1,9,,24852,9,,,1,10,,24869,9,,,1,10,,24886,9,,,1,50,,24903,9,,,1,10,,24920,9,,,1,10,,24934,9,,,1,10,,24964,9,,,1,10,,24853,9,,,1,10,,24870,9,,,1,50,,24887,9,,,1,10,,24904,9,,,1,10,,24921,9,,,1,10,,24935,9,,,1,10,,24965,9,,,1,9,,24854,9,,,1,50,,24871,9,,,1,10,,24888,9,,,1,10,,24905,9,,,1,10,,24922,9,,,1,10,,24936,9,,,1,10,,24966,9,,,1,50,,24855,9,,,1,10,,24872,9,,,1,10,,24889,9,,,1,10,,24906,9,,,1,10,,24923,9,,,1,10,,24937,9,,,1
500,'GLOBAUX-01-F2',540,,24967,9,,,1,10,,24984,9,,,1,50,,25001,9,,,1,10,,25018,9,,,1,10,,25035,9,,,1,10,,25066,9,,,1,10,,25079,9,,,1,10,,24968,9,,,1,50,,24985,9,,,1,11,,25002,9,,,1,10,,25019,9,,,1,10,,25036,9,,,1,10,,25067,9,,,1,10,,25080,9,,,1,50,,24969,9,,,1,10,,24986,9,,,1,10,,25003,9,,,1,10,,25020,9,,,1,10,,25037,9,,,1,10,,25068,9,,,1,50,,25081,9,,,1,10,,24970,9,,,1,10,,24987,9,,,1,10,,25004,9,,,1,10,,25021,9,,,1,8,,25038,9,,,1,9,,25052,9,,,1,48,,25069,9,,,1,9,,25082,9,,,1,8,,24971,9,,,1,9,,24988,9,,,1,8,,25005,9,,,1,9,,25022,9,,,1,8,,25039,9,,,1,49,,25053,9,,,1,8,,25070,9,,,1,9,,25083,9,,,1,8,,24972,9,,,1,9,,24989,9,,,1,8,,25006,9,,,1,9,,25023,9,,,1,48,,25040,9,,,1,9,,25054,9,,,1,8,,25071,9,,,1,9,,25084,9,,,1,8,,24973,9,,,1,9,,24990,9,,,1,8,,25007,9,,,1,49,,25024,9,,,1,8,,25041,9,,,1,9,,25055,9,,,1,8,,25072,9,,,1,9,,25085,9,,,1,8,,24974,9,,,1,9,,24991,9,,,1,48,,25008,9,,,1,9,,25025,9,,,1,8,,25042,9,,,1,9,,25056,9,,,1,8,,25073,9,,,1,9,,25086,9,,,1,8,,24975,9,,,1,49,,24992,9,,,1,8,,25009,9,,,1,9,,25026,9,,,1,8,,25043,9,,,1,9,,25057,9,,,1,8,,25074,9,,,1,9,,25087,9,,,1,48,,24976,9,,,1,9,,24993,9,,,1,8,,25010,9,,,1,9,,25027,9,,,1,8,,25044,9,,,1,9,,25058,9,,,1,8,,25075,9,,,1,49,,25088,9,,,1,8,,24977,9,,,1,9,,24994,9,,,1,8,,25011,9,,,1,9,,25028,9,,,1,8,,25045,9,,,1,9,,25059,9,,,1,48,,25076,9,,,1,9,,25089,9,,,1,8,,24978,9,,,1,9,,24995,9,,,1,8,,25012,9,,,1,9,,25029,9,,,1,8,,25046,9,,,1,49,,25060,9,,,1,8,,25077,9,,,1,9,,25090,9,,,1,8,,24979,9,,,1,9,,24996,9,,,1,8,,25013,9,,,1,9,,25030,9,,,1,48,,25047,9,,,1,9,,25061,9,,,1,8,,25078,9,,,1,9,,25091,9,,,1,9,,24980,9,,,1,10,,24997,9,,,1,10,,25014,9,,,1,50,,25031,9,,,1,10,,25048,9,,,1,10,,25062,9,,,1,10,,25092,9,,,1,10,,24981,9,,,1,10,,24998,9,,,1,50,,25015,9,,,1,10,,25032,9,,,1,10,,25049,9,,,1,10,,25063,9,,,1,10,,25093,9,,,1,9,,24982,9,,,1,50,,24999,9,,,1,10,,25016,9,,,1,10,,25033,9,,,1,10,,25050,9,,,1,10,,25064,9,,,1,10,,25094,9,,,1,50,,24983,9,,,1,10,,25000,9,,,1,10,,25017,9,,,1,10,,25034,9,,,1,10,,25051,9,,,1,10,,25065,9,,,1
500,'GLOBAUX-01-I',540,,25095,9,,,1,10,,25112,9,,,1,50,,25129,9,,,1,10,,25146,9,,,1,10,,25163,9,,,1,10,,25194,9,,,1,10,,25207,9,,,1,10,,25096,9,,,1,50,,25113,9,,,1,11,,25130,9,,,1,10,,25147,9,,,1,10,,25164,9,,,1,10,,25195,9,,,1,10,,25208,9,,,1,50,,25097,9,,,1,10,,25114,9,,,1,10,,25131,9,,,1,10,,25148,9,,,1,10,,25165,9,,,1,10,,25196,9,,,1,50,,25209,9,,,1,10,,25098,9,,,1,10,,25115,9,,,1,10,,25132,9,,,1,10,,25149,9,,,1,8,,25166,9,,,1,9,,25180,9,,,1,48,,25197,9,,,1,9,,25210,9,,,1,8,,25099,9,,,1,9,,25116,9,,,1,8,,25133,9,,,1,9,,25150,9,,,1,8,,25167,9,,,1,49,,25181,9,,,1,8,,25198,9,,,1,9,,25211,9,,,1,8,,25100,9,,,1,9,,25117,9,,,1,8,,25134,9,,,1,9,,25151,9,,,1,48,,25168,9,,,1,9,,25182,9,,,1,8,,25199,9,,,1,9,,25212,9,,,1,8,,25101,9,,,1,9,,25118,9,,,1,8,,25135,9,,,1,49,,25152,9,,,1,8,,25169,9,,,1,9,,25183,9,,,1,8,,25200,9,,,1,9,,25213,9,,,1,8,,25102,9,,,1,9,,25119,9,,,1,48,,25136,9,,,1,9,,25153,9,,,1,8,,25170,9,,,1,9,,25184,9,,,1,8,,25201,9,,,1,9,,25214,9,,,1,8,,25103,9,,,1,49,,25120,9,,,1,8,,25137,9,,,1,9,,25154,9,,,1,8,,25171,9,,,1,9,,25185,9,,,1,8,,25202,9,,,1,9,,25215,9,,,1,48,,25104,9,,,1,9,,25121,9,,,1,8,,25138,9,,,1,9,,25155,9,,,1,8,,25172,9,,,1,9,,25186,9,,,1,8,,25203,9,,,1,49,,25216,9,,,1,8,,25105,9,,,1,9,,25122,9,,,1,8,,25139,9,,,1,9,,25156,9,,,1,8,,25173,9,,,1,9,,25187,9,,,1,48,,25204,9,,,1,9,,25217,9,,,1,8,,25106,9,,,1,9,,25123,9,,,1,8,,25140,9,,,1,9,,25157,9,,,1,8,,25174,9,,,1,49,,25188,9,,,1,8,,25205,9,,,1,9,,25218,9,,,1,8,,25107,9,,,1,9,,25124,9,,,1,8,,25141,9,,,1,9,,25158,9,,,1,48,,25175,9,,,1,9,,25189,9,,,1,8,,25206,9,,,1,9,,25219,9,,,1,9,,25108,9,,,1,10,,25125,9,,,1,10,,25142,9,,,1,50,,25159,9,,,1,10,,25176,9,,,1,10,,25190,9,,,1,10,,25220,9,,,1,10,,25109,9,,,1,10,,25126,9,,,1,50,,25143,9,,,1,10,,25160,9,,,1,10,,25177,9,,,1,10,,25191,9,,,1,10,,25221,9,,,1,9,,25110,9,,,1,50,,25127,9,,,1,10,,25144,9,,,1,10,,25161,9,,,1,10,,25178,9,,,1,10,,25192,9,,,1,10,,25222,9,,,1,50,,25111,9,,,1,10,,25128,9,,,1,10,,25145,9,,,1,10,,25162,9,,,1,10,,25179,9,,,1,10,,25193,9,,,1
500,'GLOBAUX-01-S',540,,25223,9,,,1,8,,25235,9,,,1,8,,25239,9,,,1,48,,25263,9,,,1,8,,25301,9,,,1,7,,25328,9,,,1,5,,25345,9,,,1,6,,25348,9,,,1,5,,25375,9,,,1,4,,25386,9,,,1,5,,25389,9,,,1,4,,25401,9,,,1,5,,25224,9,,,1,4,,25236,9,,,1,45,,25240,9,,,1,4,,25264,9,,,1,5,,25281,9,,,1,4,,25284,9,,,1,5,,25302,9,,,1,4,,25309,9,,,1,5,,25329,9,,,1,4,,25346,9,,,1,5,,25349,9,,,1,5,,25376,9,,,1,4,,25387,9,,,1,5,,25390,9,,,1,4,,25402,9,,,1,45,,25225,9,,,1,4,,25237,9,,,1,5,,25241,9,,,1,3,,25265,9,,,1,4,,25282,9,,,1,3,,25285,9,,,1,4,,25303,9,,,1,3,,25304,9,,,1,4,,25310,9,,,1,3,,25330,9,,,1,4,,25347,9,,,1,3,,25350,9,,,1,5,,25360,9,,,1,4,,25377,9,,,1,5,,25388,9,,,1,4,,25391,9,,,1,44,,25403,9,,,1,5,,25226,9,,,1,4,,25238,9,,,1,5,,25242,9,,,1,4,,25266,9,,,1,5,,25283,9,,,1,4,,25286,9,,,1,5,,25305,9,,,1,4,,25311,9,,,1,7,,25331,9,,,1,7,,25361,9,,,1,48,,25378,9,,,1,7,,25404,9,,,1,7,,25227,9,,,1,7,,25243,9,,,1,8,,25267,9,,,1,7,,25287,9,,,1,7,,25312,9,,,1,7,,25332,9,,,1,8,,25362,9,,,1,47,,25379,9,,,1,7,,25405,9,,,1,7,,25228,9,,,1,8,,25244,9,,,1,7,,25268,9,,,1,7,,25288,9,,,1,8,,25313,9,,,1,7,,25333,9,,,1,47,,25363,9,,,1,7,,25380,9,,,1,8,,25406,9,,,1,7,,25229,9,,,1,7,,25245,9,,,1,7,,25269,9,,,1,8,,25289,9,,,1,7,,25314,9,,,1,47,,25334,9,,,1,7,,25364,9,,,1,8,,25381,9,,,1,7,,25407,9,,,1,7,,25230,9,,,1,7,,25246,9,,,1,8,,25270,9,,,1,7,,25290,9,,,1,47,,25315,9,,,1,7,,25335,9,,,1,7,,25365,9,,,1,8,,25382,9,,,1,7,,25408,9,,,1,7,,25231,9,,,1,8,,25247,9,,,1,7,,25271,9,,,1,7,,25291,9,,,1,47,,25316,9,,,1,6,,25336,9,,,1,6,,25351,9,,,1,5,,25366,9,,,1,6,,25383,9,,,1,5,,25392,9,,,1,5,,25409,9,,,1,5,,25232,9,,,1,5,,25248,9,,,1,4,,25257,9,,,1,5,,25272,9,,,1,45,,25292,9,,,1,5,,25306,9,,,1,5,,25317,9,,,1,5,,25325,9,,,1,4,,25337,9,,,1,5,,25352,9,,,1,5,,25367,9,,,1,5,,25384,9,,,1,5,,25393,9,,,1,5,,25410,9,,,1,4,,25233,9,,,1,5,,25249,9,,,1,45,,25258,9,,,1,5,,25273,9,,,1,5,,25293,9,,,1,5,,25307,9,,,1,4,,25318,9,,,1,5,,25326,9,,,1,5,,25338,9,,,1,5,,25353,9,,,1,5,,25368,9,,,1,4,,25385,9,,,1,5,,25394,9,,,1,5,,25411,9,,,1,5,,25234,9,,,1,45,,25250,9,,,1,5,,25259,9,,,1,5,,25274,9,,,1,5,,25294,9,,,1,6,,25308,9,,,1,5,,25319,9,,,1,7,,25327,9,,,1,6,,25339,9,,,1,6,,25354,9,,,1,7,,25369,9,,,1,46,,25395,9,,,1,7,,25412,9,,,1,6,,25251,9,,,1,7,,25260,9,,,1,6,,25275,9,,,1,7,,25295,9,,,1,6,,25320,9,,,1,7,,25340,9,,,1,6,,25355,9,,,1,47,,25370,9,,,1,6,,25396,9,,,1,7,,25413,9,,,1,6,,25252,9,,,1,7,,25261,9,,,1,6,,25276,9,,,1,7,,25296,9,,,1,6,,25321,9,,,1,7,,25341,9,,,1,6,,25356,9,,,1,47,,25371,9,,,1,6,,25397,9,,,1,7,,25414,9,,,1,6,,25253,9,,,1,7,,25262,9,,,1,6,,25277,9,,,1,7,,25297,9,,,1,6,,25322,9,,,1,7,,25342,9,,,1,46,,25357,9,,,1,7,,25372,9,,,1,6,,25398,9,,,1,7,,25415,9,,,1,6,,25254,9,,,1,8,,25278,9,,,1,8,,25298,9,,,1,8,,25323,9,,,1,48,,25343,9,,,1,8,,25358,9,,,1,8,,25373,9,,,1,8,,25399,9,,,1,8,,25255,9,,,1,8,,25279,9,,,1,8,,25299,9,,,1,8,,25324,9,,,1,48,,25344,9,,,1,8,,25359,9,,,1,8,,25374,9,,,1,8,,25400,9,,,1,8,,25256,9,,,1,9,,25280,9,,,1,10,,25300,9,,,1
501,'GLOBAUX-01-A',533,,25484,4,,,1,10,,25513,4,,,1,10,,25531,4,,,1,50,,25416,4,,,1,10,,25433,4,,,1,10,,25450,4,,,1,10,,25467,4,,,1,10,,25485,4,,,1,11,,25514,4,,,1,50,,25532,4,,,1,10,,25417,4,,,1,10,,25434,4,,,1,10,,25451,4,,,1,10,,25468,4,,,1,10,,25486,4,,,1,50,,25515,4,,,1,10,,25533,4,,,1,10,,25418,4,,,1,10,,25435,4,,,1,10,,25452,4,,,1,10,,25469,4,,,1,48,,25487,4,,,1,9,,25502,4,,,1,8,,25516,4,,,1,9,,25534,4,,,1,8,,25419,4,,,1,9,,25436,4,,,1,8,,25453,4,,,1,49,,25470,4,,,1,8,,25488,4,,,1,9,,25503,4,,,1,8,,25517,4,,,1,9,,25535,4,,,1,8,,25420,4,,,1,9,,25437,4,,,1,48,,25454,4,,,1,9,,25471,4,,,1,8,,25489,4,,,1,9,,25504,4,,,1,8,,25518,4,,,1,9,,25536,4,,,1,8,,25421,4,,,1,49,,25438,4,,,1,8,,25455,4,,,1,9,,25472,4,,,1,8,,25490,4,,,1,9,,25505,4,,,1,8,,25519,4,,,1,9,,25537,4,,,1,48,,25422,4,,,1,9,,25439,4,,,1,8,,25456,4,,,1,9,,25473,4,,,1,8,,25491,4,,,1,9,,25506,4,,,1,8,,25520,4,,,1,49,,25538,4,,,1,8,,25423,4,,,1,9,,25440,4,,,1,8,,25457,4,,,1,9,,25474,4,,,1,8,,25492,4,,,1,9,,25507,4,,,1,8,,25521,4,,,1,49,,25539,4,,,1,8,,25424,4,,,1,9,,25441,4,,,1,8,,25458,4,,,1,9,,25475,4,,,1,9,,25493,4,,,1,8,,25508,4,,,1,49,,25522,4,,,1,8,,25540,4,,,1,9,,25425,4,,,1,8,,25442,4,,,1,9,,25459,4,,,1,8,,25476,4,,,1,9,,25494,4,,,1,48,,25509,4,,,1,9,,25523,4,,,1,8,,25541,4,,,1,9,,25426,4,,,1,8,,25443,4,,,1,9,,25460,4,,,1,8,,25477,4,,,1,49,,25495,4,,,1,8,,25510,4,,,1,9,,25524,4,,,1,8,,25542,4,,,1,8,,25427,4,,,1,9,,25444,4,,,1,8,,25461,4,,,1,49,,25478,4,,,1,8,,25496,4,,,1,9,,25511,4,,,1,8,,25525,4,,,1,9,,25543,4,,,1,8,,25428,4,,,1,9,,25445,4,,,1,48,,25462,4,,,1,9,,25479,4,,,1,8,,25497,4,,,1,9,,25512,4,,,1,8,,25526,4,,,1,10,,25544,4,,,1,10,,25429,4,,,1,50,,25446,4,,,1,10,,25463,4,,,1,10,,25480,4,,,1,10,,25498,4,,,1,10,,25527,4,,,1,10,,25545,4,,,1,50,,25430,4,,,1,10,,25447,4,,,1,10,,25464,4,,,1,10,,25481,4,,,1,10,,25499,4,,,1,10,,25528,4,,,1,50,,25546,4,,,1,10,,25431,4,,,1,10,,25448,4,,,1,10,,25465,4,,,1,10,,25482,4,,,1,10,,25500,4,,,1,50,,25529,4,,,1,10,,25547,4,,,1,10,,25432,4,,,1,10,,25449,4,,,1,10,,25466,4,,,1,10,,25483,4,,,1,50,,25501,4,,,1,10,,25530,4,,,1
501,'GLOBAUX-01-F1',533,,25615,4,,,1,10,,25646,4,,,1,10,,25659,4,,,1,50,,25548,4,,,1,10,,25565,4,,,1,10,,25582,4,,,1,10,,25599,4,,,1,10,,25616,4,,,1,10,,25647,4,,,1,51,,25660,4,,,1,10,,25549,4,,,1,10,,25566,4,,,1,10,,25583,4,,,1,10,,25600,4,,,1,10,,25617,4,,,1,50,,25648,4,,,1,10,,25661,4,,,1,10,,25550,4,,,1,10,,25567,4,,,1,10,,25584,4,,,1,10,,25601,4,,,1,48,,25618,4,,,1,9,,25632,4,,,1,8,,25649,4,,,1,9,,25662,4,,,1,8,,25551,4,,,1,9,,25568,4,,,1,8,,25585,4,,,1,49,,25602,4,,,1,8,,25619,4,,,1,9,,25633,4,,,1,8,,25650,4,,,1,9,,25663,4,,,1,8,,25552,4,,,1,9,,25569,4,,,1,48,,25586,4,,,1,9,,25603,4,,,1,8,,25620,4,,,1,9,,25634,4,,,1,8,,25651,4,,,1,9,,25664,4,,,1,8,,25553,4,,,1,49,,25570,4,,,1,8,,25587,4,,,1,9,,25604,4,,,1,8,,25621,4,,,1,9,,25635,4,,,1,8,,25652,4,,,1,9,,25665,4,,,1,48,,25554,4,,,1,9,,25571,4,,,1,8,,25588,4,,,1,9,,25605,4,,,1,8,,25622,4,,,1,9,,25636,4,,,1,8,,25653,4,,,1,49,,25666,4,,,1,8,,25555,4,,,1,9,,25572,4,,,1,8,,25589,4,,,1,9,,25606,4,,,1,8,,25623,4,,,1,9,,25637,4,,,1,8,,25654,4,,,1,49,,25667,4,,,1,8,,25556,4,,,1,9,,25573,4,,,1,8,,25590,4,,,1,9,,25607,4,,,1,8,,25624,4,,,1,9,,25638,4,,,1,48,,25655,4,,,1,9,,25668,4,,,1,8,,25557,4,,,1,9,,25574,4,,,1,8,,25591,4,,,1,9,,25608,4,,,1,8,,25625,4,,,1,49,,25639,4,,,1,8,,25656,4,,,1,9,,25669,4,,,1,8,,25558,4,,,1,9,,25575,4,,,1,8,,25592,4,,,1,9,,25609,4,,,1,48,,25626,4,,,1,9,,25640,4,,,1,8,,25657,4,,,1,9,,25670,4,,,1,8,,25559,4,,,1,9,,25576,4,,,1,8,,25593,4,,,1,49,,25610,4,,,1,8,,25627,4,,,1,9,,25641,4,,,1,8,,25658,4,,,1,9,,25671,4,,,1,9,,25560,4,,,1,10,,25577,4,,,1,50,,25594,4,,,1,10,,25611,4,,,1,10,,25628,4,,,1,10,,25642,4,,,1,10,,25672,4,,,1,10,,25561,4,,,1,50,,25578,4,,,1,10,,25595,4,,,1,10,,25612,4,,,1,10,,25629,4,,,1,10,,25643,4,,,1,10,,25673,4,,,1,50,,25562,4,,,1,9,,25579,4,,,1,10,,25596,4,,,1,10,,25613,4,,,1,10,,25630,4,,,1,10,,25644,4,,,1,50,,25674,4,,,1,10,,25563,4,,,1,10,,25580,4,,,1,10,,25597,4,,,1,10,,25614,4,,,1,10,,25631,4,,,1,50,,25645,4,,,1,10,,25675,4,,,1,10,,25564,4,,,1,10,,25581,4,,,1,10,,25598,4,,,1
501,'GLOBAUX-01-F2',533,,25743,4,,,1,10,,25774,4,,,1,10,,25787,4,,,1,50,,25676,4,,,1,10,,25693,4,,,1,10,,25710,4,,,1,10,,25727,4,,,1,10,,25744,4,,,1,10,,25775,4,,,1,51,,25788,4,,,1,10,,25677,4,,,1,10,,25694,4,,,1,10,,25711,4,,,1,10,,25728,4,,,1,10,,25745,4,,,1,50,,25776,4,,,1,10,,25789,4,,,1,10,,25678,4,,,1,10,,25695,4,,,1,10,,25712,4,,,1,10,,25729,4,,,1,48,,25746,4,,,1,9,,25760,4,,,1,8,,25777,4,,,1,9,,25790,4,,,1,8,,25679,4,,,1,9,,25696,4,,,1,8,,25713,4,,,1,49,,25730,4,,,1,8,,25747,4,,,1,9,,25761,4,,,1,8,,25778,4,,,1,9,,25791,4,,,1,8,,25680,4,,,1,9,,25697,4,,,1,48,,25714,4,,,1,9,,25731,4,,,1,8,,25748,4,,,1,9,,25762,4,,,1,8,,25779,4,,,1,9,,25792,4,,,1,8,,25681,4,,,1,49,,25698,4,,,1,8,,25715,4,,,1,9,,25732,4,,,1,8,,25749,4,,,1,9,,25763,4,,,1,8,,25780,4,,,1,9,,25793,4,,,1,48,,25682,4,,,1,9,,25699,4,,,1,8,,25716,4,,,1,9,,25733,4,,,1,8,,25750,4,,,1,9,,25764,4,,,1,8,,25781,4,,,1,49,,25794,4,,,1,8,,25683,4,,,1,9,,25700,4,,,1,8,,25717,4,,,1,9,,25734,4,,,1,8,,25751,4,,,1,9,,25765,4,,,1,8,,25782,4,,,1,49,,25795,4,,,1,8,,25684,4,,,1,9,,25701,4,,,1,8,,25718,4,,,1,9,,25735,4,,,1,8,,25752,4,,,1,9,,25766,4,,,1,48,,25783,4,,,1,9,,25796,4,,,1,8,,25685,4,,,1,9,,25702,4,,,1,8,,25719,4,,,1,9,,25736,4,,,1,8,,25753,4,,,1,49,,25767,4,,,1,8,,25784,4,,,1,9,,25797,4,,,1,8,,25686,4,,,1,9,,25703,4,,,1,8,,25720,4,,,1,9,,25737,4,,,1,48,,25754,4,,,1,9,,25768,4,,,1,8,,25785,4,,,1,9,,25798,4,,,1,8,,25687,4,,,1,9,,25704,4,,,1,8,,25721,4,,,1,49,,25738,4,,,1,8,,25755,4,,,1,9,,25769,4,,,1,8,,25786,4,,,1,9,,25799,4,,,1,9,,25688,4,,,1,10,,25705,4,,,1,50,,25722,4,,,1,10,,25739,4,,,1,10,,25756,4,,,1,10,,25770,4,,,1,10,,25800,4,,,1,10,,25689,4,,,1,50,,25706,4,,,1,10,,25723,4,,,1,10,,25740,4,,,1,10,,25757,4,,,1,10,,25771,4,,,1,10,,25801,4,,,1,50,,25690,4,,,1,9,,25707,4,,,1,10,,25724,4,,,1,10,,25741,4,,,1,10,,25758,4,,,1,10,,25772,4,,,1,50,,25802,4,,,1,10,,25691,4,,,1,10,,25708,4,,,1,10,,25725,4,,,1,10,,25742,4,,,1,10,,25759,4,,,1,50,,25773,4,,,1,10,,25803,4,,,1,10,,25692,4,,,1,10,,25709,4,,,1,10,,25726,4,,,1
501,'GLOBAUX-01-I',533,,25871,4,,,1,10,,25902,4,,,1,10,,25915,4,,,1,50,,25804,4,,,1,10,,25821,4,,,1,10,,25838,4,,,1,10,,25855,4,,,1,10,,25872,4,,,1,10,,25903,4,,,1,51,,25916,4,,,1,10,,25805,4,,,1,10,,25822,4,,,1,10,,25839,4,,,1,10,,25856,4,,,1,10,,25873,4,,,1,50,,25904,4,,,1,10,,25917,4,,,1,10,,25806,4,,,1,10,,25823,4,,,1,10,,25840,4,,,1,10,,25857,4,,,1,48,,25874,4,,,1,9,,25888,4,,,1,8,,25905,4,,,1,9,,25918,4,,,1,8,,25807,4,,,1,9,,25824,4,,,1,8,,25841,4,,,1,49,,25858,4,,,1,8,,25875,4,,,1,9,,25889,4,,,1,8,,25906,4,,,1,9,,25919,4,,,1,8,,25808,4,,,1,9,,25825,4,,,1,48,,25842,4,,,1,9,,25859,4,,,1,8,,25876,4,,,1,9,,25890,4,,,1,8,,25907,4,,,1,9,,25920,4,,,1,8,,25809,4,,,1,49,,25826,4,,,1,8,,25843,4,,,1,9,,25860,4,,,1,8,,25877,4,,,1,9,,25891,4,,,1,8,,25908,4,,,1,9,,25921,4,,,1,48,,25810,4,,,1,9,,25827,4,,,1,8,,25844,4,,,1,9,,25861,4,,,1,8,,25878,4,,,1,9,,25892,4,,,1,8,,25909,4,,,1,49,,25922,4,,,1,8,,25811,4,,,1,9,,25828,4,,,1,8,,25845,4,,,1,9,,25862,4,,,1,8,,25879,4,,,1,9,,25893,4,,,1,8,,25910,4,,,1,49,,25923,4,,,1,8,,25812,4,,,1,9,,25829,4,,,1,8,,25846,4,,,1,9,,25863,4,,,1,8,,25880,4,,,1,9,,25894,4,,,1,48,,25911,4,,,1,9,,25924,4,,,1,8,,25813,4,,,1,9,,25830,4,,,1,8,,25847,4,,,1,9,,25864,4,,,1,8,,25881,4,,,1,49,,25895,4,,,1,8,,25912,4,,,1,9,,25925,4,,,1,8,,25814,4,,,1,9,,25831,4,,,1,8,,25848,4,,,1,9,,25865,4,,,1,48,,25882,4,,,1,9,,25896,4,,,1,8,,25913,4,,,1,9,,25926,4,,,1,8,,25815,4,,,1,9,,25832,4,,,1,8,,25849,4,,,1,49,,25866,4,,,1,8,,25883,4,,,1,9,,25897,4,,,1,8,,25914,4,,,1,9,,25927,4,,,1,9,,25816,4,,,1,10,,25833,4,,,1,50,,25850,4,,,1,10,,25867,4,,,1,10,,25884,4,,,1,10,,25898,4,,,1,10,,25928,4,,,1,10,,25817,4,,,1,50,,25834,4,,,1,10,,25851,4,,,1,10,,25868,4,,,1,10,,25885,4,,,1,10,,25899,4,,,1,10,,25929,4,,,1,50,,25818,4,,,1,9,,25835,4,,,1,10,,25852,4,,,1,10,,25869,4,,,1,10,,25886,4,,,1,10,,25900,4,,,1,50,,25930,4,,,1,10,,25819,4,,,1,10,,25836,4,,,1,10,,25853,4,,,1,10,,25870,4,,,1,10,,25887,4,,,1,50,,25901,4,,,1,10,,25931,4,,,1,10,,25820,4,,,1,10,,25837,4,,,1,10,,25854,4,,,1
501,'GLOBAUX-01-S',534,,26034,4,,,1,8,,26052,4,,,1,8,,26083,4,,,1,8,,26095,4,,,1,47,,25932,4,,,1,7,,25943,4,,,1,6,,25947,4,,,1,6,,25971,4,,,1,6,,25990,4,,,1,4,,26007,4,,,1,5,,26014,4,,,1,4,,26035,4,,,1,5,,26053,4,,,1,4,,26056,4,,,1,5,,26084,4,,,1,44,,26096,4,,,1,5,,26099,4,,,1,4,,26111,4,,,1,5,,25933,4,,,1,5,,25944,4,,,1,4,,25948,4,,,1,5,,25972,4,,,1,4,,25988,4,,,1,4,,25991,4,,,1,4,,26008,4,,,1,4,,26009,4,,,1,4,,26015,4,,,1,3,,26036,4,,,1,4,,26054,4,,,1,3,,26057,4,,,1,44,,26067,4,,,1,3,,26085,4,,,1,4,,26097,4,,,1,3,,26100,4,,,1,4,,26112,4,,,1,5,,25934,4,,,1,4,,25945,4,,,1,5,,25949,4,,,1,4,,25973,4,,,1,5,,25989,4,,,1,4,,25992,4,,,1,5,,26010,4,,,1,4,,26016,4,,,1,5,,26037,4,,,1,44,,26055,4,,,1,5,,26068,4,,,1,4,,26086,4,,,1,5,,26098,4,,,1,4,,26101,4,,,1,4,,26113,4,,,1,5,,25935,4,,,1,5,,25946,4,,,1,5,,25950,4,,,1,7,,25974,4,,,1,7,,25993,4,,,1,47,,26017,4,,,1,8,,26038,4,,,1,7,,26069,4,,,1,7,,26087,4,,,1,7,,26114,4,,,1,8,,25936,4,,,1,7,,25951,4,,,1,7,,25975,4,,,1,7,,25994,4,,,1,48,,26018,4,,,1,7,,26039,4,,,1,7,,26070,4,,,1,7,,26088,4,,,1,8,,26115,4,,,1,7,,25937,4,,,1,7,,25952,4,,,1,7,,25976,4,,,1,48,,25995,4,,,1,7,,26019,4,,,1,7,,26040,4,,,1,7,,26071,4,,,1,8,,26089,4,,,1,7,,26116,4,,,1,7,,25938,4,,,1,7,,25953,4,,,1,48,,25977,4,,,1,7,,25996,4,,,1,7,,26020,4,,,1,7,,26041,4,,,1,8,,26072,4,,,1,7,,26090,4,,,1,7,,26117,4,,,1,7,,25939,4,,,1,48,,25954,4,,,1,7,,25978,4,,,1,7,,25997,4,,,1,7,,26021,4,,,1,8,,26042,4,,,1,7,,26073,4,,,1,7,,26091,4,,,1,7,,26118,4,,,1,8,,25940,4,,,1,45,,25955,4,,,1,5,,25964,4,,,1,5,,25979,4,,,1,5,,25998,4,,,1,5,,26011,4,,,1,4,,26022,4,,,1,5,,26031,4,,,1,5,,26043,4,,,1,5,,26058,4,,,1,5,,26074,4,,,1,5,,26092,4,,,1,4,,26102,4,,,1,45,,26119,4,,,1,5,,25941,4,,,1,5,,25956,4,,,1,5,,25965,4,,,1,5,,25980,4,,,1,4,,25999,4,,,1,5,,26012,4,,,1,5,,26023,4,,,1,5,,26032,4,,,1,5,,26044,4,,,1,5,,26059,4,,,1,4,,26075,4,,,1,5,,26093,4,,,1,45,,26103,4,,,1,5,,26120,4,,,1,5,,25942,4,,,1,5,,25957,4,,,1,5,,25966,4,,,1,5,,25981,4,,,1,5,,26000,4,,,1,5,,26013,4,,,1,5,,26024,4,,,1,5,,26033,4,,,1,5,,26045,4,,,1,5,,26060,4,,,1,45,,26076,4,,,1,5,,26094,4,,,1,6,,26104,4,,,1,6,,26121,4,,,1,7,,25958,4,,,1,6,,25967,4,,,1,7,,25982,4,,,1,6,,26001,4,,,1,7,,26025,4,,,1,46,,26046,4,,,1,7,,26061,4,,,1,6,,26077,4,,,1,7,,26105,4,,,1,6,,26122,4,,,1,7,,25959,4,,,1,6,,25968,4,,,1,7,,25983,4,,,1,6,,26002,4,,,1,7,,26026,4,,,1,46,,26047,4,,,1,7,,26062,4,,,1,6,,26078,4,,,1,7,,26106,4,,,1,6,,26123,4,,,1,7,,25960,4,,,1,6,,25969,4,,,1,7,,25984,4,,,1,6,,26003,4,,,1,47,,26027,4,,,1,6,,26048,4,,,1,7,,26063,4,,,1,6,,26079,4,,,1,7,,26107,4,,,1,6,,26124,4,,,1,7,,25961,4,,,1,6,,25970,4,,,1,7,,25985,4,,,1,46,,26004,4,,,1,8,,26028,4,,,1,8,,26049,4,,,1,7,,26064,4,,,1,8,,26080,4,,,1,8,,26108,4,,,1,8,,25962,4,,,1,8,,25986,4,,,1,48,,26005,4,,,1,8,,26029,4,,,1,8,,26050,4,,,1,8,,26065,4,,,1,8,,26081,4,,,1,8,,26109,4,,,1,8,,25963,4,,,1,48,,25987,4,,,1,7,,26006,4,,,1,8,,26030,4,,,1,8,,26051,4,,,1,8,,26066,4,,,1,8,,26082,4,,,1,8,,26110,4,,,1
