200,'GLOBAUX-01-A',549,,21824,1,,,1,9,,21838,1,,,1,52,,21847,28,,,1,10,,21851,28,,,1,10,,21872,28,,,1,9,,21881,28,,,1,10,,21890,28,,,1,10,,21905,28,,,1,50,,21919,28,,,1,10,,21927,28,,,1,10,,21933,28,,,1,10,,21941,28,,,1,10,,21952,28,,,1,10,,21960,28,,,1,49,,21811,28,,,1,9,,21825,28,,,1,9,,21839,28,,,1,9,,21848,28,,,1,9,,21852,28,,,1,9,,21860,28,,,1,48,,21873,28,,,1,9,,21882,28,,,1,9,,21891,28,,,1,8,,21898,28,,,1,9,,21906,28,,,1,8,,21913,28,,,1,9,,21920,28,,,1,48,,21934,28,,,1,8,,21942,28,,,1,9,,21953,28,,,1,8,,21961,28,,,1,9,,21812,28,,,1,8,,21826,28,,,1,9,,21840,28,,,1,48,,21849,28,,,1,9,,21853,28,,,1,8,,21861,28,,,1,9,,21874,28,,,1,8,,21883,28,,,1,9,,21892,28,,,1,7,,21899,28,,,1,8,,21907,28,,,1,48,,21914,28,,,1,8,,21921,28,,,1,7,,21935,28,,,1,8,,21943,28,,,1,8,,21954,28,,,1,7,,21962,28,,,1,8,,21813,28,,,1,48,,21819,28,,,1,7,,21827,28,,,1,7,,21841,28,,,1,8,,21850,28,,,1,7,,21854,28,,,1,7,,21862,28,,,1,8,,21866,28,,,1,7,,21875,28,,,1,6,,21884,28,,,1,47,,21893,28,,,1,6,,21900,28,,,1,7,,21908,28,,,1,6,,21915,28,,,1,7,,21922,28,,,1,6,,21928,28,,,1,7,,21936,28,,,1,6,,21944,28,,,1,6,,21947,28,,,1,47,,21955,28,,,1,6,,21963,28,,,1,7,,21814,28,,,1,6,,21820,28,,,1,7,,21828,28,,,1,6,,21833,28,,,1,7,,21842,28,,,1,7,,21855,28,,,1,6,,21863,28,,,1,47,,21867,28,,,1,6,,21876,28,,,1,7,,21885,28,,,1,6,,21894,28,,,1,6,,21901,28,,,1,7,,21909,28,,,1,6,,21916,28,,,1,7,,21923,28,,,1,6,,21929,28,,,1,7,,21937,28,,,1,46,,21945,28,,,1,7,,21948,28,,,1,6,,21956,28,,,1,6,,21964,28,,,1,7,,21815,28,,,1,6,,21821,28,,,1,7,,21829,28,,,1,6,,21834,28,,,1,6,,21843,28,,,1,47,,21856,28,,,1,6,,21864,28,,,1,6,,21868,28,,,1,7,,21877,28,,,1,6,,21886,28,,,1,6,,21895,28,,,1,6,,21902,28,,,1,7,,21910,28,,,1,6,,21917,28,,,1,6,,21924,28,,,1,47,,21930,28,,,1,6,,21938,28,,,1,6,,21946,28,,,1,7,,21949,28,,,1,6,,21957,28,,,1,6,,21965,28,,,1,6,,21816,28,,,1,7,,21822,28,,,1,6,,21830,28,,,1,47,,21835,28,,,1,6,,21844,28,,,1,7,,21857,28,,,1,8,,21865,28,,,1,7,,21869,28,,,1,8,,21878,28,,,1,7,,21887,28,,,1,7,,21896,28,,,1,48,,21903,28,,,1,7,,21911,28,,,1,8,,21918,28,,,1,7,,21925,28,,,1,7,,21931,28,,,1,8,,21939,28,,,1,7,,21950,28,,,1,7,,21958,28,,,1,48,,21817,28,,,1,8,,21823,28,,,1,8,,21831,28,,,1,7,,21836,28,,,1,8,,21845,28,,,1,9,,21858,28,,,1,9,,21870,28,,,1,8,,21879,28,,,1,49,,21888,28,,,1,9,,21897,28,,,1,9,,21904,28,,,1,9,,21912,28,,,1,10,,21926,28,,,1,9,,21932,28,,,1,50,,21940,28,,,1,9,,21951,28,,,1,10,,21959,28,,,1,9,,21818,28,,,1,10,,21832,28,,,1,10,,21837,28,,,1,50,,21846,28,,,1,10,,21859,28,,,1,10,,21871,28,,,1,10,,21880,28,,,1,13,,21889,28,,,1
200,'GLOBAUX-01-F1',549,,21974,1,,,1,9,,21992,1,,,1,52,,22001,28,,,1,9,,22009,28,,,1,9,,22017,28,,,1,9,,22025,28,,,1,10,,22031,28,,,1,9,,22043,28,,,1,49,,22047,28,,,1,10,,22062,28,,,1,9,,22074,28,,,1,9,,22082,28,,,1,10,,22090,28,,,1,9,,22095,28,,,1,49,,21966,28,,,1,9,,21975,28,,,1,10,,21993,28,,,1,9,,22002,28,,,1,9,,22010,28,,,1,10,,22018,28,,,1,9,,22026,28,,,1,49,,22032,28,,,1,10,,22044,28,,,1,9,,22048,28,,,1,8,,22055,28,,,1,9,,22063,28,,,1,9,,22075,28,,,1,8,,22083,28,,,1,49,,22091,28,,,1,8,,22096,28,,,1,9,,21967,28,,,1,8,,21976,28,,,1,9,,21986,28,,,1,9,,21994,28,,,1,8,,22003,28,,,1,49,,22011,28,,,1,8,,22019,28,,,1,9,,22027,28,,,1,9,,22033,28,,,1,8,,22045,28,,,1,9,,22049,28,,,1,49,,22056,28,,,1,8,,22064,28,,,1,9,,22076,28,,,1,8,,22084,28,,,1,9,,22092,28,,,1,9,,22097,28,,,1,8,,21968,28,,,1,49,,21977,28,,,1,7,,21987,28,,,1,8,,21995,28,,,1,8,,22004,28,,,1,8,,22012,28,,,1,8,,22020,28,,,1,8,,22028,28,,,1,8,,22034,28,,,1,48,,22046,28,,,1,8,,22050,28,,,1,8,,22057,28,,,1,8,,22065,28,,,1,8,,22070,28,,,1,7,,22077,28,,,1,7,,22085,28,,,1,7,,22093,28,,,1,47,,22098,28,,,1,6,,22103,28,,,1,7,,21969,28,,,1,7,,21978,28,,,1,7,,21981,28,,,1,7,,21988,28,,,1,7,,21996,28,,,1,7,,22005,28,,,1,7,,22013,28,,,1,46,,22021,28,,,1,7,,22029,28,,,1,7,,22035,28,,,1,7,,22039,28,,,1,7,,22051,28,,,1,7,,22058,28,,,1,7,,22066,28,,,1,6,,22071,28,,,1,7,,22078,28,,,1,47,,22086,28,,,1,7,,22094,28,,,1,7,,22099,28,,,1,7,,22104,28,,,1,7,,21970,28,,,1,6,,21979,28,,,1,7,,21982,28,,,1,7,,21989,28,,,1,47,,21997,28,,,1,7,,22006,28,,,1,7,,22014,28,,,1,8,,22022,28,,,1,7,,22030,28,,,1,7,,22036,28,,,1,7,,22040,28,,,1,8,,22052,28,,,1,7,,22059,28,,,1,47,,22067,28,,,1,8,,22072,28,,,1,7,,22079,28,,,1,8,,22087,28,,,1,7,,22100,28,,,1,8,,22105,28,,,1,8,,21971,28,,,1,48,,21980,28,,,1,7,,21983,28,,,1,8,,21990,28,,,1,8,,21998,28,,,1,8,,22007,28,,,1,8,,22015,28,,,1,7,,22023,28,,,1,8,,22037,28,,,1,48,,22041,28,,,1,8,,22053,28,,,1,8,,22060,28,,,1,8,,22068,28,,,1,8,,22073,28,,,1,8,,22080,28,,,1,9,,22088,28,,,1,8,,22101,28,,,1,49,,22106,28,,,1,8,,21972,28,,,1,9,,21984,28,,,1,9,,21991,28,,,1,8,,21999,28,,,1,9,,22008,28,,,1,50,,22016,28,,,1,10,,22024,28,,,1,10,,22038,28,,,1,10,,22042,28,,,1,10,,22054,28,,,1,10,,22061,28,,,1,50,,22069,28,,,1,10,,22081,28,,,1,10,,22089,28,,,1,10,,22102,28,,,1,10,,22107,28,,,1,10,,21973,28,,,1,50,,21985,28,,,1,12,,22000,28,,,1
200,'GLOBAUX-01-F2',549,,22116,1,,,1,9,,22134,1,,,1,52,,22143,28,,,1,9,,22151,28,,,1,9,,22159,28,,,1,9,,22167,28,,,1,10,,22173,28,,,1,9,,22185,28,,,1,49,,22189,28,,,1,10,,22204,28,,,1,9,,22216,28,,,1,9,,22224,28,,,1,10,,22232,28,,,1,9,,22237,28,,,1,49,,22108,28,,,1,9,,22117,28,,,1,10,,22135,28,,,1,9,,22144,28,,,1,9,,22152,28,,,1,10,,22160,28,,,1,9,,22168,28,,,1,49,,22174,28,,,1,10,,22186,28,,,1,9,,22190,28,,,1,8,,22197,28,,,1,9,,22205,28,,,1,9,,22217,28,,,1,8,,22225,28,,,1,49,,22233,28,,,1,8,,22238,28,,,1,9,,22109,28,,,1,8,,22118,28,,,1,9,,22128,28,,,1,9,,22136,28,,,1,8,,22145,28,,,1,49,,22153,28,,,1,8,,22161,28,,,1,9,,22169,28,,,1,9,,22175,28,,,1,8,,22187,28,,,1,9,,22191,28,,,1,49,,22198,28,,,1,8,,22206,28,,,1,9,,22218,28,,,1,8,,22226,28,,,1,9,,22234,28,,,1,9,,22239,28,,,1,8,,22110,28,,,1,49,,22119,28,,,1,7,,22129,28,,,1,8,,22137,28,,,1,8,,22146,28,,,1,8,,22154,28,,,1,8,,22162,28,,,1,8,,22170,28,,,1,8,,22176,28,,,1,48,,22188,28,,,1,8,,22192,28,,,1,8,,22199,28,,,1,8,,22207,28,,,1,8,,22212,28,,,1,7,,22219,28,,,1,7,,22227,28,,,1,7,,22235,28,,,1,47,,22240,28,,,1,6,,22245,28,,,1,7,,22111,28,,,1,7,,22120,28,,,1,7,,22123,28,,,1,7,,22130,28,,,1,7,,22138,28,,,1,7,,22147,28,,,1,7,,22155,28,,,1,46,,22163,28,,,1,7,,22171,28,,,1,7,,22177,28,,,1,7,,22181,28,,,1,7,,22193,28,,,1,7,,22200,28,,,1,7,,22208,28,,,1,6,,22213,28,,,1,7,,22220,28,,,1,47,,22228,28,,,1,7,,22236,28,,,1,7,,22241,28,,,1,7,,22246,28,,,1,7,,22112,28,,,1,6,,22121,28,,,1,7,,22124,28,,,1,7,,22131,28,,,1,47,,22139,28,,,1,7,,22148,28,,,1,7,,22156,28,,,1,8,,22164,28,,,1,7,,22172,28,,,1,7,,22178,28,,,1,7,,22182,28,,,1,8,,22194,28,,,1,7,,22201,28,,,1,47,,22209,28,,,1,8,,22214,28,,,1,7,,22221,28,,,1,8,,22229,28,,,1,7,,22242,28,,,1,8,,22247,28,,,1,8,,22113,28,,,1,48,,22122,28,,,1,7,,22125,28,,,1,8,,22132,28,,,1,8,,22140,28,,,1,8,,22149,28,,,1,8,,22157,28,,,1,7,,22165,28,,,1,8,,22179,28,,,1,48,,22183,28,,,1,8,,22195,28,,,1,8,,22202,28,,,1,8,,22210,28,,,1,8,,22215,28,,,1,8,,22222,28,,,1,9,,22230,28,,,1,8,,22243,28,,,1,49,,22248,28,,,1,8,,22114,28,,,1,9,,22126,28,,,1,9,,22133,28,,,1,8,,22141,28,,,1,9,,22150,28,,,1,50,,22158,28,,,1,10,,22166,28,,,1,10,,22180,28,,,1,10,,22184,28,,,1,10,,22196,28,,,1,10,,22203,28,,,1,50,,22211,28,,,1,10,,22223,28,,,1,10,,22231,28,,,1,10,,22244,28,,,1,10,,22249,28,,,1,10,,22115,28,,,1,50,,22127,28,,,1,12,,22142,28,,,1
200,'GLOBAUX-01-I',549,,22258,1,,,1,9,,22276,1,,,1,52,,22285,28,,,1,9,,22293,28,,,1,9,,22301,28,,,1,9,,22309,28,,,1,10,,22315,28,,,1,9,,22327,28,,,1,49,,22331,28,,,1,10,,22346,28,,,1,9,,22358,28,,,1,9,,22366,28,,,1,10,,22374,28,,,1,9,,22379,28,,,1,49,,22250,28,,,1,9,,22259,28,,,1,10,,22277,28,,,1,9,,22286,28,,,1,9,,22294,28,,,1,10,,22302,28,,,1,9,,22310,28,,,1,49,,22316,28,,,1,10,,22328,28,,,1,9,,22332,28,,,1,8,,22339,28,,,1,9,,22347,28,,,1,9,,22359,28,,,1,8,,22367,28,,,1,49,,22375,28,,,1,8,,22380,28,,,1,9,,22251,28,,,1,8,,22260,28,,,1,9,,22270,28,,,1,9,,22278,28,,,1,8,,22287,28,,,1,49,,22295,28,,,1,8,,22303,28,,,1,9,,22311,28,,,1,9,,22317,28,,,1,8,,22329,28,,,1,9,,22333,28,,,1,49,,22340,28,,,1,8,,22348,28,,,1,9,,22360,28,,,1,8,,22368,28,,,1,9,,22376,28,,,1,9,,22381,28,,,1,8,,22252,28,,,1,49,,22261,28,,,1,7,,22271,28,,,1,8,,22279,28,,,1,8,,22288,28,,,1,8,,22296,28,,,1,8,,22304,28,,,1,8,,22312,28,,,1,8,,22318,28,,,1,48,,22330,28,,,1,8,,22334,28,,,1,8,,22341,28,,,1,8,,22349,28,,,1,8,,22354,28,,,1,7,,22361,28,,,1,7,,22369,28,,,1,7,,22377,28,,,1,47,,22382,28,,,1,6,,22387,28,,,1,7,,22253,28,,,1,7,,22262,28,,,1,7,,22265,28,,,1,7,,22272,28,,,1,7,,22280,28,,,1,7,,22289,28,,,1,7,,22297,28,,,1,46,,22305,28,,,1,7,,22313,28,,,1,7,,22319,28,,,1,7,,22323,28,,,1,7,,22335,28,,,1,7,,22342,28,,,1,7,,22350,28,,,1,6,,22355,28,,,1,7,,22362,28,,,1,47,,22370,28,,,1,7,,22378,28,,,1,7,,22383,28,,,1,7,,22388,28,,,1,7,,22254,28,,,1,6,,22263,28,,,1,7,,22266,28,,,1,7,,22273,28,,,1,47,,22281,28,,,1,7,,22290,28,,,1,7,,22298,28,,,1,8,,22306,28,,,1,7,,22314,28,,,1,7,,22320,28,,,1,7,,22324,28,,,1,8,,22336,28,,,1,7,,22343,28,,,1,47,,22351,28,,,1,8,,22356,28,,,1,7,,22363,28,,,1,8,,22371,28,,,1,7,,22384,28,,,1,8,,22389,28,,,1,8,,22255,28,,,1,48,,22264,28,,,1,7,,22267,28,,,1,8,,22274,28,,,1,8,,22282,28,,,1,8,,22291,28,,,1,8,,22299,28,,,1,7,,22307,28,,,1,8,,22321,28,,,1,48,,22325,28,,,1,8,,22337,28,,,1,8,,22344,28,,,1,8,,22352,28,,,1,8,,22357,28,,,1,8,,22364,28,,,1,9,,22372,28,,,1,8,,22385,28,,,1,49,,22390,28,,,1,8,,22256,28,,,1,9,,22268,28,,,1,9,,22275,28,,,1,8,,22283,28,,,1,9,,22292,28,,,1,50,,22300,28,,,1,10,,22308,28,,,1,10,,22322,28,,,1,10,,22326,28,,,1,10,,22338,28,,,1,10,,22345,28,,,1,50,,22353,28,,,1,10,,22365,28,,,1,10,,22373,28,,,1,10,,22386,28,,,1,10,,22391,28,,,1,10,,22257,28,,,1,50,,22269,28,,,1,12,,22284,28,,,1
200,'GLOBAUX-01-S',609,,22463,28,,,1,6,,22473,28,,,1,6,,22483,28,,,1,6,,22498,28,,,1,6,,22509,28,,,1,6,,22518,28,,,1,6,,22532,28,,,1,6,,22534,28,,,1,6,,22554,28,,,1,45,,22571,28,,,1,5,,22573,28,,,1,5,,22580,28,,,1,5,,22582,28,,,1,4,,22594,28,,,1,4,,22600,28,,,1,4,,22606,28,,,1,4,,22607,28,,,1,3,,22613,28,,,1,4,,22622,28,,,1,3,,22392,28,,,1,4,,22393,28,,,1,3,,22403,28,,,1,4,,22411,28,,,1,3,,22412,28,,,1,44,,22421,28,,,1,3,,22423,28,,,1,3,,22428,28,,,1,4,,22436,28,,,1,3,,22444,28,,,1,3,,22456,28,,,1,4,,22461,28,,,1,3,,22462,28,,,1,3,,22464,28,,,1,4,,22474,28,,,1,3,,22484,28,,,1,3,,22492,28,,,1,3,,22494,28,,,1,4,,22499,28,,,1,3,,22504,28,,,1,3,,22510,28,,,1,3,,22515,28,,,1,4,,22519,28,,,1,43,,22527,28,,,1,3,,22533,28,,,1,3,,22535,28,,,1,4,,22540,28,,,1,3,,22555,28,,,1,3,,22564,28,,,1,3,,22572,28,,,1,4,,22574,28,,,1,4,,22575,28,,,1,3,,22583,28,,,1,4,,22590,28,,,1,4,,22595,28,,,1,3,,22601,28,,,1,4,,22608,28,,,1,4,,22614,28,,,1,4,,22623,28,,,1,3,,22630,28,,,1,44,,22394,28,,,1,4,,22404,28,,,1,4,,22413,28,,,1,4,,22420,28,,,1,4,,22424,28,,,1,5,,22437,28,,,1,5,,22445,28,,,1,5,,22457,28,,,1,6,,22465,28,,,1,6,,22475,28,,,1,6,,22485,28,,,1,7,,22495,28,,,1,46,,22505,28,,,1,6,,22511,28,,,1,6,,22520,28,,,1,6,,22528,28,,,1,6,,22541,28,,,1,6,,22556,28,,,1,6,,22565,28,,,1,6,,22576,28,,,1,6,,22584,28,,,1,6,,22596,28,,,1,46,,22602,28,,,1,6,,22615,28,,,1,6,,22624,28,,,1,6,,22395,28,,,1,6,,22405,28,,,1,6,,22414,28,,,1,6,,22425,28,,,1,6,,22438,28,,,1,6,,22446,28,,,1,6,,22458,28,,,1,46,,22466,28,,,1,6,,22476,28,,,1,6,,22486,28,,,1,6,,22496,28,,,1,6,,22506,28,,,1,6,,22512,28,,,1,6,,22521,28,,,1,6,,22529,28,,,1,6,,22542,28,,,1,6,,22557,28,,,1,46,,22566,28,,,1,6,,22577,28,,,1,6,,22585,28,,,1,6,,22597,28,,,1,6,,22603,28,,,1,6,,22616,28,,,1,6,,22625,28,,,1,6,,22396,28,,,1,6,,22406,28,,,1,6,,22415,28,,,1,46,,22426,28,,,1,6,,22439,28,,,1,7,,22447,28,,,1,6,,22459,28,,,1,6,,22467,28,,,1,5,,22477,28,,,1,5,,22487,28,,,1,5,,22497,28,,,1,4,,22500,28,,,1,5,,22507,28,,,1,4,,22513,28,,,1,45,,22516,28,,,1,4,,22522,28,,,1,3,,22530,28,,,1,4,,22536,28,,,1,3,,22543,28,,,1,4,,22547,28,,,1,3,,22558,28,,,1,3,,22562,28,,,1,3,,22567,28,,,1,3,,22578,28,,,1,3,,22581,28,,,1,3,,22586,28,,,1,3,,22591,28,,,1,3,,22598,28,,,1,3,,22604,28,,,1,3,,22609,28,,,1,2,,22617,28,,,1,3,,22618,28,,,1,3,,22626,28,,,1,3,,22397,28,,,1,43,,22398,28,,,1,3,,22399,28,,,1,3,,22400,28,,,1,3,,22407,28,,,1,3,,22416,28,,,1,3,,22422,28,,,1,3,,22427,28,4,,1,3,,22429,28,,,1,3,,22433,28,,,1,3,,22440,28,,,1,3,,22448,28,4,,1,2,,22449,28,,,1,3,,22453,28,,,1,3,,22460,28,,,1,3,,22468,28,4,,1,3,,22469,28,,,1,3,,22478,28,,,1,3,,22482,28,4,,1,3,,22488,28,,,1,3,,22493,28,4,,1,42,,22501,28,,,1,3,,22508,28,,,1,4,,22514,28,,,1,3,,22517,28,,,1,3,,22523,28,,,1,4,,22531,28,,,1,3,,22537,28,,,1,4,,22544,28,,,1,3,,22548,28,,,1,4,,22551,28,,,1,4,,22559,28,,,1,4,,22563,28,,,1,3,,22568,28,,,1,4,,22579,28,,,1,4,,22587,28,,,1,4,,22592,28,,,1,4,,22599,28,,,1,44,,22605,28,,,1,3,,22610,28,,,1,5,,22619,28,,,1,5,,22627,28,,,1,5,,22401,28,,,1,5,,22408,28,,,1,5,,22417,28,,,1,5,,22430,28,,,1,5,,22434,28,,,1,6,,22441,28,,,1,6,,22450,28,,,1,6,,22454,28,,,1,46,,22470,28,,,1,6,,22479,28,,,1,6,,22489,28,,,1,6,,22502,28,,,1,6,,22524,28,,,1,6,,22538,28,,,1,6,,22545,28,,,1,6,,22549,28,,,1,6,,22552,28,,,1,6,,22560,28,,,1,46,,22569,28,,,1,6,,22588,28,,,1,6,,22593,28,,,1,6,,22611,28,,,1,6,,22620,28,,,1,6,,22628,28,,,1,6,,22402,28,,,1,6,,22409,28,,,1,6,,22418,28,,,1,6,,22431,28,,,1,46,,22435,28,,,1,6,,22442,28,,,1,6,,22451,28,,,1,6,,22455,28,,,1,6,,22471,28,,,1,6,,22480,28,,,1,6,,22490,28,,,1,6,,22503,28,,,1,6,,22525,28,,,1,6,,22539,28,,,1,46,,22546,28,,,1,6,,22550,28,,,1,6,,22553,28,,,1,7,,22561,28,,,1,7,,22570,28,,,1,7,,22589,28,,,1,7,,22612,28,,,1,7,,22621,28,,,1,8,,22629,28,,,1,47,,22410,28,,,1,8,,22419,28,,,1,8,,22432,28,,,1,8,,22443,28,,,1,8,,22452,28,,,1,7,,22472,28,,,1,8,,22481,28,,,1,48,,22491,28,,,1,11,,22526,28,,,1
201,'GLOBAUX-01-A',529,,22741,4,,,1,10,,22748,4,,,1,10,,22757,4,,,1,9,,22769,4,,,1,50,,22778,4,,,1,9,,22631,4,,,1,10,,22645,4,,,1,10,,22658,4,,,1,9,,22666,4,,,1,10,,22669,4,,,1,49,,22688,4,,,1,10,,22696,4,,,1,9,,22704,4,,,1,10,,22712,4,,,1,9,,22719,4,,,1,9,,22727,4,,,1,49,,22733,4,,,1,9,,22749,4,,,1,9,,22758,4,,,1,8,,22770,4,,,1,9,,22779,4,,,1,9,,22632,4,,,1,9,,22646,4,,,1,48,,22659,4,,,1,9,,22667,4,,,1,9,,22670,4,,,1,9,,22677,4,,,1,8,,22689,4,,,1,9,,22697,4,,,1,9,,22705,4,,,1,49,,22713,4,,,1,8,,22720,4,,,1,9,,22728,4,,,1,9,,22734,4,,,1,7,,22750,4,,,1,8,,22759,4,,,1,8,,22771,4,,,1,47,,22780,4,,,1,8,,22633,4,,,1,7,,22640,4,,,1,8,,22647,4,,,1,7,,22660,4,,,1,7,,22668,4,,,1,7,,22671,4,,,1,7,,22678,4,,,1,7,,22682,4,,,1,47,,22690,4,,,1,7,,22698,4,,,1,7,,22706,4,,,1,7,,22714,4,,,1,6,,22721,4,,,1,7,,22729,4,,,1,6,,22735,4,,,1,7,,22742,4,,,1,6,,22751,4,,,1,47,,22760,4,,,1,6,,22763,4,,,1,6,,22772,4,,,1,7,,22781,4,,,1,6,,22634,4,,,1,7,,22641,4,,,1,6,,22648,4,,,1,6,,22653,4,,,1,7,,22661,4,,,1,46,,22672,4,,,1,7,,22679,4,,,1,6,,22683,4,,,1,7,,22691,4,,,1,6,,22699,4,,,1,6,,22707,4,,,1,7,,22715,4,,,1,6,,22722,4,,,1,7,,22730,4,,,1,46,,22736,4,,,1,6,,22743,4,,,1,7,,22752,4,,,1,6,,22761,4,,,1,7,,22764,4,,,1,6,,22773,4,,,1,6,,22782,4,,,1,7,,22635,4,,,1,6,,22642,4,,,1,7,,22649,4,,,1,46,,22654,4,,,1,7,,22662,4,,,1,6,,22673,4,,,1,6,,22680,4,,,1,7,,22684,4,,,1,6,,22692,4,,,1,7,,22700,4,,,1,6,,22708,4,,,1,6,,22716,4,,,1,47,,22723,4,,,1,6,,22731,4,,,1,7,,22737,4,,,1,6,,22744,4,,,1,7,,22753,4,,,1,6,,22762,4,,,1,6,,22765,4,,,1,7,,22774,4,,,1,6,,22783,4,,,1,47,,22636,4,,,1,6,,22643,4,,,1,6,,22650,4,,,1,7,,22655,4,,,1,6,,22663,4,,,1,7,,22674,4,,,1,6,,22681,4,,,1,8,,22685,4,,,1,7,,22693,4,,,1,47,,22701,4,,,1,7,,22709,4,,,1,8,,22717,4,,,1,7,,22724,4,,,1,7,,22732,4,,,1,8,,22738,4,,,1,7,,22745,4,,,1,8,,22754,4,,,1,7,,22766,4,,,1,48,,22775,4,,,1,8,,22637,4,,,1,8,,22644,4,,,1,7,,22651,4,,,1,8,,22656,4,,,1,8,,22664,4,,,1,8,,22675,4,,,1,48,,22686,4,,,1,8,,22694,4,,,1,8,,22702,4,,,1,9,,22710,4,,,1,8,,22718,4,,,1,10,,22725,4,,,1,9,,22739,4,,,1,49,,22746,4,,,1,10,,22755,4,,,1,9,,22767,4,,,1,10,,22776,4,,,1,9,,22638,4,,,1,10,,22652,4,,,1,49,,22657,4,,,1,10,,22665,4,,,1,10,,22676,4,,,1,9,,22687,4,,,1,10,,22695,4,,,1,10,,22703,4,,,1,10,,22711,4,,,1,50,,22726,4,,,1,9,,22740,4,,,1,10,,22747,4,,,1,10,,22756,4,,,1,10,,22768,4,,,1,10,,22777,4,,,1,50,,22639,4,,,1
201,'GLOBAUX-01-F1',529,,22877,4,,,1,10,,22890,4,,,1,9,,22898,4,,,1,10,,22906,4,,,1,49,,22911,4,,,1,9,,22784,4,,,1,10,,22792,4,,,1,9,,22809,4,,,1,9,,22817,4,,,1,10,,22825,4,,,1,49,,22833,4,,,1,9,,22841,4,,,1,10,,22846,4,,,1,9,,22859,4,,,1,9,,22862,4,,,1,10,,22878,4,,,1,9,,22891,4,,,1,49,,22899,4,,,1,9,,22907,4,,,1,10,,22912,4,,,1,9,,22785,4,,,1,9,,22793,4,,,1,9,,22803,4,,,1,48,,22810,4,,,1,9,,22818,4,,,1,9,,22826,4,,,1,9,,22834,4,,,1,8,,22842,4,,,1,9,,22847,4,,,1,8,,22860,4,,,1,49,,22863,4,,,1,9,,22870,4,,,1,8,,22879,4,,,1,9,,22892,4,,,1,8,,22900,4,,,1,9,,22908,4,,,1,9,,22913,4,,,1,48,,22786,4,,,1,9,,22794,4,,,1,8,,22804,4,,,1,9,,22811,4,,,1,9,,22819,4,,,1,8,,22827,4,,,1,9,,22835,4,,,1,48,,22843,4,,,1,8,,22848,4,,,1,8,,22861,4,,,1,7,,22864,4,,,1,8,,22871,4,,,1,8,,22880,4,,,1,7,,22886,4,,,1,7,,22893,4,,,1,47,,22901,4,,,1,7,,22909,4,,,1,6,,22914,4,,,1,7,,22919,4,,,1,7,,22787,4,,,1,7,,22795,4,,,1,7,,22798,4,,,1,7,,22805,4,,,1,6,,22812,4,,,1,47,,22820,4,,,1,7,,22828,4,,,1,7,,22836,4,,,1,7,,22844,4,,,1,7,,22849,4,,,1,6,,22854,4,,,1,7,,22865,4,,,1,7,,22872,4,,,1,7,,22881,4,,,1,47,,22887,4,,,1,7,,22894,4,,,1,6,,22902,4,,,1,7,,22910,4,,,1,7,,22915,4,,,1,7,,22920,4,,,1,7,,22788,4,,,1,7,,22796,4,,,1,46,,22799,4,,,1,8,,22806,4,,,1,7,,22813,4,,,1,7,,22821,4,,,1,8,,22829,4,,,1,7,,22837,4,,,1,7,,22845,4,,,1,8,,22850,4,,,1,7,,22855,4,,,1,47,,22866,4,,,1,8,,22873,4,,,1,7,,22882,4,,,1,7,,22888,4,,,1,8,,22895,4,,,1,7,,22903,4,,,1,8,,22916,4,,,1,8,,22921,4,,,1,47,,22789,4,,,1,8,,22797,4,,,1,8,,22800,4,,,1,8,,22807,4,,,1,8,,22814,4,,,1,8,,22822,4,,,1,7,,22830,4,,,1,48,,22838,4,,,1,8,,22851,4,,,1,8,,22856,4,,,1,8,,22867,4,,,1,7,,22874,4,,,1,8,,22883,4,,,1,8,,22889,4,,,1,8,,22896,4,,,1,49,,22904,4,,,1,8,,22917,4,,,1,9,,22922,4,,,1,8,,22790,4,,,1,9,,22801,4,,,1,8,,22808,4,,,1,9,,22815,4,,,1,48,,22823,4,,,1,9,,22831,4,,,1,9,,22839,4,,,1,9,,22852,4,,,1,9,,22857,4,,,1,9,,22868,4,,,1,9,,22875,4,,,1,50,,22884,4,,,1,10,,22897,4,,,1,10,,22905,4,,,1,10,,22918,4,,,1,10,,22923,4,,,1,10,,22791,4,,,1,50,,22802,4,,,1,10,,22816,4,,,1,10,,22824,4,,,1,10,,22832,4,,,1,10,,22840,4,,,1,10,,22853,4,,,1,50,,22858,4,,,1,10,,22869,4,,,1,10,,22876,4,,,1,10,,22885,4,,,1
201,'GLOBAUX-01-F2',529,,23017,4,,,1,10,,23030,4,,,1,9,,23038,4,,,1,10,,23046,4,,,1,49,,23051,4,,,1,9,,22924,4,,,1,10,,22932,4,,,1,9,,22949,4,,,1,9,,22957,4,,,1,10,,22965,4,,,1,49,,22973,4,,,1,9,,22981,4,,,1,10,,22986,4,,,1,9,,22999,4,,,1,9,,23002,4,,,1,10,,23018,4,,,1,9,,23031,4,,,1,49,,23039,4,,,1,9,,23047,4,,,1,10,,23052,4,,,1,9,,22925,4,,,1,9,,22933,4,,,1,9,,22943,4,,,1,48,,22950,4,,,1,9,,22958,4,,,1,9,,22966,4,,,1,9,,22974,4,,,1,8,,22982,4,,,1,9,,22987,4,,,1,8,,23000,4,,,1,49,,23003,4,,,1,9,,23010,4,,,1,8,,23019,4,,,1,9,,23032,4,,,1,8,,23040,4,,,1,9,,23048,4,,,1,9,,23053,4,,,1,48,,22926,4,,,1,9,,22934,4,,,1,8,,22944,4,,,1,9,,22951,4,,,1,9,,22959,4,,,1,8,,22967,4,,,1,9,,22975,4,,,1,48,,22983,4,,,1,8,,22988,4,,,1,8,,23001,4,,,1,7,,23004,4,,,1,8,,23011,4,,,1,8,,23020,4,,,1,7,,23026,4,,,1,7,,23033,4,,,1,47,,23041,4,,,1,7,,23049,4,,,1,6,,23054,4,,,1,7,,23059,4,,,1,7,,22927,4,,,1,7,,22935,4,,,1,7,,22938,4,,,1,7,,22945,4,,,1,6,,22952,4,,,1,47,,22960,4,,,1,7,,22968,4,,,1,7,,22976,4,,,1,7,,22984,4,,,1,7,,22989,4,,,1,6,,22994,4,,,1,7,,23005,4,,,1,7,,23012,4,,,1,7,,23021,4,,,1,47,,23027,4,,,1,7,,23034,4,,,1,6,,23042,4,,,1,7,,23050,4,,,1,7,,23055,4,,,1,7,,23060,4,,,1,7,,22928,4,,,1,7,,22936,4,,,1,46,,22939,4,,,1,8,,22946,4,,,1,7,,22953,4,,,1,7,,22961,4,,,1,8,,22969,4,,,1,7,,22977,4,,,1,7,,22985,4,,,1,8,,22990,4,,,1,7,,22995,4,,,1,47,,23006,4,,,1,8,,23013,4,,,1,7,,23022,4,,,1,7,,23028,4,,,1,8,,23035,4,,,1,7,,23043,4,,,1,8,,23056,4,,,1,8,,23061,4,,,1,47,,22929,4,,,1,8,,22937,4,,,1,8,,22940,4,,,1,8,,22947,4,,,1,8,,22954,4,,,1,8,,22962,4,,,1,7,,22970,4,,,1,48,,22978,4,,,1,8,,22991,4,,,1,8,,22996,4,,,1,8,,23007,4,,,1,7,,23014,4,,,1,8,,23023,4,,,1,8,,23029,4,,,1,8,,23036,4,,,1,49,,23044,4,,,1,8,,23057,4,,,1,9,,23062,4,,,1,8,,22930,4,,,1,9,,22941,4,,,1,8,,22948,4,,,1,9,,22955,4,,,1,48,,22963,4,,,1,9,,22971,4,,,1,9,,22979,4,,,1,9,,22992,4,,,1,9,,22997,4,,,1,9,,23008,4,,,1,9,,23015,4,,,1,50,,23024,4,,,1,10,,23037,4,,,1,10,,23045,4,,,1,10,,23058,4,,,1,10,,23063,4,,,1,10,,22931,4,,,1,50,,22942,4,,,1,10,,22956,4,,,1,10,,22964,4,,,1,10,,22972,4,,,1,10,,22980,4,,,1,10,,22993,4,,,1,50,,22998,4,,,1,10,,23009,4,,,1,10,,23016,4,,,1,10,,23025,4,,,1
201,'GLOBAUX-01-I',529,,23157,4,,,1,10,,23170,4,,,1,9,,23178,4,,,1,10,,23186,4,,,1,49,,23191,4,,,1,9,,23064,4,,,1,10,,23072,4,,,1,9,,23089,4,,,1,9,,23097,4,,,1,10,,23105,4,,,1,49,,23113,4,,,1,9,,23121,4,,,1,10,,23126,4,,,1,9,,23139,4,,,1,9,,23142,4,,,1,10,,23158,4,,,1,9,,23171,4,,,1,49,,23179,4,,,1,9,,23187,4,,,1,10,,23192,4,,,1,9,,23065,4,,,1,9,,23073,4,,,1,9,,23083,4,,,1,48,,23090,4,,,1,9,,23098,4,,,1,9,,23106,4,,,1,9,,23114,4,,,1,8,,23122,4,,,1,9,,23127,4,,,1,8,,23140,4,,,1,49,,23143,4,,,1,9,,23150,4,,,1,8,,23159,4,,,1,9,,23172,4,,,1,8,,23180,4,,,1,9,,23188,4,,,1,9,,23193,4,,,1,48,,23066,4,,,1,9,,23074,4,,,1,8,,23084,4,,,1,9,,23091,4,,,1,9,,23099,4,,,1,8,,23107,4,,,1,9,,23115,4,,,1,48,,23123,4,,,1,8,,23128,4,,,1,8,,23141,4,,,1,7,,23144,4,,,1,8,,23151,4,,,1,8,,23160,4,,,1,7,,23166,4,,,1,7,,23173,4,,,1,47,,23181,4,,,1,7,,23189,4,,,1,6,,23194,4,,,1,7,,23199,4,,,1,7,,23067,4,,,1,7,,23075,4,,,1,7,,23078,4,,,1,7,,23085,4,,,1,6,,23092,4,,,1,47,,23100,4,,,1,7,,23108,4,,,1,7,,23116,4,,,1,7,,23124,4,,,1,7,,23129,4,,,1,6,,23134,4,,,1,7,,23145,4,,,1,7,,23152,4,,,1,7,,23161,4,,,1,47,,23167,4,,,1,7,,23174,4,,,1,6,,23182,4,,,1,7,,23190,4,,,1,7,,23195,4,,,1,7,,23200,4,,,1,7,,23068,4,,,1,7,,23076,4,,,1,46,,23079,4,,,1,8,,23086,4,,,1,7,,23093,4,,,1,7,,23101,4,,,1,8,,23109,4,,,1,7,,23117,4,,,1,7,,23125,4,,,1,8,,23130,4,,,1,7,,23135,4,,,1,47,,23146,4,,,1,8,,23153,4,,,1,7,,23162,4,,,1,7,,23168,4,,,1,8,,23175,4,,,1,7,,23183,4,,,1,8,,23196,4,,,1,8,,23201,4,,,1,47,,23069,4,,,1,8,,23077,4,,,1,8,,23080,4,,,1,8,,23087,4,,,1,8,,23094,4,,,1,8,,23102,4,,,1,7,,23110,4,,,1,48,,23118,4,,,1,8,,23131,4,,,1,8,,23136,4,,,1,8,,23147,4,,,1,7,,23154,4,,,1,8,,23163,4,,,1,8,,23169,4,,,1,8,,23176,4,,,1,49,,23184,4,,,1,8,,23197,4,,,1,9,,23202,4,,,1,8,,23070,4,,,1,9,,23081,4,,,1,8,,23088,4,,,1,9,,23095,4,,,1,48,,23103,4,,,1,9,,23111,4,,,1,9,,23119,4,,,1,9,,23132,4,,,1,9,,23137,4,,,1,9,,23148,4,,,1,9,,23155,4,,,1,50,,23164,4,,,1,10,,23177,4,,,1,10,,23185,4,,,1,10,,23198,4,,,1,10,,23203,4,,,1,10,,23071,4,,,1,50,,23082,4,,,1,10,,23096,4,,,1,10,,23104,4,,,1,10,,23112,4,,,1,10,,23120,4,,,1,10,,23133,4,,,1,50,,23138,4,,,1,10,,23149,4,,,1,10,,23156,4,,,1,10,,23165,4,,,1
201,'GLOBAUX-01-S',529,,23391,4,,,1,6,,23405,4,,,1,6,,23411,4,,,1,6,,23418,4,,,1,6,,23424,4,,,1,6,,23204,4,,,1,46,,23206,4,,,1,6,,23224,4,,,1,6,,23226,4,,,1,5,,23238,4,,,1,5,,23243,4,,,1,5,,23251,4,,,1,5,,23276,4,,,1,4,,23277,4,,,1,4,,23279,4,,,1,4,,23288,4,,,1,4,,23297,4,,,1,4,,23305,4,,,1,44,,23308,4,,,1,3,,23313,4,,,1,4,,23322,4,,,1,3,,23327,4,,,1,3,,23331,4,,,1,3,,23339,4,,,1,3,,23344,4,,,1,3,,23346,4,,,1,3,,23351,4,,,1,3,,23366,4,,,1,2,,23375,1,,,1,3,,23383,4,,,1,3,,23384,4,,,1,3,,23385,1,,,1,3,,23390,4,,,1,3,,23392,4,,,1,3,,23394,4,,,1,3,,23401,1,,,1,3,,23406,4,,,1,3,,23412,4,,,1,43,,23417,4,,,1,3,,23419,4,,,1,2,,23425,4,,,1,3,,23434,4,,,1,3,,23442,1,,,1,3,,23205,4,,,1,3,,23207,4,,,1,3,,23216,4,,,1,3,,23225,4,,,1,3,,23227,4,,,1,3,,23234,1,,,1,3,,23235,4,,,1,3,,23239,4,,,1,2,,23244,4,,,1,3,,23252,4,,,1,3,,23259,4,,,1,3,,23260,4,,,1,4,,23271,4,,,1,3,,23278,4,,,1,3,,23280,4,,,1,43,,23289,4,,,1,4,,23298,4,,,1,3,,23306,4,,,1,4,,23309,4,,,1,3,,23314,4,,,1,4,,23318,4,,,1,4,,23323,4,,,1,4,,23328,4,,,1,3,,23332,4,,,1,4,,23340,4,,,1,5,,23345,4,,,1,5,,23352,4,,,1,5,,23367,4,,,1,5,,23376,4,,,1,5,,23386,4,,,1,45,,23395,4,,,1,6,,23407,4,,,1,6,,23413,4,,,1,6,,23426,4,,,1,6,,23435,4,,,1,6,,23208,4,,,1,6,,23217,4,,,1,6,,23228,4,,,1,6,,23240,4,,,1,6,,23253,4,,,1,46,,23261,4,,,1,6,,23272,4,,,1,6,,23281,4,,,1,6,,23290,4,,,1,6,,23299,4,,,1,6,,23310,4,,,1,6,,23319,4,,,1,6,,23324,4,,,1,6,,23333,4,,,1,6,,23341,4,,,1,46,,23353,4,,,1,6,,23368,4,,,1,6,,23377,4,,,1,6,,23387,4,,,1,6,,23396,4,,,1,6,,23408,4,,,1,6,,23414,4,,,1,6,,23427,4,,,1,6,,23436,4,,,1,6,,23209,4,,,1,46,,23218,4,,,1,6,,23229,4,,,1,6,,23241,4,,,1,6,,23254,4,,,1,6,,23262,4,,,1,6,,23273,4,,,1,6,,23282,4,,,1,6,,23291,4,,,1,6,,23300,4,,,1,6,,23311,4,,,1,46,,23320,4,,,1,6,,23325,4,,,1,6,,23334,4,,,1,6,,23342,4,,,1,6,,23354,4,,,1,6,,23369,4,,,1,6,,23378,4,,,1,6,,23388,4,,,1,6,,23397,4,,,1,6,,23409,4,,,1,45,,23415,4,,,1,5,,23428,4,,,1,5,,23437,4,,,1,5,,23210,4,,,1,5,,23212,4,,,1,5,,23219,4,,,1,4,,23230,4,,,1,4,,23236,4,,,1,3,,23242,4,,,1,4,,23248,4,,,1,3,,23255,4,,,1,3,,23263,4,,,1,3,,23267,4,,,1,4,,23274,4,,,1,3,,23283,4,,,1,43,,23284,4,,,1,3,,23292,4,,,1,4,,23296,4,,,1,3,,23301,4,,,1,3,,23307,4,,,1,3,,23312,4,,,1,4,,23315,4,,,1,3,,23321,4,,,1,3,,23326,4,,,1,3,,23329,4,,,1,3,,23335,4,,,1,4,,23343,4,,,1,3,,23347,4,,,1,3,,23355,4,,,1,3,,23358,4,,,1,3,,23362,4,,,1,3,,23370,4,,,1,4,,23374,4,,,1,3,,23379,4,,,1,43,,23389,4,,,1,3,,23393,4,,,1,3,,23398,4,,,1,3,,23402,4,,,1,4,,23410,4,,,1,3,,23416,4,,,1,3,,23420,4,,,1,3,,23429,4,,,1,4,,23430,4,,,1,3,,23438,4,,,1,4,,23211,4,,,1,4,,23213,4,,,1,4,,23220,4,,,1,3,,23231,4,,,1,4,,23237,4,,,1,4,,23245,4,,,1,4,,23249,4,,,1,44,,23256,4,,,1,5,,23264,4,,,1,5,,23268,4,,,1,4,,23275,4,,,1,5,,23285,4,,,1,5,,23293,4,,,1,5,,23302,4,,,1,4,,23316,4,,,1,5,,23330,4,,,1,5,,23336,4,,,1,5,,23348,4,,,1,5,,23356,4,,,1,45,,23359,4,,,1,6,,23363,4,,,1,6,,23371,4,,,1,6,,23380,4,,,1,6,,23399,4,,,1,6,,23403,4,,,1,6,,23421,4,,,1,6,,23431,4,,,1,6,,23439,4,,,1,6,,23214,4,,,1,46,,23221,4,,,1,6,,23232,4,,,1,6,,23246,4,,,1,6,,23250,4,,,1,6,,23257,4,,,1,6,,23265,4,,,1,6,,23269,4,,,1,6,,23286,4,,,1,6,,23294,4,,,1,6,,23303,4,,,1,46,,23317,4,,,1,6,,23337,4,,,1,6,,23349,4,,,1,6,,23357,4,,,1,6,,23360,4,,,1,6,,23364,4,,,1,6,,23372,4,,,1,6,,23381,4,,,1,6,,23400,4,,,1,6,,23404,4,,,1,46,,23422,4,,,1,6,,23432,4,,,1,6,,23440,4,,,1,6,,23215,4,,,1,6,,23222,4,,,1,6,,23233,4,,,1,7,,23247,4,,,1,7,,23258,4,,,1,7,,23266,4,,,1,7,,23270,4,,,1,47,,23287,4,,,1,7,,23295,4,,,1,7,,23304,4,,,1,7,,23338,4,,,1,8,,23350,4,,,1,8,,23361,4,,,1,8,,23365,4,,,1,8,,23373,4,,,1,48,,23382,4,,,1,8,,23423,4,,,1,8,,23433,4,,,1,8,,23441,4,,,1,8,,23223,4,,,1
