200,'GLOBAUX-01-A',533,,21847,3,,,1,10,,21851,3,,,1,9,,21872,3,,,1,50,,21881,3,,,1,10,,21890,3,,,1,10,,21905,3,,,1,9,,21919,3,,,1,10,,21927,3,,,1,10,,21933,3,,,1,50,,21941,3,,,1,9,,21952,3,,,1,10,,21960,3,,,1,9,,21811,3,,,1,9,,21825,3,,,1,9,,21839,3,,,1,9,,21848,3,,,1,49,,21852,3,,,1,9,,21860,3,,,1,9,,21873,3,,,1,9,,21882,3,,,1,8,,21891,3,,,1,9,,21898,3,,,1,8,,21906,3,,,1,49,,21913,3,,,1,8,,21920,3,,,1,9,,21934,3,,,1,8,,21942,3,,,1,9,,21953,3,,,1,8,,21961,3,,,1,9,,21812,3,,,1,48,,21826,3,,,1,9,,21840,3,,,1,8,,21849,3,,,1,9,,21853,3,,,1,8,,21861,3,,,1,9,,21874,3,,,1,8,,21883,3,,,1,49,,21892,3,,,1,8,,21899,3,,,1,7,,21907,3,,,1,8,,21914,3,,,1,8,,21921,3,,,1,7,,21935,3,,,1,8,,21943,3,,,1,8,,21954,3,,,1,47,,21962,3,,,1,8,,21813,3,,,1,8,,21819,3,,,1,7,,21827,3,,,1,7,,21841,3,,,1,8,,21850,3,,,1,7,,21854,3,,,1,7,,21862,3,,,1,47,,21866,3,,,1,8,,21875,3,,,1,6,,21884,3,,,1,6,,21893,3,,,1,7,,21900,3,,,1,6,,21908,3,,,1,7,,21915,3,,,1,6,,21922,3,,,1,6,,21928,3,,,1,47,,21936,3,,,1,6,,21944,3,,,1,7,,21947,3,,,1,6,,21955,3,,,1,7,,21963,3,,,1,6,,21814,3,,,1,6,,21820,3,,,1,7,,21828,3,,,1,6,,21833,3,,,1,47,,21842,3,,,1,6,,21855,3,,,1,7,,21863,3,,,1,6,,21867,3,,,1,6,,21876,3,,,1,7,,21885,3,,,1,6,,21894,3,,,1,7,,21901,3,,,1,6,,21909,3,,,1,6,,21916,3,,,1,47,,21923,3,,,1,6,,21929,3,,,1,7,,21937,3,,,1,6,,21945,3,,,1,7,,21948,3,,,1,6,,21956,3,,,1,6,,21964,3,,,1,7,,21815,3,,,1,6,,21821,3,,,1,47,,21829,3,,,1,6,,21834,3,,,1,6,,21843,3,,,1,7,,21856,3,,,1,6,,21864,3,,,1,7,,21868,3,,,1,6,,21877,3,,,1,7,,21886,3,,,1,6,,21895,3,,,1,46,,21902,3,,,1,7,,21910,3,,,1,6,,21917,3,,,1,7,,21924,3,,,1,6,,21930,3,,,1,6,,21938,3,,,1,7,,21946,3,,,1,6,,21949,3,,,1,7,,21957,3,,,1,6,,21965,3,,,1,47,,21816,3,,,1,6,,21822,3,,,1,6,,21830,3,,,1,7,,21835,3,,,1,6,,21844,3,,,1,8,,21857,3,,,1,7,,21865,3,,,1,7,,21869,3,,,1,48,,21878,3,,,1,7,,21887,3,,,1,8,,21896,3,,,1,7,,21903,3,,,1,7,,21911,3,,,1,8,,21918,3,,,1,7,,21925,3,,,1,8,,21931,3,,,1,47,,21939,3,,,1,8,,21950,3,,,1,7,,21958,3,,,1,8,,21817,3,,,1,7,,21823,3,,,1,8,,21831,3,,,1,8,,21836,3,,,1,8,,21845,3,,,1,48,,21858,3,,,1,9,,21870,3,,,1,9,,21879,3,,,1,9,,21888,3,,,1,9,,21897,3,,,1,9,,21904,3,,,1,9,,21912,3,,,1,49,,21926,3,,,1,10,,21932,3,,,1,10,,21940,3,,,1,9,,21951,3,,,1,10,,21959,3,,,1,9,,21818,3,,,1,50,,21832,3,,,1,10,,21837,3,,,1,10,,21846,3,,,1,10,,21859,3,,,1,10,,21871,3,,,1,10,,21880,3,,,1,50,,21889,3,,,1
200,'GLOBAUX-01-F1',533,,22001,3,,,1,9,,22009,3,,,1,9,,22017,3,,,1,50,,22025,3,,,1,9,,22031,3,,,1,9,,22043,3,,,1,9,,22047,3,,,1,10,,22062,3,,,1,9,,22074,3,,,1,9,,22082,3,,,1,49,,22090,3,,,1,10,,22095,3,,,1,9,,21966,3,,,1,9,,21975,3,,,1,9,,21993,3,,,1,10,,22002,3,,,1,49,,22010,3,,,1,9,,22018,3,,,1,9,,22026,3,,,1,10,,22032,3,,,1,9,,22044,3,,,1,9,,22048,3,,,1,8,,22055,3,,,1,49,,22063,3,,,1,9,,22075,3,,,1,8,,22083,3,,,1,9,,22091,3,,,1,8,,22096,3,,,1,9,,21967,3,,,1,9,,21976,3,,,1,48,,21986,3,,,1,9,,21994,3,,,1,8,,22003,3,,,1,9,,22011,3,,,1,8,,22019,3,,,1,9,,22027,3,,,1,9,,22033,3,,,1,48,,22045,3,,,1,9,,22049,3,,,1,8,,22056,3,,,1,9,,22064,3,,,1,9,,22076,3,,,1,8,,22084,3,,,1,9,,22092,3,,,1,48,,22097,3,,,1,9,,21968,3,,,1,8,,21977,3,,,1,8,,21987,3,,,1,8,,21995,3,,,1,8,,22004,3,,,1,8,,22012,3,,,1,48,,22020,3,,,1,8,,22028,3,,,1,8,,22034,3,,,1,8,,22046,3,,,1,7,,22050,3,,,1,8,,22057,3,,,1,8,,22065,3,,,1,8,,22070,3,,,1,47,,22077,3,,,1,7,,22085,3,,,1,7,,22093,3,,,1,7,,22098,3,,,1,7,,22103,3,,,1,7,,21969,3,,,1,6,,21978,3,,,1,7,,21981,3,,,1,7,,21988,3,,,1,47,,21996,3,,,1,7,,22005,3,,,1,7,,22013,3,,,1,6,,22021,3,,,1,7,,22029,3,,,1,7,,22035,3,,,1,7,,22039,3,,,1,7,,22051,3,,,1,47,,22058,3,,,1,6,,22066,3,,,1,7,,22071,3,,,1,7,,22078,3,,,1,7,,22086,3,,,1,7,,22094,3,,,1,7,,22099,3,,,1,6,,22104,3,,,1,7,,21970,3,,,1,47,,21979,3,,,1,7,,21982,3,,,1,7,,21989,3,,,1,7,,21997,3,,,1,7,,22006,3,,,1,7,,22014,3,,,1,8,,22022,3,,,1,7,,22030,3,,,1,7,,22036,3,,,1,47,,22040,3,,,1,8,,22052,3,,,1,7,,22059,3,,,1,7,,22067,3,,,1,8,,22072,3,,,1,7,,22079,3,,,1,8,,22087,3,,,1,8,,22100,3,,,1,48,,22105,3,,,1,7,,21971,3,,,1,8,,21980,3,,,1,8,,21983,3,,,1,8,,21990,3,,,1,8,,21998,3,,,1,8,,22007,3,,,1,47,,22015,3,,,1,8,,22023,3,,,1,8,,22037,3,,,1,8,,22041,3,,,1,8,,22053,3,,,1,8,,22060,3,,,1,8,,22068,3,,,1,8,,22073,3,,,1,48,,22080,3,,,1,9,,22088,3,,,1,8,,22101,3,,,1,9,,22106,3,,,1,8,,21972,3,,,1,9,,21984,3,,,1,8,,21991,3,,,1,49,,21999,3,,,1,9,,22008,3,,,1,10,,22016,3,,,1,10,,22024,3,,,1,10,,22038,3,,,1,10,,22042,3,,,1,50,,22054,3,,,1,10,,22061,3,,,1,10,,22069,3,,,1,10,,22081,3,,,1,10,,22089,3,,,1,10,,22102,3,,,1,50,,22107,3,,,1,10,,21973,3,,,1,10,,21985,3,,,1,10,,22000,3,,,1
200,'GLOBAUX-01-F2',533,,22143,3,,,1,9,,22151,3,,,1,9,,22159,3,,,1,50,,22167,3,,,1,9,,22173,3,,,1,9,,22185,3,,,1,9,,22189,3,,,1,10,,22204,3,,,1,9,,22216,3,,,1,9,,22224,3,,,1,49,,22232,3,,,1,10,,22237,3,,,1,9,,22108,3,,,1,9,,22117,3,,,1,9,,22135,3,,,1,10,,22144,3,,,1,49,,22152,3,,,1,9,,22160,3,,,1,9,,22168,3,,,1,10,,22174,3,,,1,9,,22186,3,,,1,9,,22190,3,,,1,8,,22197,3,,,1,49,,22205,3,,,1,9,,22217,3,,,1,8,,22225,3,,,1,9,,22233,3,,,1,8,,22238,3,,,1,9,,22109,3,,,1,9,,22118,3,,,1,48,,22128,3,,,1,9,,22136,3,,,1,8,,22145,3,,,1,9,,22153,3,,,1,8,,22161,3,,,1,9,,22169,3,,,1,9,,22175,3,,,1,48,,22187,3,,,1,9,,22191,3,,,1,8,,22198,3,,,1,9,,22206,3,,,1,9,,22218,3,,,1,8,,22226,3,,,1,9,,22234,3,,,1,48,,22239,3,,,1,9,,22110,3,,,1,8,,22119,3,,,1,8,,22129,3,,,1,8,,22137,3,,,1,8,,22146,3,,,1,8,,22154,3,,,1,48,,22162,3,,,1,8,,22170,3,,,1,8,,22176,3,,,1,8,,22188,3,,,1,7,,22192,3,,,1,8,,22199,3,,,1,8,,22207,3,,,1,8,,22212,3,,,1,47,,22219,3,,,1,7,,22227,3,,,1,7,,22235,3,,,1,7,,22240,3,,,1,7,,22245,3,,,1,7,,22111,3,,,1,6,,22120,3,,,1,7,,22123,3,,,1,7,,22130,3,,,1,47,,22138,3,,,1,7,,22147,3,,,1,7,,22155,3,,,1,6,,22163,3,,,1,7,,22171,3,,,1,7,,22177,3,,,1,7,,22181,3,,,1,7,,22193,3,,,1,47,,22200,3,,,1,6,,22208,3,,,1,7,,22213,3,,,1,7,,22220,3,,,1,7,,22228,3,,,1,7,,22236,3,,,1,7,,22241,3,,,1,6,,22246,3,,,1,7,,22112,3,,,1,47,,22121,3,,,1,7,,22124,3,,,1,7,,22131,3,,,1,7,,22139,3,,,1,7,,22148,3,,,1,7,,22156,3,,,1,8,,22164,3,,,1,7,,22172,3,,,1,7,,22178,3,,,1,47,,22182,3,,,1,8,,22194,3,,,1,7,,22201,3,,,1,7,,22209,3,,,1,8,,22214,3,,,1,7,,22221,3,,,1,8,,22229,3,,,1,8,,22242,3,,,1,48,,22247,3,,,1,7,,22113,3,,,1,8,,22122,3,,,1,8,,22125,3,,,1,8,,22132,3,,,1,8,,22140,3,,,1,8,,22149,3,,,1,47,,22157,3,,,1,8,,22165,3,,,1,8,,22179,3,,,1,8,,22183,3,,,1,8,,22195,3,,,1,8,,22202,3,,,1,8,,22210,3,,,1,8,,22215,3,,,1,48,,22222,3,,,1,9,,22230,3,,,1,8,,22243,3,,,1,9,,22248,3,,,1,8,,22114,3,,,1,9,,22126,3,,,1,8,,22133,3,,,1,49,,22141,3,,,1,9,,22150,3,,,1,10,,22158,3,,,1,10,,22166,3,,,1,10,,22180,3,,,1,10,,22184,3,,,1,50,,22196,3,,,1,10,,22203,3,,,1,10,,22211,3,,,1,10,,22223,3,,,1,10,,22231,3,,,1,10,,22244,3,,,1,50,,22249,3,,,1,10,,22115,3,,,1,10,,22127,3,,,1,10,,22142,3,,,1
200,'GLOBAUX-01-I',533,,22285,3,,,1,9,,22293,3,,,1,9,,22301,3,,,1,50,,22309,3,,,1,9,,22315,3,,,1,9,,22327,3,,,1,9,,22331,3,,,1,10,,22346,3,,,1,9,,22358,3,,,1,9,,22366,3,,,1,49,,22374,3,,,1,10,,22379,3,,,1,9,,22250,3,,,1,9,,22259,3,,,1,9,,22277,3,,,1,10,,22286,3,,,1,49,,22294,3,,,1,9,,22302,3,,,1,9,,22310,3,,,1,10,,22316,3,,,1,9,,22328,3,,,1,9,,22332,3,,,1,8,,22339,3,,,1,49,,22347,3,,,1,9,,22359,3,,,1,8,,22367,3,,,1,9,,22375,3,,,1,8,,22380,3,,,1,9,,22251,3,,,1,9,,22260,3,,,1,48,,22270,3,,,1,9,,22278,3,,,1,8,,22287,3,,,1,9,,22295,3,,,1,8,,22303,3,,,1,9,,22311,3,,,1,9,,22317,3,,,1,48,,22329,3,,,1,9,,22333,3,,,1,8,,22340,3,,,1,9,,22348,3,,,1,9,,22360,3,,,1,8,,22368,3,,,1,9,,22376,3,,,1,48,,22381,3,,,1,9,,22252,3,,,1,8,,22261,3,,,1,8,,22271,3,,,1,8,,22279,3,,,1,8,,22288,3,,,1,8,,22296,3,,,1,48,,22304,3,,,1,8,,22312,3,,,1,8,,22318,3,,,1,8,,22330,3,,,1,7,,22334,3,,,1,8,,22341,3,,,1,8,,22349,3,,,1,8,,22354,3,,,1,47,,22361,3,,,1,7,,22369,3,,,1,7,,22377,3,,,1,7,,22382,3,,,1,7,,22387,3,,,1,7,,22253,3,,,1,6,,22262,3,,,1,7,,22265,3,,,1,7,,22272,3,,,1,47,,22280,3,,,1,7,,22289,3,,,1,7,,22297,3,,,1,6,,22305,3,,,1,7,,22313,3,,,1,7,,22319,3,,,1,7,,22323,3,,,1,7,,22335,3,,,1,47,,22342,3,,,1,6,,22350,3,,,1,7,,22355,3,,,1,7,,22362,3,,,1,7,,22370,3,,,1,7,,22378,3,,,1,7,,22383,3,,,1,6,,22388,3,,,1,7,,22254,3,,,1,47,,22263,3,,,1,7,,22266,3,,,1,7,,22273,3,,,1,7,,22281,3,,,1,7,,22290,3,,,1,7,,22298,3,,,1,8,,22306,3,,,1,7,,22314,3,,,1,7,,22320,3,,,1,47,,22324,3,,,1,8,,22336,3,,,1,7,,22343,3,,,1,7,,22351,3,,,1,8,,22356,3,,,1,7,,22363,3,,,1,8,,22371,3,,,1,8,,22384,3,,,1,48,,22389,3,,,1,7,,22255,3,,,1,8,,22264,3,,,1,8,,22267,3,,,1,8,,22274,3,,,1,8,,22282,3,,,1,8,,22291,3,,,1,47,,22299,3,,,1,8,,22307,3,,,1,8,,22321,3,,,1,8,,22325,3,,,1,8,,22337,3,,,1,8,,22344,3,,,1,8,,22352,3,,,1,8,,22357,3,,,1,48,,22364,3,,,1,9,,22372,3,,,1,8,,22385,3,,,1,9,,22390,3,,,1,8,,22256,3,,,1,9,,22268,3,,,1,8,,22275,3,,,1,49,,22283,3,,,1,9,,22292,3,,,1,10,,22300,3,,,1,10,,22308,3,,,1,10,,22322,3,,,1,10,,22326,3,,,1,50,,22338,3,,,1,10,,22345,3,,,1,10,,22353,3,,,1,10,,22365,3,,,1,10,,22373,3,,,1,10,,22386,3,,,1,50,,22391,3,,,1,10,,22257,3,,,1,10,,22269,3,,,1,10,,22284,3,,,1
200,'GLOBAUX-01-S',533,,22463,3,,,1,6,,22473,3,,,1,6,,22483,3,,,1,6,,22498,3,,,1,6,,22509,3,,,1,46,,22518,3,,,1,6,,22532,3,,,1,6,,22534,3,,,1,5,,22554,3,,,1,5,,22571,3,,,1,5,,22573,3,,,1,5,,22580,3,,,1,5,,22582,3,,,1,4,,22594,3,,,1,4,,22600,3,,,1,4,,22606,3,,,1,4,,22607,3,,,1,3,,22613,3,,,1,44,,22622,3,,,1,3,,22392,3,,,1,4,,22393,3,,,1,3,,22403,3,,,1,3,,22411,3,,,1,4,,22412,3,,,1,3,,22421,3,,,1,4,,22423,3,,,1,3,,22428,3,,,1,3,,22436,3,,,1,4,,22444,3,,,1,3,,22456,3,,,1,3,,22461,3,,,1,3,,22462,3,,,1,4,,22464,3,,,1,3,,22474,3,,,1,3,,22484,3,,,1,3,,22492,3,,,1,44,,22494,3,,,1,3,,22499,3,,,1,3,,22504,3,,,1,3,,22510,3,,,1,4,,22515,3,,,1,3,,22519,3,,,1,3,,22527,3,,,1,3,,22533,3,,,1,4,,22535,3,,,1,3,,22540,3,,,1,3,,22555,3,,,1,3,,22564,3,,,1,4,,22572,3,,,1,3,,22574,3,,,1,4,,22575,3,,,1,4,,22583,3,,,1,4,,22590,3,,,1,43,,22595,3,,,1,4,,22601,3,,,1,4,,22608,3,,,1,4,,22614,3,,,1,4,,22623,3,,,1,4,,22630,3,,,1,4,,22394,3,,,1,4,,22404,3,,,1,4,,22413,3,,,1,4,,22420,3,,,1,4,,22424,3,,,1,5,,22437,3,,,1,5,,22445,3,,,1,5,,22457,3,,,1,46,,22465,3,,,1,6,,22475,3,,,1,6,,22485,3,,,1,6,,22495,3,,,1,6,,22505,3,,,1,6,,22511,3,,,1,6,,22520,3,,,1,6,,22528,3,,,1,6,,22541,3,,,1,6,,22556,3,,,1,46,,22565,3,,,1,6,,22576,3,,,1,6,,22584,3,,,1,6,,22596,3,,,1,6,,22602,3,,,1,6,,22615,3,,,1,6,,22624,3,,,1,6,,22395,3,,,1,6,,22405,3,,,1,6,,22414,3,,,1,46,,22425,3,,,1,6,,22438,3,,,1,6,,22446,3,,,1,6,,22458,3,,,1,6,,22466,3,,,1,6,,22476,3,,,1,6,,22486,3,,,1,6,,22496,3,,,1,6,,22506,3,,,1,6,,22512,3,,,1,46,,22521,3,,,1,6,,22529,3,,,1,6,,22542,3,,,1,6,,22557,3,,,1,6,,22566,3,,,1,6,,22577,3,,,1,6,,22585,3,,,1,6,,22597,3,,,1,6,,22603,3,,,1,6,,22616,3,,,1,46,,22625,3,,,1,6,,22396,3,,,1,6,,22406,3,,,1,6,,22415,3,,,1,6,,22426,3,,,1,6,,22439,3,,,1,6,,22447,3,,,1,6,,22459,3,,,1,6,,22467,3,,,1,5,,22477,3,,,1,5,,22487,3,,,1,44,,22497,3,,,1,5,,22500,3,,,1,4,,22507,3,,,1,5,,22513,3,,,1,4,,22516,3,,,1,4,,22522,3,,,1,4,,22530,3,,,1,4,,22536,3,,,1,3,,22543,3,,,1,3,,22547,3,,,1,3,,22558,3,,,1,4,,22562,3,,,1,2,,22567,3,,,1,3,,22578,3,,,1,3,,22581,3,,,1,3,,22586,3,,,1,43,,22591,3,,,1,3,,22598,3,,,1,3,,22604,3,,,1,3,,22609,3,,,1,3,,22617,3,,,1,3,,22618,3,,,1,3,,22626,3,,,1,3,,22397,3,,,1,2,,22398,3,,,1,3,,22399,3,,,1,3,,22400,3,,,1,3,,22407,3,,,1,3,,22416,3,,,1,3,,22422,3,,,1,3,,22427,3,0,5,1,3,,22429,3,,,1,3,,22433,3,,,1,3,,22440,3,,,1,3,,22448,3,0,5,1,3,,22449,3,,,1,3,,22453,3,,,1,42,,22460,3,,,1,3,,22468,3,0,5,1,3,,22469,3,,,1,3,,22478,3,,,1,3,,22482,3,0,5,1,3,,22488,3,,,1,3,,22493,3,0,5,1,3,,22501,3,,,1,3,,22508,3,,,1,3,,22514,3,,,1,4,,22517,3,,,1,3,,22523,3,,,1,4,,22531,3,,,1,3,,22537,3,,,1,3,,22544,3,,,1,4,,22548,3,,,1,4,,22551,3,,,1,4,,22559,3,,,1,44,,22563,3,,,1,3,,22568,3,,,1,4,,22579,3,,,1,4,,22587,3,,,1,4,,22592,3,,,1,4,,22599,3,,,1,4,,22605,3,,,1,4,,22610,3,,,1,4,,22619,3,,,1,5,,22627,3,,,1,5,,22401,3,,,1,5,,22408,3,,,1,5,,22417,3,,,1,5,,22430,3,,,1,46,,22434,3,,,1,6,,22441,3,,,1,6,,22450,3,,,1,6,,22454,3,,,1,6,,22470,3,,,1,6,,22479,3,,,1,6,,22489,3,,,1,6,,22502,3,,,1,6,,22524,3,,,1,6,,22538,3,,,1,46,,22545,3,,,1,6,,22549,3,,,1,6,,22552,3,,,1,6,,22560,3,,,1,6,,22569,3,,,1,6,,22588,3,,,1,6,,22593,3,,,1,6,,22611,3,,,1,6,,22620,3,,,1,6,,22628,3,,,1,46,,22402,3,,,1,6,,22409,3,,,1,6,,22418,3,,,1,6,,22431,3,,,1,6,,22435,3,,,1,6,,22442,3,,,1,6,,22451,3,,,1,6,,22455,3,,,1,6,,22471,3,,,1,6,,22480,3,,,1,46,,22490,3,,,1,6,,22503,3,,,1,6,,22525,3,,,1,6,,22539,3,,,1,6,,22546,3,,,1,6,,22550,3,,,1,7,,22553,3,,,1,7,,22561,3,,,1,7,,22570,3,,,1,47,,22589,3,,,1,7,,22612,3,,,1,7,,22621,3,,,1,7,,22629,3,,,1,7,,22410,3,,,1,8,,22419,3,,,1,8,,22432,3,,,1,8,,22443,3,,,1,48,,22452,3,,,1,8,,22472,3,,,1,8,,22481,3,,,1,8,,22491,3,,,1,8,,22526,3,,,1
201,'GLOBAUX-01-A',607,,22741,29,,,1,9,,22748,29,,,1,10,,22757,29,,,1,10,,22769,29,,,1,10,,22778,29,,,1,9,,22631,29,,,1,50,,22645,29,,,1,10,,22658,29,,,1,10,,22666,29,,,1,10,,22669,29,,,1,9,,22688,29,,,1,10,,22696,29,,,1,50,,22704,29,,,1,9,,22712,29,,,1,10,,22719,29,,,1,9,,22727,29,,,1,9,,22733,29,,,1,8,,22749,29,,,1,9,,22758,29,,,1,49,,22770,29,,,1,8,,22779,29,,,1,9,,22632,29,,,1,9,,22646,29,,,1,8,,22659,29,,,1,9,,22667,29,,,1,9,,22670,29,,,1,48,,22677,29,,,1,9,,22689,29,,,1,8,,22697,29,,,1,9,,22705,29,,,1,9,,22713,29,,,1,9,,22720,29,,,1,8,,22728,29,,,1,49,,22734,29,,,1,8,,22750,29,,,1,7,,22759,29,,,1,8,,22771,29,,,1,8,,22780,29,,,1,7,,22633,29,,,1,8,,22640,29,,,1,47,,22647,29,,,1,7,,22660,29,,,1,7,,22668,29,,,1,7,,22671,29,,,1,7,,22678,29,,,1,7,,22682,29,,,1,7,,22690,29,,,1,7,,22698,29,,,1,7,,22706,29,,,1,47,,22714,29,,,1,7,,22721,29,,,1,6,,22729,29,,,1,7,,22735,29,,,1,6,,22742,29,,,1,7,,22751,29,,,1,6,,22760,29,,,1,7,,22763,29,,,1,6,,22772,29,,,1,46,,22781,29,,,1,7,,22634,29,,,1,6,,22641,29,,,1,7,,22648,29,,,1,6,,22653,29,,,1,7,,22661,29,,,1,6,,22672,29,,,1,7,,22679,29,,,1,6,,22683,29,,,1,47,,22691,29,,,1,6,,22699,29,,,1,6,,22707,29,,,1,7,,22715,29,,,1,6,,22722,29,,,1,7,,22730,29,,,1,6,,22736,29,,,1,6,,22743,29,,,1,7,,22752,29,,,1,6,,22761,29,,,1,47,,22764,29,,,1,6,,22773,29,,,1,7,,22782,29,,,1,6,,22635,29,,,1,6,,22642,29,,,1,7,,22649,29,,,1,6,,22654,29,,,1,7,,22662,29,,,1,6,,22673,29,,,1,46,,22680,29,,,1,7,,22684,29,,,1,6,,22692,29,,,1,7,,22700,29,,,1,6,,22708,29,,,1,7,,22716,29,,,1,6,,22723,29,,,1,6,,22731,29,,,1,7,,22737,29,,,1,46,,22744,29,,,1,7,,22753,29,,,1,6,,22762,29,,,1,6,,22765,29,,,1,7,,22774,29,,,1,6,,22783,29,,,1,6,,22636,29,,,1,7,,22643,29,,,1,6,,22650,29,,,1,6,,22655,29,,,1,47,,22663,29,,,1,6,,22674,29,,,1,7,,22681,29,,,1,7,,22685,29,,,1,7,,22693,29,,,1,7,,22701,29,,,1,8,,22709,29,,,1,7,,22717,29,,,1,47,,22724,29,,,1,7,,22732,29,,,1,8,,22738,29,,,1,7,,22745,29,,,1,8,,22754,29,,,1,7,,22766,29,,,1,8,,22775,29,,,1,8,,22637,29,,,1,47,,22644,29,,,1,8,,22651,29,,,1,8,,22656,29,,,1,8,,22664,29,,,1,8,,22675,29,,,1,8,,22686,29,,,1,8,,22694,29,,,1,8,,22702,29,,,1,48,,22710,29,,,1,9,,22718,29,,,1,9,,22725,29,,,1,10,,22739,29,,,1,9,,22746,29,,,1,9,,22755,29,,,1,50,,22767,29,,,1,9,,22776,29,,,1,10,,22638,29,,,1,9,,22652,29,,,1,10,,22657,29,,,1,9,,22665,29,,,1,10,,22676,29,,,1,50,,22687,29,,,1,9,,22695,29,,,1,10,,22703,29,,,1,10,,22711,29,,,1,10,,22726,29,,,1,10,,22740,29,,,1,50,,22747,29,,,1,10,,22756,29,,,1,10,,22768,29,,,1,10,,22777,29,,,1,13,,22639,29,,,1
201,'GLOBAUX-01-F1',606,,22877,29,,,1,10,,22890,29,,,1,9,,22898,29,,,1,9,,22906,29,,,1,10,,22911,29,,,1,9,,22784,29,,,1,49,,22792,29,,,1,10,,22809,29,,,1,9,,22817,29,,,1,9,,22825,29,,,1,10,,22833,29,,,1,9,,22841,29,,,1,10,,22846,29,,,1,49,,22859,29,,,1,10,,22862,29,,,1,9,,22878,29,,,1,9,,22891,29,,,1,10,,22899,29,,,1,9,,22907,29,,,1,49,,22912,29,,,1,9,,22785,29,,,1,9,,22793,29,,,1,9,,22803,29,,,1,9,,22810,29,,,1,9,,22818,29,,,1,9,,22826,29,,,1,48,,22834,29,,,1,9,,22842,29,,,1,9,,22847,29,,,1,8,,22860,29,,,1,9,,22863,29,,,1,9,,22870,29,,,1,8,,22879,29,,,1,49,,22892,29,,,1,8,,22900,29,,,1,9,,22908,29,,,1,8,,22913,29,,,1,9,,22786,29,,,1,9,,22794,29,,,1,8,,22804,29,,,1,49,,22811,29,,,1,9,,22819,29,,,1,8,,22827,29,,,1,9,,22835,29,,,1,8,,22843,29,,,1,8,,22848,29,,,1,8,,22861,29,,,1,48,,22864,29,,,1,8,,22871,29,,,1,8,,22880,29,,,1,7,,22886,29,,,1,6,,22893,29,,,1,7,,22901,29,,,1,7,,22909,29,,,1,7,,22914,29,,,1,47,,22919,29,,,1,7,,22787,29,,,1,6,,22795,29,,,1,7,,22798,29,,,1,7,,22805,29,,,1,7,,22812,29,,,1,7,,22820,29,,,1,7,,22828,29,,,1,7,,22836,29,,,1,46,,22844,29,,,1,7,,22849,29,,,1,7,,22854,29,,,1,7,,22865,29,,,1,7,,22872,29,,,1,7,,22881,29,,,1,7,,22887,29,,,1,7,,22894,29,,,1,6,,22902,29,,,1,47,,22910,29,,,1,7,,22915,29,,,1,7,,22920,29,,,1,7,,22788,29,,,1,6,,22796,29,,,1,7,,22799,29,,,1,8,,22806,29,,,1,7,,22813,29,,,1,47,,22821,29,,,1,8,,22829,29,,,1,7,,22837,29,,,1,7,,22845,29,,,1,8,,22850,29,,,1,7,,22855,29,,,1,7,,22866,29,,,1,8,,22873,29,,,1,47,,22882,29,,,1,7,,22888,29,,,1,8,,22895,29,,,1,7,,22903,29,,,1,7,,22916,29,,,1,8,,22921,29,,,1,8,,22789,29,,,1,8,,22797,29,,,1,47,,22800,29,,,1,8,,22807,29,,,1,8,,22814,29,,,1,8,,22822,29,,,1,7,,22830,29,,,1,8,,22838,29,,,1,8,,22851,29,,,1,8,,22856,29,,,1,48,,22867,29,,,1,7,,22874,29,,,1,8,,22883,29,,,1,8,,22889,29,,,1,8,,22896,29,,,1,9,,22904,29,,,1,8,,22917,29,,,1,49,,22922,29,,,1,8,,22790,29,,,1,9,,22801,29,,,1,8,,22808,29,,,1,9,,22815,29,,,1,8,,22823,29,,,1,9,,22831,29,,,1,49,,22839,29,,,1,9,,22852,29,,,1,8,,22857,29,,,1,9,,22868,29,,,1,10,,22875,29,,,1,10,,22884,29,,,1,10,,22897,29,,,1,50,,22905,29,,,1,10,,22918,29,,,1,10,,22923,29,,,1,10,,22791,29,,,1,10,,22802,29,,,1,10,,22816,29,,,1,50,,22824,29,,,1,10,,22832,29,,,1,10,,22840,29,,,1,10,,22853,29,,,1,10,,22858,29,,,1,10,,22869,29,,,1,50,,22876,29,,,1,13,,22885,29,,,1
201,'GLOBAUX-01-F2',606,,23017,29,,,1,10,,23030,29,,,1,9,,23038,29,,,1,9,,23046,29,,,1,10,,23051,29,,,1,9,,22924,29,,,1,49,,22932,29,,,1,10,,22949,29,,,1,9,,22957,29,,,1,9,,22965,29,,,1,10,,22973,29,,,1,9,,22981,29,,,1,10,,22986,29,,,1,49,,22999,29,,,1,10,,23002,29,,,1,9,,23018,29,,,1,9,,23031,29,,,1,10,,23039,29,,,1,9,,23047,29,,,1,49,,23052,29,,,1,9,,22925,29,,,1,9,,22933,29,,,1,9,,22943,29,,,1,9,,22950,29,,,1,9,,22958,29,,,1,9,,22966,29,,,1,48,,22974,29,,,1,9,,22982,29,,,1,9,,22987,29,,,1,8,,23000,29,,,1,9,,23003,29,,,1,9,,23010,29,,,1,8,,23019,29,,,1,49,,23032,29,,,1,8,,23040,29,,,1,9,,23048,29,,,1,8,,23053,29,,,1,9,,22926,29,,,1,9,,22934,29,,,1,8,,22944,29,,,1,49,,22951,29,,,1,9,,22959,29,,,1,8,,22967,29,,,1,9,,22975,29,,,1,8,,22983,29,,,1,8,,22988,29,,,1,8,,23001,29,,,1,48,,23004,29,,,1,8,,23011,29,,,1,8,,23020,29,,,1,7,,23026,29,,,1,6,,23033,29,,,1,7,,23041,29,,,1,7,,23049,29,,,1,7,,23054,29,,,1,47,,23059,29,,,1,7,,22927,29,,,1,6,,22935,29,,,1,7,,22938,29,,,1,7,,22945,29,,,1,7,,22952,29,,,1,7,,22960,29,,,1,7,,22968,29,,,1,7,,22976,29,,,1,46,,22984,29,,,1,7,,22989,29,,,1,7,,22994,29,,,1,7,,23005,29,,,1,7,,23012,29,,,1,7,,23021,29,,,1,7,,23027,29,,,1,7,,23034,29,,,1,6,,23042,29,,,1,47,,23050,29,,,1,7,,23055,29,,,1,7,,23060,29,,,1,7,,22928,29,,,1,6,,22936,29,,,1,7,,22939,29,,,1,8,,22946,29,,,1,7,,22953,29,,,1,47,,22961,29,,,1,8,,22969,29,,,1,7,,22977,29,,,1,7,,22985,29,,,1,8,,22990,29,,,1,7,,22995,29,,,1,7,,23006,29,,,1,8,,23013,29,,,1,47,,23022,29,,,1,7,,23028,29,,,1,8,,23035,29,,,1,7,,23043,29,,,1,7,,23056,29,,,1,8,,23061,29,,,1,8,,22929,29,,,1,8,,22937,29,,,1,47,,22940,29,,,1,8,,22947,29,,,1,8,,22954,29,,,1,8,,22962,29,,,1,7,,22970,29,,,1,8,,22978,29,,,1,8,,22991,29,,,1,8,,22996,29,,,1,48,,23007,29,,,1,7,,23014,29,,,1,8,,23023,29,,,1,8,,23029,29,,,1,8,,23036,29,,,1,9,,23044,29,,,1,8,,23057,29,,,1,49,,23062,29,,,1,8,,22930,29,,,1,9,,22941,29,,,1,8,,22948,29,,,1,9,,22955,29,,,1,8,,22963,29,,,1,9,,22971,29,,,1,49,,22979,29,,,1,9,,22992,29,,,1,8,,22997,29,,,1,9,,23008,29,,,1,10,,23015,29,,,1,10,,23024,29,,,1,10,,23037,29,,,1,50,,23045,29,,,1,10,,23058,29,,,1,10,,23063,29,,,1,10,,22931,29,,,1,10,,22942,29,,,1,10,,22956,29,,,1,50,,22964,29,,,1,10,,22972,29,,,1,10,,22980,29,,,1,10,,22993,29,,,1,10,,22998,29,,,1,10,,23009,29,,,1,50,,23016,29,,,1,13,,23025,29,,,1
201,'GLOBAUX-01-I',606,,23157,29,,,1,10,,23170,29,,,1,9,,23178,29,,,1,9,,23186,29,,,1,10,,23191,29,,,1,9,,23064,29,,,1,49,,23072,29,,,1,10,,23089,29,,,1,9,,23097,29,,,1,9,,23105,29,,,1,10,,23113,29,,,1,9,,23121,29,,,1,10,,23126,29,,,1,49,,23139,29,,,1,10,,23142,29,,,1,9,,23158,29,,,1,9,,23171,29,,,1,10,,23179,29,,,1,9,,23187,29,,,1,49,,23192,29,,,1,9,,23065,29,,,1,9,,23073,29,,,1,9,,23083,29,,,1,9,,23090,29,,,1,9,,23098,29,,,1,9,,23106,29,,,1,48,,23114,29,,,1,9,,23122,29,,,1,9,,23127,29,,,1,8,,23140,29,,,1,9,,23143,29,,,1,9,,23150,29,,,1,8,,23159,29,,,1,49,,23172,29,,,1,8,,23180,29,,,1,9,,23188,29,,,1,8,,23193,29,,,1,9,,23066,29,,,1,9,,23074,29,,,1,8,,23084,29,,,1,49,,23091,29,,,1,9,,23099,29,,,1,8,,23107,29,,,1,9,,23115,29,,,1,8,,23123,29,,,1,8,,23128,29,,,1,8,,23141,29,,,1,48,,23144,29,,,1,8,,23151,29,,,1,8,,23160,29,,,1,7,,23166,29,,,1,6,,23173,29,,,1,7,,23181,29,,,1,7,,23189,29,,,1,7,,23194,29,,,1,47,,23199,29,,,1,7,,23067,29,,,1,6,,23075,29,,,1,7,,23078,29,,,1,7,,23085,29,,,1,7,,23092,29,,,1,7,,23100,29,,,1,7,,23108,29,,,1,7,,23116,29,,,1,46,,23124,29,,,1,7,,23129,29,,,1,7,,23134,29,,,1,7,,23145,29,,,1,7,,23152,29,,,1,7,,23161,29,,,1,7,,23167,29,,,1,7,,23174,29,,,1,6,,23182,29,,,1,47,,23190,29,,,1,7,,23195,29,,,1,7,,23200,29,,,1,7,,23068,29,,,1,6,,23076,29,,,1,7,,23079,29,,,1,8,,23086,29,,,1,7,,23093,29,,,1,47,,23101,29,,,1,8,,23109,29,,,1,7,,23117,29,,,1,7,,23125,29,,,1,8,,23130,29,,,1,7,,23135,29,,,1,7,,23146,29,,,1,8,,23153,29,,,1,47,,23162,29,,,1,7,,23168,29,,,1,8,,23175,29,,,1,7,,23183,29,,,1,7,,23196,29,,,1,8,,23201,29,,,1,8,,23069,29,,,1,8,,23077,29,,,1,47,,23080,29,,,1,8,,23087,29,,,1,8,,23094,29,,,1,8,,23102,29,,,1,7,,23110,29,,,1,8,,23118,29,,,1,8,,23131,29,,,1,8,,23136,29,,,1,48,,23147,29,,,1,7,,23154,29,,,1,8,,23163,29,,,1,8,,23169,29,,,1,8,,23176,29,,,1,9,,23184,29,,,1,8,,23197,29,,,1,49,,23202,29,,,1,8,,23070,29,,,1,9,,23081,29,,,1,8,,23088,29,,,1,9,,23095,29,,,1,8,,23103,29,,,1,9,,23111,29,,,1,49,,23119,29,,,1,9,,23132,29,,,1,8,,23137,29,,,1,9,,23148,29,,,1,10,,23155,29,,,1,10,,23164,29,,,1,10,,23177,29,,,1,50,,23185,29,,,1,10,,23198,29,,,1,10,,23203,29,,,1,10,,23071,29,,,1,10,,23082,29,,,1,10,,23096,29,,,1,50,,23104,29,,,1,10,,23112,29,,,1,10,,23120,29,,,1,10,,23133,29,,,1,10,,23138,29,,,1,10,,23149,29,,,1,50,,23156,29,,,1,13,,23165,29,,,1
201,'GLOBAUX-01-S',606,,23391,29,,,1,6,,23405,29,,,1,6,,23411,29,,,1,6,,23418,29,,,1,6,,23424,29,,,1,6,,23204,29,,,1,6,,23206,29,,,1,6,,23224,29,,,1,6,,23226,29,,,1,5,,23238,29,,,1,45,,23243,29,,,1,5,,23251,29,,,1,5,,23276,29,,,1,4,,23277,29,,,1,4,,23279,29,,,1,4,,23288,29,,,1,5,,23297,29,,,1,3,,23305,29,,,1,4,,23308,29,,,1,3,,23313,29,,,1,4,,23322,29,,,1,4,,23327,29,,,1,3,,23331,29,,,1,3,,23339,29,,,1,3,,23344,29,,,1,43,,23346,29,,,1,3,,23351,29,,,1,3,,23366,29,,,1,3,,23375,26,,,1,3,,23383,29,,,1,3,,23384,29,,,1,3,,23385,26,,,1,3,,23390,29,,,1,3,,23392,29,,,1,3,,23394,29,,,1,3,,23401,26,,,1,3,,23406,29,,,1,2,,23412,29,,,1,3,,23417,29,,,1,3,,23419,29,,,1,3,,23425,29,,,1,3,,23434,29,,,1,3,,23442,26,,,1,3,,23205,29,,,1,3,,23207,29,,,1,2,,23216,29,,,1,43,,23225,29,,,1,3,,23227,29,,,1,2,,23234,26,,,1,4,,23235,29,,,1,2,,23239,29,,,1,3,,23244,29,,,1,3,,23252,29,,,1,3,,23259,29,,,1,3,,23260,29,,,1,3,,23271,29,,,1,3,,23278,29,,,1,3,,23280,29,,,1,4,,23289,29,,,1,3,,23298,29,,,1,3,,23306,29,,,1,4,,23309,29,,,1,4,,23314,29,,,1,3,,23318,29,,,1,4,,23323,29,,,1,44,,23328,29,,,1,4,,23332,29,,,1,3,,23340,29,,,1,5,,23345,29,,,1,5,,23352,29,,,1,5,,23367,29,,,1,5,,23376,29,,,1,5,,23386,29,,,1,5,,23395,29,,,1,6,,23407,29,,,1,6,,23413,29,,,1,6,,23426,29,,,1,46,,23435,29,,,1,6,,23208,29,,,1,6,,23217,29,,,1,6,,23228,29,,,1,6,,23240,29,,,1,6,,23253,29,,,1,6,,23261,29,,,1,6,,23272,29,,,1,6,,23281,29,,,1,6,,23290,29,,,1,46,,23299,29,,,1,6,,23310,29,,,1,6,,23319,29,,,1,6,,23324,29,,,1,6,,23333,29,,,1,6,,23341,29,,,1,6,,23353,29,,,1,6,,23368,29,,,1,6,,23377,29,,,1,7,,23387,29,,,1,46,,23396,29,,,1,6,,23408,29,,,1,6,,23414,29,,,1,6,,23427,29,,,1,6,,23436,29,,,1,6,,23209,29,,,1,6,,23218,29,,,1,5,,23229,29,,,1,6,,23241,29,,,1,6,,23254,29,,,1,46,,23262,29,,,1,6,,23273,29,,,1,7,,23282,29,,,1,6,,23291,29,,,1,6,,23300,29,,,1,6,,23311,29,,,1,6,,23320,29,,,1,6,,23325,29,,,1,6,,23334,29,,,1,6,,23342,29,,,1,46,,23354,29,,,1,6,,23369,29,,,1,6,,23378,29,,,1,6,,23388,29,,,1,6,,23397,29,,,1,6,,23409,29,,,1,5,,23415,29,,,1,5,,23428,29,,,1,5,,23437,29,,,1,5,,23210,29,,,1,45,,23212,29,,,1,4,,23219,29,,,1,5,,23230,29,,,1,3,,23236,29,,,1,4,,23242,29,,,1,3,,23248,29,,,1,4,,23255,29,,,1,3,,23263,29,,,1,3,,23267,29,,,1,3,,23274,29,,,1,4,,23283,29,,,1,3,,23284,29,,,1,3,,23292,29,,,1,3,,23296,29,,,1,4,,23301,29,,,1,3,,23307,29,,,1,3,,23312,29,,,1,3,,23315,29,,,1,44,,23321,29,,,1,3,,23326,29,,,1,3,,23329,29,,,1,3,,23335,29,,,1,3,,23343,29,,,1,4,,23347,29,,,1,3,,23355,29,,,1,3,,23358,29,,,1,3,,23362,29,,,1,3,,23370,29,,,1,4,,23374,29,,,1,3,,23379,29,,,1,3,,23389,29,,,1,3,,23393,29,,,1,3,,23398,29,,,1,3,,23402,29,,,1,3,,23410,29,,,1,4,,23416,29,,,1,3,,23420,29,,,1,43,,23429,29,,,1,3,,23430,29,,,1,4,,23438,29,,,1,4,,23211,29,,,1,3,,23213,29,,,1,4,,23220,29,,,1,4,,23231,29,,,1,4,,23237,29,,,1,3,,23245,29,,,1,4,,23249,29,,,1,5,,23256,29,,,1,4,,23264,29,,,1,5,,23268,29,,,1,5,,23275,29,,,1,4,,23285,29,,,1,45,,23293,29,,,1,5,,23302,29,,,1,4,,23316,29,,,1,5,,23330,29,,,1,5,,23336,29,,,1,5,,23348,29,,,1,5,,23356,29,,,1,5,,23359,29,,,1,6,,23363,29,,,1,6,,23371,29,,,1,6,,23380,29,,,1,46,,23399,29,,,1,6,,23403,29,,,1,6,,23421,29,,,1,6,,23431,29,,,1,6,,23439,29,,,1,6,,23214,29,,,1,6,,23221,29,,,1,6,,23232,29,,,1,6,,23246,29,,,1,6,,23250,29,,,1,46,,23257,29,,,1,6,,23265,29,,,1,6,,23269,29,,,1,6,,23286,29,,,1,6,,23294,29,,,1,5,,23303,29,,,1,6,,23317,29,,,1,6,,23337,29,,,1,6,,23349,29,,,1,6,,23357,29,,,1,46,,23360,29,,,1,6,,23364,29,,,1,6,,23372,29,,,1,6,,23381,29,,,1,6,,23400,29,,,1,6,,23404,29,,,1,6,,23422,29,,,1,6,,23432,29,,,1,6,,23440,29,,,1,6,,23215,29,,,1,47,,23222,29,,,1,6,,23233,29,,,1,7,,23247,29,,,1,7,,23258,29,,,1,6,,23266,29,,,1,7,,23270,29,,,1,7,,23287,29,,,1,7,,23295,29,,,1,7,,23304,29,,,1,47,,23338,29,,,1,8,,23350,29,,,1,8,,23361,29,,,1,8,,23365,29,,,1,8,,23373,29,,,1,8,,23382,29,,,1,8,,23423,29,,,1,8,,23433,29,,,1,48,,23441,29,,,1,12,,23223,29,,,1
