200,'GLOBAUX-01-A',603,,21847,24,,,1,10,,21851,24,,,1,9,,21872,24,,,1,10,,21881,24,,,1,10,,21890,24,,,1,10,,21905,24,,,1,50,,21919,24,,,1,10,,21927,24,,,1,10,,21933,24,,,1,9,,21941,24,,,1,11,,21952,24,,,1,9,,21960,24,,,1,50,,21811,24,,,1,9,,21825,24,,,1,9,,21839,24,,,1,9,,21848,24,,,1,9,,21852,24,,,1,8,,21860,24,,,1,9,,21873,24,,,1,49,,21882,24,,,1,8,,21891,24,,,1,9,,21898,24,,,1,8,,21906,24,,,1,9,,21913,24,,,1,8,,21920,24,,,1,9,,21934,24,,,1,48,,21942,24,,,1,9,,21953,24,,,1,8,,21961,24,,,1,9,,21812,24,,,1,8,,21826,24,,,1,9,,21840,24,,,1,8,,21849,24,,,1,49,,21853,24,,,1,8,,21861,24,,,1,8,,21874,24,,,1,9,,21883,24,,,1,9,,21892,24,,,1,7,,21899,24,,,1,8,,21907,24,,,1,8,,21914,24,,,1,47,,21921,24,,,1,8,,21935,24,,,1,8,,21943,24,,,1,7,,21954,24,,,1,8,,21962,24,,,1,8,,21813,24,,,1,7,,21819,24,,,1,48,,21827,24,,,1,7,,21841,24,,,1,7,,21850,24,,,1,8,,21854,24,,,1,7,,21862,24,,,1,7,,21866,24,,,1,8,,21875,24,,,1,6,,21884,24,,,1,6,,21893,24,,,1,47,,21900,24,,,1,6,,21908,24,,,1,7,,21915,24,,,1,6,,21922,24,,,1,7,,21928,24,,,1,6,,21936,24,,,1,7,,21944,24,,,1,6,,21947,24,,,1,7,,21955,24,,,1,46,,21963,24,,,1,7,,21814,24,,,1,6,,21820,24,,,1,6,,21828,24,,,1,7,,21833,24,,,1,6,,21842,24,,,1,7,,21855,24,,,1,7,,21863,24,,,1,6,,21867,24,,,1,6,,21876,24,,,1,47,,21885,24,,,1,6,,21894,24,,,1,7,,21901,24,,,1,6,,21909,24,,,1,7,,21916,24,,,1,6,,21923,24,,,1,7,,21929,24,,,1,6,,21937,24,,,1,7,,21945,24,,,1,46,,21948,24,,,1,6,,21956,24,,,1,7,,21964,24,,,1,6,,21815,24,,,1,7,,21821,24,,,1,6,,21829,24,,,1,6,,21834,24,,,1,7,,21843,24,,,1,6,,21856,24,,,1,47,,21864,24,,,1,6,,21868,24,,,1,6,,21877,24,,,1,6,,21886,24,,,1,7,,21895,24,,,1,6,,21902,24,,,1,6,,21910,24,,,1,7,,21917,24,,,1,6,,21924,24,,,1,6,,21930,24,,,1,47,,21938,24,,,1,6,,21946,24,,,1,6,,21949,24,,,1,6,,21957,24,,,1,7,,21965,24,,,1,6,,21816,24,,,1,7,,21822,24,,,1,6,,21830,24,,,1,6,,21835,24,,,1,47,,21844,24,,,1,7,,21857,24,,,1,8,,21865,24,,,1,7,,21869,24,,,1,7,,21878,24,,,1,8,,21887,24,,,1,7,,21896,24,,,1,8,,21903,24,,,1,47,,21911,24,,,1,7,,21918,24,,,1,8,,21925,24,,,1,7,,21931,24,,,1,8,,21939,24,,,1,7,,21950,24,,,1,7,,21958,24,,,1,8,,21817,24,,,1,48,,21823,24,,,1,8,,21831,24,,,1,7,,21836,24,,,1,8,,21845,24,,,1,9,,21858,24,,,1,8,,21870,24,,,1,9,,21879,24,,,1,9,,21888,24,,,1,49,,21897,24,,,1,9,,21904,24,,,1,9,,21912,24,,,1,9,,21926,24,,,1,10,,21932,24,,,1,10,,21940,24,,,1,49,,21951,24,,,1,10,,21959,24,,,1,9,,21818,24,,,1,10,,21832,24,,,1,10,,21837,24,,,1,10,,21846,24,,,1,50,,21859,24,,,1,10,,21871,24,,,1,10,,21880,24,,,1,13,,21889,24,,,1
200,'GLOBAUX-01-F1',603,,22001,24,,,1,9,,22009,24,,,1,9,,22017,24,,,1,9,,22025,24,,,1,10,,22031,24,,,1,9,,22043,24,,,1,9,,22047,24,,,1,50,,22062,24,,,1,9,,22074,24,,,1,9,,22082,24,,,1,9,,22090,24,,,1,10,,22095,24,,,1,9,,21966,24,,,1,49,,21975,24,,,1,10,,21993,24,,,1,9,,22002,24,,,1,9,,22010,24,,,1,9,,22018,24,,,1,10,,22026,24,,,1,9,,22032,24,,,1,49,,22044,24,,,1,9,,22048,24,,,1,9,,22055,24,,,1,9,,22063,24,,,1,8,,22075,24,,,1,9,,22083,24,,,1,48,,22091,24,,,1,9,,22096,24,,,1,9,,21967,24,,,1,8,,21976,24,,,1,9,,21986,24,,,1,8,,21994,24,,,1,9,,22003,24,,,1,48,,22011,24,,,1,9,,22019,24,,,1,9,,22027,24,,,1,8,,22033,24,,,1,9,,22045,24,,,1,8,,22049,24,,,1,9,,22056,24,,,1,49,,22064,24,,,1,8,,22076,24,,,1,9,,22084,24,,,1,9,,22092,24,,,1,8,,22097,24,,,1,9,,21968,24,,,1,8,,21977,24,,,1,48,,21987,24,,,1,8,,21995,24,,,1,8,,22004,24,,,1,8,,22012,24,,,1,8,,22020,24,,,1,8,,22028,24,,,1,8,,22034,24,,,1,8,,22046,24,,,1,48,,22050,24,,,1,8,,22057,24,,,1,7,,22065,24,,,1,8,,22070,24,,,1,7,,22077,24,,,1,7,,22085,24,,,1,7,,22093,24,,,1,7,,22098,24,,,1,47,,22103,24,,,1,7,,21969,24,,,1,7,,21978,24,,,1,7,,21981,24,,,1,6,,21988,24,,,1,7,,21996,24,,,1,7,,22005,24,,,1,7,,22013,24,,,1,7,,22021,24,,,1,47,,22029,24,,,1,7,,22035,24,,,1,7,,22039,24,,,1,6,,22051,24,,,1,7,,22058,24,,,1,7,,22066,24,,,1,7,,22071,24,,,1,7,,22078,24,,,1,7,,22086,24,,,1,46,,22094,24,,,1,7,,22099,24,,,1,7,,22104,24,,,1,7,,21970,24,,,1,7,,21979,24,,,1,7,,21982,24,,,1,7,,21989,24,,,1,6,,21997,24,,,1,48,,22006,24,,,1,7,,22014,24,,,1,7,,22022,24,,,1,7,,22030,24,,,1,8,,22036,24,,,1,7,,22040,24,,,1,7,,22052,24,,,1,8,,22059,24,,,1,7,,22067,24,,,1,47,,22072,24,,,1,8,,22079,24,,,1,7,,22087,24,,,1,8,,22100,24,,,1,8,,22105,24,,,1,8,,21971,24,,,1,7,,21980,24,,,1,48,,21983,24,,,1,8,,21990,24,,,1,8,,21998,24,,,1,8,,22007,24,,,1,7,,22015,24,,,1,8,,22023,24,,,1,8,,22037,24,,,1,8,,22041,24,,,1,48,,22053,24,,,1,8,,22060,24,,,1,8,,22068,24,,,1,8,,22073,24,,,1,8,,22080,24,,,1,9,,22088,24,,,1,8,,22101,24,,,1,49,,22106,24,,,1,8,,21972,24,,,1,9,,21984,24,,,1,8,,21991,24,,,1,9,,21999,24,,,1,9,,22008,24,,,1,10,,22016,24,,,1,50,,22024,24,,,1,10,,22038,24,,,1,10,,22042,24,,,1,10,,22054,24,,,1,10,,22061,24,,,1,10,,22069,24,,,1,50,,22081,24,,,1,10,,22089,24,,,1,10,,22102,24,,,1,10,,22107,24,,,1,10,,21973,24,,,1,10,,21985,24,,,1,52,,22000,24,,,1
200,'GLOBAUX-01-F2',603,,22143,24,,,1,9,,22151,24,,,1,9,,22159,24,,,1,9,,22167,24,,,1,10,,22173,24,,,1,9,,22185,24,,,1,9,,22189,24,,,1,50,,22204,24,,,1,9,,22216,24,,,1,9,,22224,24,,,1,9,,22232,24,,,1,10,,22237,24,,,1,9,,22108,24,,,1,49,,22117,24,,,1,10,,22135,24,,,1,9,,22144,24,,,1,9,,22152,24,,,1,9,,22160,24,,,1,10,,22168,24,,,1,9,,22174,24,,,1,49,,22186,24,,,1,9,,22190,24,,,1,9,,22197,24,,,1,9,,22205,24,,,1,8,,22217,24,,,1,9,,22225,24,,,1,48,,22233,24,,,1,9,,22238,24,,,1,9,,22109,24,,,1,8,,22118,24,,,1,9,,22128,24,,,1,8,,22136,24,,,1,9,,22145,24,,,1,48,,22153,24,,,1,9,,22161,24,,,1,9,,22169,24,,,1,8,,22175,24,,,1,9,,22187,24,,,1,8,,22191,24,,,1,9,,22198,24,,,1,49,,22206,24,,,1,8,,22218,24,,,1,9,,22226,24,,,1,9,,22234,24,,,1,8,,22239,24,,,1,9,,22110,24,,,1,8,,22119,24,,,1,48,,22129,24,,,1,8,,22137,24,,,1,8,,22146,24,,,1,8,,22154,24,,,1,8,,22162,24,,,1,8,,22170,24,,,1,8,,22176,24,,,1,8,,22188,24,,,1,48,,22192,24,,,1,8,,22199,24,,,1,7,,22207,24,,,1,8,,22212,24,,,1,7,,22219,24,,,1,7,,22227,24,,,1,7,,22235,24,,,1,7,,22240,24,,,1,47,,22245,24,,,1,7,,22111,24,,,1,7,,22120,24,,,1,7,,22123,24,,,1,6,,22130,24,,,1,7,,22138,24,,,1,7,,22147,24,,,1,7,,22155,24,,,1,7,,22163,24,,,1,47,,22171,24,,,1,7,,22177,24,,,1,7,,22181,24,,,1,6,,22193,24,,,1,7,,22200,24,,,1,7,,22208,24,,,1,7,,22213,24,,,1,7,,22220,24,,,1,7,,22228,24,,,1,46,,22236,24,,,1,7,,22241,24,,,1,7,,22246,24,,,1,7,,22112,24,,,1,7,,22121,24,,,1,7,,22124,24,,,1,7,,22131,24,,,1,6,,22139,24,,,1,48,,22148,24,,,1,7,,22156,24,,,1,7,,22164,24,,,1,7,,22172,24,,,1,8,,22178,24,,,1,7,,22182,24,,,1,7,,22194,24,,,1,8,,22201,24,,,1,7,,22209,24,,,1,47,,22214,24,,,1,8,,22221,24,,,1,7,,22229,24,,,1,8,,22242,24,,,1,8,,22247,24,,,1,8,,22113,24,,,1,7,,22122,24,,,1,48,,22125,24,,,1,8,,22132,24,,,1,8,,22140,24,,,1,8,,22149,24,,,1,7,,22157,24,,,1,8,,22165,24,,,1,8,,22179,24,,,1,8,,22183,24,,,1,48,,22195,24,,,1,8,,22202,24,,,1,8,,22210,24,,,1,8,,22215,24,,,1,8,,22222,24,,,1,9,,22230,24,,,1,8,,22243,24,,,1,49,,22248,24,,,1,8,,22114,24,,,1,9,,22126,24,,,1,8,,22133,24,,,1,9,,22141,24,,,1,9,,22150,24,,,1,10,,22158,24,,,1,50,,22166,24,,,1,10,,22180,24,,,1,10,,22184,24,,,1,10,,22196,24,,,1,10,,22203,24,,,1,10,,22211,24,,,1,50,,22223,24,,,1,10,,22231,24,,,1,10,,22244,24,,,1,10,,22249,24,,,1,10,,22115,24,,,1,10,,22127,24,,,1,52,,22142,24,,,1
200,'GLOBAUX-01-I',603,,22285,24,,,1,9,,22293,24,,,1,9,,22301,24,,,1,9,,22309,24,,,1,10,,22315,24,,,1,9,,22327,24,,,1,9,,22331,24,,,1,50,,22346,24,,,1,9,,22358,24,,,1,9,,22366,24,,,1,9,,22374,24,,,1,10,,22379,24,,,1,9,,22250,24,,,1,49,,22259,24,,,1,10,,22277,24,,,1,9,,22286,24,,,1,9,,22294,24,,,1,9,,22302,24,,,1,10,,22310,24,,,1,9,,22316,24,,,1,49,,22328,24,,,1,9,,22332,24,,,1,9,,22339,24,,,1,9,,22347,24,,,1,8,,22359,24,,,1,9,,22367,24,,,1,48,,22375,24,,,1,9,,22380,24,,,1,9,,22251,24,,,1,8,,22260,24,,,1,9,,22270,24,,,1,8,,22278,24,,,1,9,,22287,24,,,1,48,,22295,24,,,1,9,,22303,24,,,1,9,,22311,24,,,1,8,,22317,24,,,1,9,,22329,24,,,1,8,,22333,24,,,1,9,,22340,24,,,1,49,,22348,24,,,1,8,,22360,24,,,1,9,,22368,24,,,1,9,,22376,24,,,1,8,,22381,24,,,1,9,,22252,24,,,1,8,,22261,24,,,1,48,,22271,24,,,1,8,,22279,24,,,1,8,,22288,24,,,1,8,,22296,24,,,1,8,,22304,24,,,1,8,,22312,24,,,1,8,,22318,24,,,1,8,,22330,24,,,1,48,,22334,24,,,1,8,,22341,24,,,1,7,,22349,24,,,1,8,,22354,24,,,1,7,,22361,24,,,1,7,,22369,24,,,1,7,,22377,24,,,1,7,,22382,24,,,1,47,,22387,24,,,1,7,,22253,24,,,1,7,,22262,24,,,1,7,,22265,24,,,1,6,,22272,24,,,1,7,,22280,24,,,1,7,,22289,24,,,1,7,,22297,24,,,1,7,,22305,24,,,1,47,,22313,24,,,1,7,,22319,24,,,1,7,,22323,24,,,1,6,,22335,24,,,1,7,,22342,24,,,1,7,,22350,24,,,1,7,,22355,24,,,1,7,,22362,24,,,1,7,,22370,24,,,1,46,,22378,24,,,1,7,,22383,24,,,1,7,,22388,24,,,1,7,,22254,24,,,1,7,,22263,24,,,1,7,,22266,24,,,1,7,,22273,24,,,1,6,,22281,24,,,1,48,,22290,24,,,1,7,,22298,24,,,1,7,,22306,24,,,1,7,,22314,24,,,1,8,,22320,24,,,1,7,,22324,24,,,1,7,,22336,24,,,1,8,,22343,24,,,1,7,,22351,24,,,1,47,,22356,24,,,1,8,,22363,24,,,1,7,,22371,24,,,1,8,,22384,24,,,1,8,,22389,24,,,1,8,,22255,24,,,1,7,,22264,24,,,1,48,,22267,24,,,1,8,,22274,24,,,1,8,,22282,24,,,1,8,,22291,24,,,1,7,,22299,24,,,1,8,,22307,24,,,1,8,,22321,24,,,1,8,,22325,24,,,1,48,,22337,24,,,1,8,,22344,24,,,1,8,,22352,24,,,1,8,,22357,24,,,1,8,,22364,24,,,1,9,,22372,24,,,1,8,,22385,24,,,1,49,,22390,24,,,1,8,,22256,24,,,1,9,,22268,24,,,1,8,,22275,24,,,1,9,,22283,24,,,1,9,,22292,24,,,1,10,,22300,24,,,1,50,,22308,24,,,1,10,,22322,24,,,1,10,,22326,24,,,1,10,,22338,24,,,1,10,,22345,24,,,1,10,,22353,24,,,1,50,,22365,24,,,1,10,,22373,24,,,1,10,,22386,24,,,1,10,,22391,24,,,1,10,,22257,24,,,1,10,,22269,24,,,1,52,,22284,24,,,1
200,'GLOBAUX-01-S',602,,22463,24,,,1,6,,22473,24,,,1,6,,22483,24,,,1,6,,22498,24,,,1,6,,22509,24,,,1,6,,22518,24,,,1,6,,22532,24,,,1,6,,22534,24,,,1,6,,22554,24,,,1,5,,22571,24,,,1,45,,22573,24,,,1,5,,22580,24,,,1,5,,22582,24,,,1,4,,22594,24,,,1,4,,22600,24,,,1,4,,22606,24,,,1,4,,22607,24,,,1,3,,22613,24,,,1,4,,22622,24,,,1,3,,22392,24,,,1,4,,22393,24,,,1,3,,22403,24,,,1,3,,22411,24,,,1,4,,22412,24,,,1,4,,22421,24,,,1,3,,22423,24,,,1,43,,22428,24,,,1,4,,22436,24,,,1,3,,22444,24,,,1,3,,22456,24,,,1,4,,22461,24,,,1,3,,22462,24,,,1,3,,22464,24,,,1,4,,22474,24,,,1,3,,22484,24,,,1,3,,22492,24,,,1,3,,22494,24,,,1,4,,22499,24,,,1,3,,22504,24,,,1,3,,22510,24,,,1,3,,22515,24,,,1,4,,22519,24,,,1,3,,22527,24,,,1,3,,22533,24,,,1,3,,22535,24,,,1,44,,22540,24,,,1,3,,22555,24,,,1,3,,22564,24,,,1,3,,22572,24,,,1,4,,22574,24,,,1,4,,22575,24,,,1,3,,22583,24,,,1,4,,22590,24,,,1,4,,22595,24,,,1,3,,22601,24,,,1,4,,22608,24,,,1,4,,22614,24,,,1,4,,22623,24,,,1,3,,22630,24,,,1,4,,22394,24,,,1,4,,22404,24,,,1,44,,22413,24,,,1,4,,22420,24,,,1,4,,22424,24,,,1,5,,22437,24,,,1,5,,22445,24,,,1,5,,22457,24,,,1,6,,22465,24,,,1,6,,22475,24,,,1,6,,22485,24,,,1,7,,22495,24,,,1,6,,22505,24,,,1,46,,22511,24,,,1,6,,22520,24,,,1,6,,22528,24,,,1,6,,22541,24,,,1,6,,22556,24,,,1,6,,22565,24,,,1,6,,22576,24,,,1,6,,22584,24,,,1,6,,22596,24,,,1,6,,22602,24,,,1,46,,22615,24,,,1,6,,22624,24,,,1,6,,22395,24,,,1,6,,22405,24,,,1,6,,22414,24,,,1,6,,22425,24,,,1,6,,22438,24,,,1,6,,22446,24,,,1,6,,22458,24,,,1,6,,22466,24,,,1,46,,22476,24,,,1,6,,22486,24,,,1,6,,22496,24,,,1,6,,22506,24,,,1,6,,22512,24,,,1,6,,22521,24,,,1,6,,22529,24,,,1,6,,22542,24,,,1,6,,22557,24,,,1,6,,22566,24,,,1,46,,22577,24,,,1,6,,22585,24,,,1,6,,22597,24,,,1,6,,22603,24,,,1,6,,22616,24,,,1,6,,22625,24,,,1,6,,22396,24,,,1,6,,22406,24,,,1,6,,22415,24,,,1,6,,22426,24,,,1,46,,22439,24,,,1,6,,22447,24,,,1,6,,22459,24,,,1,7,,22467,24,,,1,5,,22477,24,,,1,5,,22487,24,,,1,4,,22497,24,,,1,5,,22500,24,,,1,4,,22507,24,,,1,5,,22513,24,,,1,4,,22516,24,,,1,4,,22522,24,,,1,44,,22530,24,,,1,4,,22536,24,,,1,3,,22543,24,,,1,3,,22547,24,,,1,3,,22558,24,,,1,4,,22562,24,,,1,3,,22567,24,,,1,3,,22578,24,,,1,2,,22581,24,,,1,3,,22586,24,,,1,3,,22591,24,,,1,3,,22598,24,,,1,3,,22604,24,,,1,3,,22609,24,,,1,3,,22617,24,,,1,3,,22618,24,,,1,3,,22626,24,,,1,3,,22397,24,,,1,3,,22398,24,,,1,3,,22399,24,,,1,43,,22400,24,,,1,3,,22407,24,,,1,3,,22416,24,,,1,3,,22422,24,,,1,2,,22427,24,0,5,1,3,,22429,24,,,1,3,,22433,24,,,1,3,,22440,24,,,1,3,,22448,24,0,5,1,3,,22449,24,,,1,3,,22453,24,,,1,3,,22460,24,,,1,3,,22468,24,0,5,1,3,,22469,24,,,1,3,,22478,24,,,1,2,,22482,24,0,5,1,3,,22488,24,,,1,3,,22493,24,0,5,1,3,,22501,24,,,1,3,,22508,24,,,1,3,,22514,24,,,1,44,,22517,24,,,1,3,,22523,24,,,1,4,,22531,24,,,1,3,,22537,24,,,1,3,,22544,24,,,1,4,,22548,24,,,1,4,,22551,24,,,1,3,,22559,24,,,1,4,,22563,24,,,1,4,,22568,24,,,1,4,,22579,24,,,1,4,,22587,24,,,1,4,,22592,24,,,1,3,,22599,24,,,1,4,,22605,24,,,1,4,,22610,24,,,1,45,,22619,24,,,1,4,,22627,24,,,1,5,,22401,24,,,1,5,,22408,24,,,1,5,,22417,24,,,1,5,,22430,24,,,1,6,,22434,24,,,1,6,,22441,24,,,1,6,,22450,24,,,1,6,,22454,24,,,1,6,,22470,24,,,1,46,,22479,24,,,1,6,,22489,24,,,1,6,,22502,24,,,1,6,,22524,24,,,1,6,,22538,24,,,1,6,,22545,24,,,1,6,,22549,24,,,1,6,,22552,24,,,1,6,,22560,24,,,1,6,,22569,24,,,1,46,,22588,24,,,1,6,,22593,24,,,1,6,,22611,24,,,1,6,,22620,24,,,1,6,,22628,24,,,1,6,,22402,24,,,1,6,,22409,24,,,1,6,,22418,24,,,1,6,,22431,24,,,1,6,,22435,24,,,1,46,,22442,24,,,1,6,,22451,24,,,1,6,,22455,24,,,1,6,,22471,24,,,1,6,,22480,24,,,1,6,,22490,24,,,1,6,,22503,24,,,1,6,,22525,24,,,1,6,,22539,24,,,1,6,,22546,24,,,1,46,,22550,24,,,1,6,,22553,24,,,1,7,,22561,24,,,1,7,,22570,24,,,1,7,,22589,24,,,1,7,,22612,24,,,1,7,,22621,24,,,1,8,,22629,24,,,1,7,,22410,24,,,1,48,,22419,24,,,1,8,,22432,24,,,1,8,,22443,24,,,1,8,,22452,24,,,1,7,,22472,24,,,1,8,,22481,24,,,1,8,,22491,24,,,1,52,,22526,24,,,1
201,'GLOBAUX-01-A',537,,22741,8,,,1,9,,22748,8,,,1,10,,22757,8,,,1,50,,22769,8,,,1,9,,22778,8,,,1,10,,22631,8,,,1,9,,22645,8,,,1,10,,22658,8,,,1,10,,22666,8,,,1,49,,22669,8,,,1,10,,22688,8,,,1,10,,22696,8,,,1,9,,22704,8,,,1,9,,22712,8,,,1,10,,22719,8,,,1,49,,22727,8,,,1,9,,22733,8,,,1,8,,22749,8,,,1,9,,22758,8,,,1,9,,22770,8,,,1,9,,22779,8,,,1,8,,22632,8,,,1,49,,22646,8,,,1,9,,22659,8,,,1,8,,22667,8,,,1,9,,22670,8,,,1,9,,22677,8,,,1,9,,22689,8,,,1,8,,22697,8,,,1,49,,22705,8,,,1,9,,22713,8,,,1,9,,22720,8,,,1,8,,22728,8,,,1,9,,22734,8,,,1,8,,22750,8,,,1,8,,22759,8,,,1,47,,22771,8,,,1,8,,22780,8,,,1,8,,22633,8,,,1,7,,22640,8,,,1,7,,22647,8,,,1,7,,22660,8,,,1,7,,22668,8,,,1,7,,22671,8,,,1,7,,22678,8,,,1,47,,22682,8,,,1,7,,22690,8,,,1,7,,22698,8,,,1,7,,22706,8,,,1,7,,22714,8,,,1,7,,22721,8,,,1,6,,22729,8,,,1,7,,22735,8,,,1,6,,22742,8,,,1,47,,22751,8,,,1,6,,22760,8,,,1,6,,22763,8,,,1,7,,22772,8,,,1,6,,22781,8,,,1,7,,22634,8,,,1,6,,22641,8,,,1,7,,22648,8,,,1,6,,22653,8,,,1,46,,22661,8,,,1,7,,22672,8,,,1,6,,22679,8,,,1,7,,22683,8,,,1,6,,22691,8,,,1,6,,22699,8,,,1,7,,22707,8,,,1,6,,22715,8,,,1,7,,22722,8,,,1,46,,22730,8,,,1,6,,22736,8,,,1,7,,22743,8,,,1,6,,22752,8,,,1,7,,22761,8,,,1,6,,22764,8,,,1,6,,22773,8,,,1,7,,22782,8,,,1,6,,22635,8,,,1,7,,22642,8,,,1,46,,22649,8,,,1,7,,22654,8,,,1,6,,22662,8,,,1,6,,22673,8,,,1,7,,22680,8,,,1,6,,22684,8,,,1,7,,22692,8,,,1,6,,22700,8,,,1,6,,22708,8,,,1,47,,22716,8,,,1,6,,22723,8,,,1,7,,22731,8,,,1,6,,22737,8,,,1,7,,22744,8,,,1,6,,22753,8,,,1,6,,22762,8,,,1,7,,22765,8,,,1,6,,22774,8,,,1,47,,22783,8,,,1,6,,22636,8,,,1,6,,22643,8,,,1,7,,22650,8,,,1,6,,22655,8,,,1,7,,22663,8,,,1,6,,22674,8,,,1,7,,22681,8,,,1,7,,22685,8,,,1,47,,22693,8,,,1,8,,22701,8,,,1,7,,22709,8,,,1,7,,22717,8,,,1,7,,22724,8,,,1,7,,22732,8,,,1,8,,22738,8,,,1,7,,22745,8,,,1,8,,22754,8,,,1,48,,22766,8,,,1,7,,22775,8,,,1,8,,22637,8,,,1,8,,22644,8,,,1,8,,22651,8,,,1,7,,22656,8,,,1,8,,22664,8,,,1,48,,22675,8,,,1,8,,22686,8,,,1,8,,22694,8,,,1,9,,22702,8,,,1,8,,22710,8,,,1,9,,22718,8,,,1,9,,22725,8,,,1,49,,22739,8,,,1,10,,22746,8,,,1,9,,22755,8,,,1,10,,22767,8,,,1,9,,22776,8,,,1,10,,22638,8,,,1,9,,22652,8,,,1,50,,22657,8,,,1,9,,22665,8,,,1,10,,22676,8,,,1,10,,22687,8,,,1,9,,22695,8,,,1,10,,22703,8,,,1,50,,22711,8,,,1,10,,22726,8,,,1,10,,22740,8,,,1,10,,22747,8,,,1,10,,22756,8,,,1,10,,22768,8,,,1,50,,22777,8,,,1,10,,22639,8,,,1
201,'GLOBAUX-01-F1',537,,22877,8,,,1,9,,22890,8,,,1,9,,22898,8,,,1,50,,22906,8,,,1,9,,22911,8,,,1,9,,22784,8,,,1,10,,22792,8,,,1,9,,22809,8,,,1,9,,22817,8,,,1,50,,22825,8,,,1,9,,22833,8,,,1,9,,22841,8,,,1,10,,22846,8,,,1,9,,22859,8,,,1,10,,22862,8,,,1,9,,22878,8,,,1,49,,22891,8,,,1,10,,22899,8,,,1,9,,22907,8,,,1,9,,22912,8,,,1,9,,22785,8,,,1,9,,22793,8,,,1,49,,22803,8,,,1,9,,22810,8,,,1,9,,22818,8,,,1,8,,22826,8,,,1,9,,22834,8,,,1,9,,22842,8,,,1,8,,22847,8,,,1,49,,22860,8,,,1,8,,22863,8,,,1,9,,22870,8,,,1,9,,22879,8,,,1,8,,22892,8,,,1,9,,22900,8,,,1,8,,22908,8,,,1,49,,22913,8,,,1,9,,22786,8,,,1,8,,22794,8,,,1,9,,22804,8,,,1,8,,22811,8,,,1,9,,22819,8,,,1,9,,22827,8,,,1,48,,22835,8,,,1,8,,22843,8,,,1,8,,22848,8,,,1,8,,22861,8,,,1,8,,22864,8,,,1,8,,22871,8,,,1,8,,22880,8,,,1,7,,22886,8,,,1,46,,22893,8,,,1,7,,22901,8,,,1,7,,22909,8,,,1,7,,22914,8,,,1,7,,22919,8,,,1,7,,22787,8,,,1,6,,22795,8,,,1,7,,22798,8,,,1,7,,22805,8,,,1,47,,22812,8,,,1,7,,22820,8,,,1,7,,22828,8,,,1,6,,22836,8,,,1,7,,22844,8,,,1,7,,22849,8,,,1,7,,22854,8,,,1,7,,22865,8,,,1,47,,22872,8,,,1,6,,22881,8,,,1,7,,22887,8,,,1,7,,22894,8,,,1,7,,22902,8,,,1,7,,22910,8,,,1,7,,22915,8,,,1,6,,22920,8,,,1,7,,22788,8,,,1,47,,22796,8,,,1,7,,22799,8,,,1,7,,22806,8,,,1,7,,22813,8,,,1,8,,22821,8,,,1,7,,22829,8,,,1,7,,22837,8,,,1,8,,22845,8,,,1,7,,22850,8,,,1,47,,22855,8,,,1,8,,22866,8,,,1,7,,22873,8,,,1,7,,22882,8,,,1,8,,22888,8,,,1,7,,22895,8,,,1,8,,22903,8,,,1,7,,22916,8,,,1,48,,22921,8,,,1,8,,22789,8,,,1,8,,22797,8,,,1,7,,22800,8,,,1,8,,22807,8,,,1,8,,22814,8,,,1,8,,22822,8,,,1,48,,22830,8,,,1,7,,22838,8,,,1,8,,22851,8,,,1,8,,22856,8,,,1,8,,22867,8,,,1,8,,22874,8,,,1,8,,22883,8,,,1,7,,22889,8,,,1,49,,22896,8,,,1,8,,22904,8,,,1,9,,22917,8,,,1,8,,22922,8,,,1,9,,22790,8,,,1,8,,22801,8,,,1,9,,22808,8,,,1,48,,22815,8,,,1,9,,22823,8,,,1,9,,22831,8,,,1,8,,22839,8,,,1,9,,22852,8,,,1,9,,22857,8,,,1,9,,22868,8,,,1,50,,22875,8,,,1,10,,22884,8,,,1,10,,22897,8,,,1,10,,22905,8,,,1,10,,22918,8,,,1,10,,22923,8,,,1,50,,22791,8,,,1,10,,22802,8,,,1,10,,22816,8,,,1,10,,22824,8,,,1,10,,22832,8,,,1,10,,22840,8,,,1,50,,22853,8,,,1,10,,22858,8,,,1,10,,22869,8,,,1,10,,22876,8,,,1,10,,22885,8,,,1
201,'GLOBAUX-01-F2',537,,23017,8,,,1,9,,23030,8,,,1,9,,23038,8,,,1,50,,23046,8,,,1,9,,23051,8,,,1,9,,22924,8,,,1,10,,22932,8,,,1,9,,22949,8,,,1,9,,22957,8,,,1,50,,22965,8,,,1,9,,22973,8,,,1,9,,22981,8,,,1,10,,22986,8,,,1,9,,22999,8,,,1,10,,23002,8,,,1,9,,23018,8,,,1,49,,23031,8,,,1,10,,23039,8,,,1,9,,23047,8,,,1,9,,23052,8,,,1,9,,22925,8,,,1,9,,22933,8,,,1,49,,22943,8,,,1,9,,22950,8,,,1,9,,22958,8,,,1,8,,22966,8,,,1,9,,22974,8,,,1,9,,22982,8,,,1,8,,22987,8,,,1,49,,23000,8,,,1,8,,23003,8,,,1,9,,23010,8,,,1,9,,23019,8,,,1,8,,23032,8,,,1,9,,23040,8,,,1,8,,23048,8,,,1,49,,23053,8,,,1,9,,22926,8,,,1,8,,22934,8,,,1,9,,22944,8,,,1,8,,22951,8,,,1,9,,22959,8,,,1,9,,22967,8,,,1,48,,22975,8,,,1,8,,22983,8,,,1,8,,22988,8,,,1,8,,23001,8,,,1,8,,23004,8,,,1,8,,23011,8,,,1,8,,23020,8,,,1,7,,23026,8,,,1,46,,23033,8,,,1,7,,23041,8,,,1,7,,23049,8,,,1,7,,23054,8,,,1,7,,23059,8,,,1,7,,22927,8,,,1,6,,22935,8,,,1,7,,22938,8,,,1,7,,22945,8,,,1,47,,22952,8,,,1,7,,22960,8,,,1,7,,22968,8,,,1,6,,22976,8,,,1,7,,22984,8,,,1,7,,22989,8,,,1,7,,22994,8,,,1,7,,23005,8,,,1,47,,23012,8,,,1,6,,23021,8,,,1,7,,23027,8,,,1,7,,23034,8,,,1,7,,23042,8,,,1,7,,23050,8,,,1,7,,23055,8,,,1,6,,23060,8,,,1,7,,22928,8,,,1,47,,22936,8,,,1,7,,22939,8,,,1,7,,22946,8,,,1,7,,22953,8,,,1,8,,22961,8,,,1,7,,22969,8,,,1,7,,22977,8,,,1,8,,22985,8,,,1,7,,22990,8,,,1,47,,22995,8,,,1,8,,23006,8,,,1,7,,23013,8,,,1,7,,23022,8,,,1,8,,23028,8,,,1,7,,23035,8,,,1,8,,23043,8,,,1,7,,23056,8,,,1,48,,23061,8,,,1,8,,22929,8,,,1,8,,22937,8,,,1,7,,22940,8,,,1,8,,22947,8,,,1,8,,22954,8,,,1,8,,22962,8,,,1,48,,22970,8,,,1,7,,22978,8,,,1,8,,22991,8,,,1,8,,22996,8,,,1,8,,23007,8,,,1,8,,23014,8,,,1,8,,23023,8,,,1,7,,23029,8,,,1,49,,23036,8,,,1,8,,23044,8,,,1,9,,23057,8,,,1,8,,23062,8,,,1,9,,22930,8,,,1,8,,22941,8,,,1,9,,22948,8,,,1,48,,22955,8,,,1,9,,22963,8,,,1,9,,22971,8,,,1,8,,22979,8,,,1,9,,22992,8,,,1,9,,22997,8,,,1,9,,23008,8,,,1,50,,23015,8,,,1,10,,23024,8,,,1,10,,23037,8,,,1,10,,23045,8,,,1,10,,23058,8,,,1,10,,23063,8,,,1,50,,22931,8,,,1,10,,22942,8,,,1,10,,22956,8,,,1,10,,22964,8,,,1,10,,22972,8,,,1,10,,22980,8,,,1,50,,22993,8,,,1,10,,22998,8,,,1,10,,23009,8,,,1,10,,23016,8,,,1,10,,23025,8,,,1
201,'GLOBAUX-01-I',537,,23157,8,,,1,9,,23170,8,,,1,9,,23178,8,,,1,50,,23186,8,,,1,9,,23191,8,,,1,9,,23064,8,,,1,10,,23072,8,,,1,9,,23089,8,,,1,9,,23097,8,,,1,50,,23105,8,,,1,9,,23113,8,,,1,9,,23121,8,,,1,10,,23126,8,,,1,9,,23139,8,,,1,10,,23142,8,,,1,9,,23158,8,,,1,49,,23171,8,,,1,10,,23179,8,,,1,9,,23187,8,,,1,9,,23192,8,,,1,9,,23065,8,,,1,9,,23073,8,,,1,49,,23083,8,,,1,9,,23090,8,,,1,9,,23098,8,,,1,8,,23106,8,,,1,9,,23114,8,,,1,9,,23122,8,,,1,8,,23127,8,,,1,49,,23140,8,,,1,8,,23143,8,,,1,9,,23150,8,,,1,9,,23159,8,,,1,8,,23172,8,,,1,9,,23180,8,,,1,8,,23188,8,,,1,49,,23193,8,,,1,9,,23066,8,,,1,8,,23074,8,,,1,9,,23084,8,,,1,8,,23091,8,,,1,9,,23099,8,,,1,9,,23107,8,,,1,48,,23115,8,,,1,8,,23123,8,,,1,8,,23128,8,,,1,8,,23141,8,,,1,8,,23144,8,,,1,8,,23151,8,,,1,8,,23160,8,,,1,7,,23166,8,,,1,46,,23173,8,,,1,7,,23181,8,,,1,7,,23189,8,,,1,7,,23194,8,,,1,7,,23199,8,,,1,7,,23067,8,,,1,6,,23075,8,,,1,7,,23078,8,,,1,7,,23085,8,,,1,47,,23092,8,,,1,7,,23100,8,,,1,7,,23108,8,,,1,6,,23116,8,,,1,7,,23124,8,,,1,7,,23129,8,,,1,7,,23134,8,,,1,7,,23145,8,,,1,47,,23152,8,,,1,6,,23161,8,,,1,7,,23167,8,,,1,7,,23174,8,,,1,7,,23182,8,,,1,7,,23190,8,,,1,7,,23195,8,,,1,6,,23200,8,,,1,7,,23068,8,,,1,47,,23076,8,,,1,7,,23079,8,,,1,7,,23086,8,,,1,7,,23093,8,,,1,8,,23101,8,,,1,7,,23109,8,,,1,7,,23117,8,,,1,8,,23125,8,,,1,7,,23130,8,,,1,47,,23135,8,,,1,8,,23146,8,,,1,7,,23153,8,,,1,7,,23162,8,,,1,8,,23168,8,,,1,7,,23175,8,,,1,8,,23183,8,,,1,7,,23196,8,,,1,48,,23201,8,,,1,8,,23069,8,,,1,8,,23077,8,,,1,7,,23080,8,,,1,8,,23087,8,,,1,8,,23094,8,,,1,8,,23102,8,,,1,48,,23110,8,,,1,7,,23118,8,,,1,8,,23131,8,,,1,8,,23136,8,,,1,8,,23147,8,,,1,8,,23154,8,,,1,8,,23163,8,,,1,7,,23169,8,,,1,49,,23176,8,,,1,8,,23184,8,,,1,9,,23197,8,,,1,8,,23202,8,,,1,9,,23070,8,,,1,8,,23081,8,,,1,9,,23088,8,,,1,48,,23095,8,,,1,9,,23103,8,,,1,9,,23111,8,,,1,8,,23119,8,,,1,9,,23132,8,,,1,9,,23137,8,,,1,9,,23148,8,,,1,50,,23155,8,,,1,10,,23164,8,,,1,10,,23177,8,,,1,10,,23185,8,,,1,10,,23198,8,,,1,10,,23203,8,,,1,50,,23071,8,,,1,10,,23082,8,,,1,10,,23096,8,,,1,10,,23104,8,,,1,10,,23112,8,,,1,10,,23120,8,,,1,50,,23133,8,,,1,10,,23138,8,,,1,10,,23149,8,,,1,10,,23156,8,,,1,10,,23165,8,,,1
201,'GLOBAUX-01-S',536,,23391,8,,,1,6,,23405,8,,,1,6,,23411,8,,,1,6,,23418,8,,,1,46,,23424,8,,,1,6,,23204,8,,,1,6,,23206,8,,,1,6,,23224,8,,,1,6,,23226,8,,,1,5,,23238,8,,,1,5,,23243,8,,,1,5,,23251,8,,,1,5,,23276,8,,,1,4,,23277,8,,,1,4,,23279,8,,,1,4,,23288,8,,,1,45,,23297,8,,,1,3,,23305,8,,,1,4,,23308,8,,,1,3,,23313,8,,,1,4,,23322,8,,,1,3,,23327,8,,,1,3,,23331,8,,,1,3,,23339,8,,,1,3,,23344,8,,,1,3,,23346,8,,,1,3,,23351,8,,,1,3,,23366,8,,,1,3,,23375,5,,,1,3,,23383,8,,,1,3,,23384,8,,,1,3,,23385,5,,,1,2,,23390,8,,,1,3,,23392,8,,,1,3,,23394,8,,,1,3,,23401,5,,,1,43,,23406,8,,,1,3,,23412,8,,,1,3,,23417,8,,,1,3,,23419,8,,,1,3,,23425,8,,,1,3,,23434,8,,,1,3,,23442,5,,,1,2,,23205,8,,,1,3,,23207,8,,,1,3,,23216,8,,,1,3,,23225,8,,,1,3,,23227,8,,,1,3,,23234,5,,,1,3,,23235,8,,,1,3,,23239,8,,,1,3,,23244,8,,,1,2,,23252,8,,,1,3,,23259,8,,,1,4,,23260,8,,,1,3,,23271,8,,,1,43,,23278,8,,,1,3,,23280,8,,,1,3,,23289,8,,,1,4,,23298,8,,,1,3,,23306,8,,,1,4,,23309,8,,,1,3,,23314,8,,,1,4,,23318,8,,,1,4,,23323,8,,,1,4,,23328,8,,,1,3,,23332,8,,,1,4,,23340,8,,,1,5,,23345,8,,,1,5,,23352,8,,,1,5,,23367,8,,,1,45,,23376,8,,,1,5,,23386,8,,,1,5,,23395,8,,,1,6,,23407,8,,,1,6,,23413,8,,,1,6,,23426,8,,,1,6,,23435,8,,,1,6,,23208,8,,,1,6,,23217,8,,,1,6,,23228,8,,,1,6,,23240,8,,,1,46,,23253,8,,,1,6,,23261,8,,,1,6,,23272,8,,,1,6,,23281,8,,,1,6,,23290,8,,,1,6,,23299,8,,,1,6,,23310,8,,,1,6,,23319,8,,,1,6,,23324,8,,,1,6,,23333,8,,,1,46,,23341,8,,,1,6,,23353,8,,,1,6,,23368,8,,,1,6,,23377,8,,,1,6,,23387,8,,,1,6,,23396,8,,,1,6,,23408,8,,,1,6,,23414,8,,,1,6,,23427,8,,,1,6,,23436,8,,,1,46,,23209,8,,,1,6,,23218,8,,,1,6,,23229,8,,,1,6,,23241,8,,,1,6,,23254,8,,,1,6,,23262,8,,,1,6,,23273,8,,,1,6,,23282,8,,,1,6,,23291,8,,,1,6,,23300,8,,,1,46,,23311,8,,,1,6,,23320,8,,,1,6,,23325,8,,,1,6,,23334,8,,,1,6,,23342,8,,,1,6,,23354,8,,,1,6,,23369,8,,,1,6,,23378,8,,,1,6,,23388,8,,,1,6,,23397,8,,,1,46,,23409,8,,,1,5,,23415,8,,,1,5,,23428,8,,,1,5,,23437,8,,,1,5,,23210,8,,,1,5,,23212,8,,,1,5,,23219,8,,,1,4,,23230,8,,,1,4,,23236,8,,,1,3,,23242,8,,,1,4,,23248,8,,,1,3,,23255,8,,,1,3,,23263,8,,,1,4,,23267,8,,,1,43,,23274,8,,,1,3,,23283,8,,,1,3,,23284,8,,,1,4,,23292,8,,,1,3,,23296,8,,,1,3,,23301,8,,,1,3,,23307,8,,,1,4,,23312,8,,,1,3,,23315,8,,,1,3,,23321,8,,,1,3,,23326,8,,,1,3,,23329,8,,,1,4,,23335,8,,,1,3,,23343,8,,,1,3,,23347,8,,,1,3,,23355,8,,,1,3,,23358,8,,,1,3,,23362,8,,,1,44,,23370,8,,,1,3,,23374,8,,,1,3,,23379,8,,,1,3,,23389,8,,,1,3,,23393,8,,,1,3,,23398,8,,,1,4,,23402,8,,,1,3,,23410,8,,,1,3,,23416,8,,,1,3,,23420,8,,,1,4,,23429,8,,,1,3,,23430,8,,,1,3,,23438,8,,,1,4,,23211,8,,,1,4,,23213,8,,,1,4,,23220,8,,,1,3,,23231,8,,,1,4,,23237,8,,,1,44,,23245,8,,,1,4,,23249,8,,,1,4,,23256,8,,,1,5,,23264,8,,,1,5,,23268,8,,,1,4,,23275,8,,,1,5,,23285,8,,,1,5,,23293,8,,,1,5,,23302,8,,,1,4,,23316,8,,,1,5,,23330,8,,,1,5,,23336,8,,,1,5,,23348,8,,,1,45,,23356,8,,,1,5,,23359,8,,,1,6,,23363,8,,,1,6,,23371,8,,,1,6,,23380,8,,,1,6,,23399,8,,,1,6,,23403,8,,,1,6,,23421,8,,,1,6,,23431,8,,,1,6,,23439,8,,,1,46,,23214,8,,,1,6,,23221,8,,,1,6,,23232,8,,,1,6,,23246,8,,,1,6,,23250,8,,,1,6,,23257,8,,,1,6,,23265,8,,,1,6,,23269,8,,,1,6,,23286,8,,,1,6,,23294,8,,,1,46,,23303,8,,,1,6,,23317,8,,,1,6,,23337,8,,,1,6,,23349,8,,,1,6,,23357,8,,,1,6,,23360,8,,,1,6,,23364,8,,,1,6,,23372,8,,,1,6,,23381,8,,,1,6,,23400,8,,,1,46,,23404,8,,,1,6,,23422,8,,,1,6,,23432,8,,,1,6,,23440,8,,,1,6,,23215,8,,,1,6,,23222,8,,,1,6,,23233,8,,,1,7,,23247,8,,,1,7,,23258,8,,,1,7,,23266,8,,,1,47,,23270,8,,,1,7,,23287,8,,,1,7,,23295,8,,,1,7,,23304,8,,,1,7,,23338,8,,,1,8,,23350,8,,,1,8,,23361,8,,,1,8,,23365,8,,,1,48,,23373,8,,,1,8,,23382,8,,,1,8,,23423,8,,,1,8,,23433,8,,,1,8,,23441,8,,,1,8,,23223,8,,,1
