100,'GLOBAUX-01-A',537,,20201,6,,,1,10,,20211,6,,,1,10,,20229,6,,,1,50,,20236,6,,,1,10,,20246,6,,,1,10,,20269,6,,,1,10,,20287,6,,,1,10,,20297,6,,,1,10,,20304,6,,,1,50,,20314,6,,,1,10,,20331,6,,,1,10,,20341,6,,,1,10,,20202,6,,,1,10,,20212,6,,,1,10,,20230,6,,,1,50,,20237,6,,,1,10,,20247,6,,,1,9,,20270,6,,,1,9,,20278,6,,,1,10,,20288,6,,,1,9,,20298,6,,,1,49,,20305,6,,,1,8,,20315,6,,,1,9,,20332,6,,,1,8,,20342,6,,,1,8,,20203,6,,,1,9,,20213,6,,,1,8,,20221,6,,,1,49,,20231,6,,,1,8,,20238,6,,,1,9,,20248,6,,,1,7,,20263,6,,,1,8,,20271,6,,,1,8,,20279,6,,,1,7,,20289,6,,,1,8,,20299,6,,,1,48,,20306,6,,,1,7,,20316,6,,,1,8,,20333,6,,,1,7,,20343,6,,,1,8,,20204,6,,,1,8,,20214,6,,,1,7,,20222,6,,,1,8,,20232,6,,,1,47,,20239,6,,,1,7,,20249,6,,,1,6,,20256,6,,,1,7,,20264,6,,,1,6,,20272,6,,,1,7,,20280,6,,,1,6,,20290,6,,,1,7,,20300,6,,,1,6,,20307,6,,,1,47,,20317,6,,,1,6,,20324,6,,,1,7,,20334,6,,,1,6,,20344,6,,,1,7,,20205,6,,,1,6,,20215,6,,,1,7,,20223,6,,,1,6,,20233,6,,,1,7,,20240,6,,,1,46,,20250,6,,,1,7,,20257,6,,,1,6,,20265,6,,,1,7,,20273,6,,,1,6,,20281,6,,,1,7,,20291,6,,,1,6,,20301,6,,,1,7,,20308,6,,,1,6,,20318,6,,,1,47,,20325,6,,,1,6,,20335,6,,,1,7,,20345,6,,,1,6,,20206,6,,,1,7,,20216,6,,,1,6,,20224,6,,,1,7,,20234,6,,,1,6,,20241,6,,,1,7,,20251,6,,,1,6,,20258,6,,,1,47,,20266,6,,,1,6,,20274,6,,,1,7,,20282,6,,,1,6,,20292,6,,,1,7,,20302,6,,,1,6,,20309,6,,,1,7,,20319,6,,,1,6,,20326,6,,,1,7,,20336,6,,,1,46,,20346,6,,,1,7,,20207,6,,,1,6,,20217,6,,,1,7,,20225,6,,,1,6,,20235,6,,,1,7,,20242,6,,,1,6,,20252,6,,,1,7,,20259,6,,,1,6,,20267,6,,,1,47,,20275,6,,,1,6,,20283,6,,,1,7,,20293,6,,,1,6,,20303,6,,,1,7,,20310,6,,,1,6,,20320,6,,,1,7,,20327,6,,,1,8,,20337,6,,,1,8,,20347,6,,,1,47,,20208,6,,,1,8,,20218,6,,,1,8,,20226,6,,,1,7,,20243,6,,,1,8,,20253,6,,,1,8,,20260,6,,,1,7,,20268,6,,,1,8,,20276,6,,,1,48,,20284,6,,,1,8,,20294,6,,,1,8,,20311,6,,,1,9,,20321,6,,,1,8,,20328,6,,,1,9,,20338,6,,,1,8,,20348,6,,,1,48,,20209,6,,,1,9,,20219,6,,,1,8,,20227,6,,,1,9,,20244,6,,,1,8,,20254,6,,,1,8,,20261,6,,,1,9,,20277,6,,,1,48,,20285,6,,,1,9,,20295,6,,,1,9,,20312,6,,,1,10,,20322,6,,,1,10,,20329,6,,,1,10,,20339,6,,,1,50,,20349,6,,,1,10,,20210,6,,,1,10,,20220,6,,,1,10,,20228,6,,,1,10,,20245,6,,,1,10,,20255,6,,,1,50,,20262,6,,,1,10,,20286,6,,,1,10,,20296,6,,,1,10,,20313,6,,,1,10,,20323,6,,,1,10,,20330,6,,,1,50,,20340,6,,,1,10,,20350,6,,,1
100,'GLOBAUX-01-F1',537,,20351,6,,,1,10,,20361,6,,,1,10,,20368,6,,,1,50,,20393,6,,,1,10,,20403,6,,,1,10,,20413,6,,,1,10,,20435,6,,,1,10,,20445,6,,,1,10,,20454,6,,,1,50,,20463,6,,,1,10,,20472,6,,,1,10,,20481,6,,,1,10,,20352,6,,,1,10,,20362,6,,,1,10,,20369,6,,,1,50,,20394,6,,,1,9,,20404,6,,,1,9,,20414,6,,,1,10,,20429,6,,,1,9,,20436,6,,,1,9,,20446,6,,,1,50,,20455,6,,,1,9,,20464,6,,,1,9,,20473,6,,,1,9,,20482,6,,,1,8,,20353,6,,,1,9,,20363,6,,,1,8,,20370,6,,,1,49,,20385,6,,,1,8,,20395,6,,,1,9,,20405,6,,,1,8,,20415,6,,,1,8,,20430,6,,,1,9,,20437,6,,,1,8,,20447,6,,,1,49,,20456,6,,,1,8,,20465,6,,,1,9,,20474,6,,,1,8,,20483,6,,,1,8,,20354,6,,,1,8,,20364,6,,,1,8,,20371,6,,,1,7,,20378,6,,,1,48,,20386,6,,,1,8,,20396,6,,,1,7,,20406,6,,,1,8,,20416,6,,,1,8,,20431,6,,,1,7,,20438,6,,,1,8,,20448,6,,,1,48,,20457,6,,,1,7,,20466,6,,,1,8,,20475,6,,,1,8,,20484,6,,,1,7,,20355,6,,,1,8,,20365,6,,,1,8,,20372,6,,,1,7,,20379,6,,,1,48,,20387,6,,,1,8,,20397,6,,,1,7,,20407,6,,,1,7,,20417,6,,,1,7,,20423,6,,,1,7,,20432,6,,,1,7,,20439,6,,,1,7,,20449,6,,,1,7,,20458,6,,,1,47,,20467,6,,,1,7,,20476,6,,,1,7,,20485,6,,,1,7,,20356,6,,,1,7,,20366,6,,,1,7,,20373,6,,,1,7,,20380,6,,,1,7,,20388,6,,,1,47,,20398,6,,,1,7,,20408,6,,,1,7,,20418,6,,,1,7,,20424,6,,,1,7,,20433,6,,,1,7,,20440,6,,,1,7,,20450,6,,,1,7,,20459,6,,,1,7,,20468,6,,,1,47,,20477,6,,,1,7,,20486,6,,,1,7,,20357,6,,,1,7,,20367,6,,,1,7,,20374,6,,,1,7,,20381,6,,,1,7,,20389,6,,,1,7,,20399,6,,,1,47,,20409,6,,,1,7,,20419,6,,,1,7,,20425,6,,,1,7,,20434,6,,,1,7,,20441,6,,,1,7,,20451,6,,,1,8,,20460,6,,,1,9,,20469,6,,,1,48,,20478,6,,,1,9,,20487,6,,,1,8,,20358,6,,,1,9,,20375,6,,,1,8,,20382,6,,,1,8,,20390,6,,,1,9,,20400,6,,,1,48,,20410,6,,,1,9,,20420,6,,,1,8,,20426,6,,,1,8,,20442,6,,,1,9,,20452,6,,,1,8,,20461,6,,,1,9,,20470,6,,,1,8,,20479,6,,,1,49,,20488,6,,,1,8,,20359,6,,,1,8,,20376,6,,,1,9,,20383,6,,,1,8,,20391,6,,,1,9,,20401,6,,,1,9,,20411,6,,,1,49,,20421,6,,,1,9,,20427,6,,,1,9,,20443,6,,,1,9,,20453,6,,,1,9,,20462,6,,,1,9,,20471,6,,,1,49,,20480,6,,,1,10,,20489,6,,,1,10,,20360,6,,,1,10,,20377,6,,,1,10,,20384,6,,,1,10,,20392,6,,,1,50,,20402,6,,,1,10,,20412,6,,,1,10,,20422,6,,,1,10,,20428,6,,,1,10,,20444,6,,,1
100,'GLOBAUX-01-F2',537,,20490,6,,,1,10,,20500,6,,,1,10,,20507,6,,,1,50,,20532,6,,,1,10,,20542,6,,,1,10,,20552,6,,,1,10,,20574,6,,,1,10,,20584,6,,,1,10,,20593,6,,,1,50,,20602,6,,,1,10,,20611,6,,,1,10,,20620,6,,,1,10,,20491,6,,,1,10,,20501,6,,,1,10,,20508,6,,,1,50,,20533,6,,,1,9,,20543,6,,,1,9,,20553,6,,,1,10,,20568,6,,,1,9,,20575,6,,,1,9,,20585,6,,,1,50,,20594,6,,,1,9,,20603,6,,,1,9,,20612,6,,,1,9,,20621,6,,,1,8,,20492,6,,,1,9,,20502,6,,,1,8,,20509,6,,,1,49,,20524,6,,,1,8,,20534,6,,,1,9,,20544,6,,,1,8,,20554,6,,,1,8,,20569,6,,,1,9,,20576,6,,,1,8,,20586,6,,,1,49,,20595,6,,,1,8,,20604,6,,,1,9,,20613,6,,,1,8,,20622,6,,,1,8,,20493,6,,,1,8,,20503,6,,,1,8,,20510,6,,,1,7,,20517,6,,,1,48,,20525,6,,,1,8,,20535,6,,,1,7,,20545,6,,,1,8,,20555,6,,,1,8,,20570,6,,,1,7,,20577,6,,,1,8,,20587,6,,,1,48,,20596,6,,,1,7,,20605,6,,,1,8,,20614,6,,,1,8,,20623,6,,,1,7,,20494,6,,,1,8,,20504,6,,,1,8,,20511,6,,,1,7,,20518,6,,,1,48,,20526,6,,,1,8,,20536,6,,,1,7,,20546,6,,,1,7,,20556,6,,,1,7,,20562,6,,,1,7,,20571,6,,,1,7,,20578,6,,,1,7,,20588,6,,,1,7,,20597,6,,,1,47,,20606,6,,,1,7,,20615,6,,,1,7,,20624,6,,,1,7,,20495,6,,,1,7,,20505,6,,,1,7,,20512,6,,,1,7,,20519,6,,,1,7,,20527,6,,,1,47,,20537,6,,,1,7,,20547,6,,,1,7,,20557,6,,,1,7,,20563,6,,,1,7,,20572,6,,,1,7,,20579,6,,,1,7,,20589,6,,,1,7,,20598,6,,,1,7,,20607,6,,,1,47,,20616,6,,,1,7,,20625,6,,,1,7,,20496,6,,,1,7,,20506,6,,,1,7,,20513,6,,,1,7,,20520,6,,,1,7,,20528,6,,,1,7,,20538,6,,,1,47,,20548,6,,,1,7,,20558,6,,,1,7,,20564,6,,,1,7,,20573,6,,,1,7,,20580,6,,,1,7,,20590,6,,,1,8,,20599,6,,,1,9,,20608,6,,,1,48,,20617,6,,,1,9,,20626,6,,,1,8,,20497,6,,,1,9,,20514,6,,,1,8,,20521,6,,,1,8,,20529,6,,,1,9,,20539,6,,,1,48,,20549,6,,,1,9,,20559,6,,,1,8,,20565,6,,,1,8,,20581,6,,,1,9,,20591,6,,,1,8,,20600,6,,,1,9,,20609,6,,,1,8,,20618,6,,,1,49,,20627,6,,,1,8,,20498,6,,,1,8,,20515,6,,,1,9,,20522,6,,,1,8,,20530,6,,,1,9,,20540,6,,,1,9,,20550,6,,,1,49,,20560,6,,,1,9,,20566,6,,,1,9,,20582,6,,,1,9,,20592,6,,,1,9,,20601,6,,,1,9,,20610,6,,,1,49,,20619,6,,,1,10,,20628,6,,,1,10,,20499,6,,,1,10,,20516,6,,,1,10,,20523,6,,,1,10,,20531,6,,,1,50,,20541,6,,,1,10,,20551,6,,,1,10,,20561,6,,,1,10,,20567,6,,,1,10,,20583,6,,,1
100,'GLOBAUX-01-I',537,,20629,6,,,1,10,,20639,6,,,1,10,,20646,6,,,1,50,,20671,6,,,1,10,,20681,6,,,1,10,,20691,6,,,1,10,,20713,6,,,1,10,,20723,6,,,1,10,,20732,6,,,1,50,,20741,6,,,1,10,,20750,6,,,1,10,,20759,6,,,1,10,,20630,6,,,1,10,,20640,6,,,1,10,,20647,6,,,1,50,,20672,6,,,1,9,,20682,6,,,1,9,,20692,6,,,1,10,,20707,6,,,1,9,,20714,6,,,1,9,,20724,6,,,1,50,,20733,6,,,1,9,,20742,6,,,1,9,,20751,6,,,1,9,,20760,6,,,1,8,,20631,6,,,1,9,,20641,6,,,1,8,,20648,6,,,1,49,,20663,6,,,1,8,,20673,6,,,1,9,,20683,6,,,1,8,,20693,6,,,1,8,,20708,6,,,1,9,,20715,6,,,1,8,,20725,6,,,1,49,,20734,6,,,1,8,,20743,6,,,1,9,,20752,6,,,1,8,,20761,6,,,1,8,,20632,6,,,1,8,,20642,6,,,1,8,,20649,6,,,1,7,,20656,6,,,1,48,,20664,6,,,1,8,,20674,6,,,1,7,,20684,6,,,1,8,,20694,6,,,1,8,,20709,6,,,1,7,,20716,6,,,1,8,,20726,6,,,1,48,,20735,6,,,1,7,,20744,6,,,1,8,,20753,6,,,1,8,,20762,6,,,1,7,,20633,6,,,1,8,,20643,6,,,1,8,,20650,6,,,1,7,,20657,6,,,1,48,,20665,6,,,1,8,,20675,6,,,1,7,,20685,6,,,1,7,,20695,6,,,1,7,,20701,6,,,1,7,,20710,6,,,1,7,,20717,6,,,1,7,,20727,6,,,1,7,,20736,6,,,1,47,,20745,6,,,1,7,,20754,6,,,1,7,,20763,6,,,1,7,,20634,6,,,1,7,,20644,6,,,1,7,,20651,6,,,1,7,,20658,6,,,1,7,,20666,6,,,1,47,,20676,6,,,1,7,,20686,6,,,1,7,,20696,6,,,1,7,,20702,6,,,1,7,,20711,6,,,1,7,,20718,6,,,1,7,,20728,6,,,1,7,,20737,6,,,1,7,,20746,6,,,1,47,,20755,6,,,1,7,,20764,6,,,1,7,,20635,6,,,1,7,,20645,6,,,1,7,,20652,6,,,1,7,,20659,6,,,1,7,,20667,6,,,1,7,,20677,6,,,1,47,,20687,6,,,1,7,,20697,6,,,1,7,,20703,6,,,1,7,,20712,6,,,1,7,,20719,6,,,1,7,,20729,6,,,1,8,,20738,6,,,1,9,,20747,6,,,1,48,,20756,6,,,1,9,,20765,6,,,1,8,,20636,6,,,1,9,,20653,6,,,1,8,,20660,6,,,1,8,,20668,6,,,1,9,,20678,6,,,1,48,,20688,6,,,1,9,,20698,6,,,1,8,,20704,6,,,1,8,,20720,6,,,1,9,,20730,6,,,1,8,,20739,6,,,1,9,,20748,6,,,1,8,,20757,6,,,1,49,,20766,6,,,1,8,,20637,6,,,1,8,,20654,6,,,1,9,,20661,6,,,1,8,,20669,6,,,1,9,,20679,6,,,1,9,,20689,6,,,1,49,,20699,6,,,1,9,,20705,6,,,1,9,,20721,6,,,1,9,,20731,6,,,1,9,,20740,6,,,1,9,,20749,6,,,1,49,,20758,6,,,1,10,,20767,6,,,1,10,,20638,6,,,1,10,,20655,6,,,1,10,,20662,6,,,1,10,,20670,6,,,1,50,,20680,6,,,1,10,,20690,6,,,1,10,,20700,6,,,1,10,,20706,6,,,1,10,,20722,6,,,1
100,'GLOBAUX-01-S',537,,20768,6,,,1,7,,20796,6,,,1,6,,20806,6,,,1,7,,20826,6,,,1,47,,20848,6,,,1,7,,20852,6,,,1,6,,20859,6,,,1,7,,20870,6,,,1,5,,20876,6,,,1,4,,20893,6,,,1,4,,20902,6,,,1,4,,20905,6,,,1,4,,20913,6,,,1,4,,20930,6,,,1,3,,20936,6,,,1,3,,20946,6,,,1,3,,20948,6,,,1,44,,20950,6,,,1,3,,20952,6,,,1,3,,20968,6,,,1,3,,20977,6,,,1,4,,20979,6,,,1,3,,20997,6,,,1,3,,21003,6,,,1,3,,21004,6,,,1,4,,20769,6,,,1,3,,20787,6,,,1,3,,20789,6,,,1,3,,20797,6,,,1,3,,20807,6,,,1,4,,20808,6,,,1,3,,20809,6,,,1,3,,20811,6,,,1,3,,20812,6,,,1,3,,20827,6,,,1,3,,20833,6,,,1,43,,20839,6,,,1,3,,20849,6,,,1,3,,20853,6,,,1,3,,20860,6,,,1,3,,20865,6,,,1,3,,20871,6,,,1,3,,20877,6,,,1,3,,20894,6,,,1,3,,20903,6,,,1,3,,20906,6,,,1,4,,20912,6,,,1,3,,20914,6,,,1,3,,20931,6,,,1,3,,20937,6,,,1,3,,20947,6,,,1,4,,20949,6,,,1,3,,20951,6,,,1,3,,20955,6,,,1,4,,20960,6,,,1,43,,20969,6,,,1,4,,20978,6,,,1,4,,20984,6,,,1,3,,20998,6,,,1,4,,21005,6,,,1,4,,20770,6,,,1,4,,20780,6,,,1,5,,20790,6,,,1,5,,20798,6,,,1,5,,20810,6,,,1,5,,20813,6,,,1,5,,20828,6,,,1,6,,20840,6,,,1,46,,20854,6,,,1,6,,20866,6,,,1,6,,20878,6,,,1,6,,20895,6,,,1,6,,20907,6,,,1,6,,20915,6,,,1,6,,20932,6,,,1,6,,20938,6,,,1,6,,20956,6,,,1,6,,20961,6,,,1,46,,20970,6,,,1,6,,20985,6,,,1,6,,20999,6,,,1,6,,20771,6,,,1,5,,20781,6,,,1,6,,20791,6,,,1,6,,20799,6,,,1,6,,20814,6,,,1,6,,20829,6,,,1,7,,20841,6,,,1,46,,20855,6,,,1,6,,20867,6,,,1,6,,20879,6,,,1,6,,20896,6,,,1,6,,20908,6,,,1,6,,20916,6,,,1,6,,20933,6,,,1,6,,20939,6,,,1,6,,20957,6,,,1,6,,20962,6,,,1,46,,20971,6,,,1,6,,20986,6,,,1,6,,21000,6,,,1,6,,20772,6,,,1,6,,20782,6,,,1,6,,20792,6,,,1,6,,20800,6,,,1,6,,20815,6,,,1,6,,20830,6,,,1,6,,20842,6,,,1,46,,20856,6,,,1,6,,20868,6,,,1,6,,20880,6,,,1,6,,20897,6,,,1,6,,20909,6,,,1,6,,20917,6,,,1,6,,20934,6,,,1,6,,20940,6,,,1,6,,20958,6,,,1,6,,20963,6,,,1,46,,20972,6,,,1,5,,20987,6,,,1,4,,20989,6,,,1,4,,21001,6,,,1,4,,20773,6,,,1,4,,20775,6,,,1,4,,20783,6,,,1,4,,20793,6,,,1,4,,20795,6,,,1,4,,20801,6,,,1,4,,20816,6,,,1,3,,20821,6,,,1,4,,20831,6,,,1,3,,20834,6,,,1,3,,20843,6,,,1,3,,20850,6,,,1,44,,20857,6,,,1,3,,20869,6,,,1,3,,20872,6,,,1,3,,20881,6,,,1,3,,20886,6,,,1,3,,20891,6,,,1,3,,20898,6,,,1,3,,20904,6,,,1,3,,20910,6,,,1,3,,20918,6,,,1,2,,20923,6,,,1,3,,20925,6,,,1,3,,20935,6,,,1,3,,20941,6,,,1,2,,20953,6,,,1,3,,20954,6,,,1,3,,20959,6,,,1,3,,20964,6,,,1,2,,20973,6,,,1,3,,20980,6,,,1,43,,20983,6,,,1,3,,20988,6,,,1,2,,20990,6,,,1,3,,20993,6,,,1,3,,21002,6,,,1,3,,20774,6,,,1,2,,20776,6,,,1,4,,20784,6,,,1,3,,20788,6,,,1,3,,20794,6,,,1,3,,20802,6,,,1,4,,20817,6,,,1,3,,20822,6,,,1,4,,20832,6,,,1,3,,20835,6,,,1,4,,20844,6,,,1,4,,20851,6,,,1,3,,20858,6,,,1,4,,20861,6,,,1,44,,20873,6,,,1,4,,20882,6,,,1,4,,20887,6,,,1,4,,20892,6,,,1,4,,20899,6,,,1,4,,20911,6,,,1,4,,20919,6,,,1,4,,20924,6,,,1,4,,20926,6,,,1,4,,20942,6,,,1,5,,20965,6,,,1,6,,20974,6,,,1,6,,20981,6,,,1,46,,20991,6,,,1,6,,20994,6,,,1,6,,20777,6,,,1,6,,20785,6,,,1,6,,20803,6,,,1,6,,20818,6,,,1,6,,20823,6,,,1,6,,20836,6,,,1,6,,20845,6,,,1,6,,20862,6,,,1,46,,20874,6,,,1,6,,20883,6,,,1,6,,20888,6,,,1,6,,20900,6,,,1,6,,20920,6,,,1,6,,20927,6,,,1,6,,20943,6,,,1,6,,20966,6,,,1,6,,20975,6,,,1,6,,20982,6,,,1,46,,20992,6,,,1,6,,20995,6,,,1,6,,20778,6,,,1,7,,20786,6,,,1,6,,20804,6,,,1,6,,20819,6,,,1,6,,20824,6,,,1,6,,20837,6,,,1,6,,20846,6,,,1,6,,20863,6,,,1,46,,20875,6,,,1,6,,20884,6,,,1,6,,20889,6,,,1,7,,20901,6,,,1,6,,20921,6,,,1,7,,20928,6,,,1,8,,20944,6,,,1,8,,20967,6,,,1,8,,20976,6,,,1,48,,20996,6,,,1,8,,20779,6,,,1,8,,20805,6,,,1,8,,20820,6,,,1,8,,20825,6,,,1,8,,20838,6,,,1,8,,20847,6,,,1,48,,20864,6,,,1,8,,20885,6,,,1,8,,20890,6,,,1,8,,20922,6,,,1,8,,20929,6,,,1,8,,20945,6,,,1
101,'GLOBAUX-01-A',558,,21092,22,,,1,50,,21102,22,,,1,10,,21109,22,,,1,10,,21119,22,,,1,10,,21136,22,,,1,10,,21146,22,,,1,10,,21006,22,,,1,50,,21016,22,,,1,10,,21035,22,,,1,10,,21042,22,,,1,10,,21052,22,,,1,10,,21074,22,,,1,10,,21082,22,,,1,49,,21093,22,,,1,9,,21103,22,,,1,10,,21110,22,,,1,9,,21120,22,,,1,9,,21137,22,,,1,8,,21147,22,,,1,49,,21007,22,,,1,8,,21017,22,,,1,8,,21026,22,,,1,9,,21036,22,,,1,8,,21043,22,,,1,9,,21053,22,,,1,8,,21075,22,,,1,49,,21083,22,,,1,8,,21094,22,,,1,9,,21104,22,,,1,8,,21111,22,,,1,8,,21121,22,,,1,9,,21138,22,,,1,8,,21148,22,,,1,9,,21008,22,,,1,48,,21018,22,,,1,8,,21027,22,,,1,8,,21037,22,,,1,7,,21044,22,,,1,8,,21054,22,,,1,8,,21069,22,,,1,7,,21076,22,,,1,48,,21084,22,,,1,8,,21095,22,,,1,7,,21105,22,,,1,8,,21112,22,,,1,7,,21122,22,,,1,7,,21129,22,,,1,6,,21139,22,,,1,7,,21149,22,,,1,6,,21009,22,,,1,47,,21019,22,,,1,6,,21028,22,,,1,7,,21038,22,,,1,6,,21045,22,,,1,7,,21055,22,,,1,6,,21062,22,,,1,7,,21070,22,,,1,6,,21077,22,,,1,7,,21085,22,,,1,46,,21096,22,,,1,7,,21106,22,,,1,6,,21113,22,,,1,7,,21123,22,,,1,6,,21130,22,,,1,7,,21140,22,,,1,6,,21150,22,,,1,7,,21010,22,,,1,6,,21020,22,,,1,47,,21029,22,,,1,6,,21039,22,,,1,7,,21046,22,,,1,6,,21056,22,,,1,7,,21063,22,,,1,6,,21071,22,,,1,7,,21078,22,,,1,6,,21086,22,,,1,7,,21097,22,,,1,6,,21107,22,,,1,47,,21114,22,,,1,6,,21124,22,,,1,7,,21131,22,,,1,6,,21141,22,,,1,7,,21151,22,,,1,6,,21011,22,,,1,7,,21021,22,,,1,6,,21030,22,,,1,7,,21040,22,,,1,46,,21047,22,,,1,7,,21057,22,,,1,6,,21064,22,,,1,7,,21072,22,,,1,6,,21079,22,,,1,7,,21087,22,,,1,6,,21098,22,,,1,7,,21108,22,,,1,6,,21115,22,,,1,46,,21125,22,,,1,7,,21132,22,,,1,6,,21142,22,,,1,7,,21152,22,,,1,6,,21012,22,,,1,7,,21022,22,,,1,6,,21031,22,,,1,7,,21041,22,,,1,6,,21048,22,,,1,47,,21058,22,,,1,8,,21065,22,,,1,8,,21073,22,,,1,7,,21080,22,,,1,8,,21088,22,,,1,7,,21099,22,,,1,8,,21116,22,,,1,8,,21126,22,,,1,48,,21133,22,,,1,8,,21143,22,,,1,9,,21153,22,,,1,8,,21013,22,,,1,8,,21023,22,,,1,9,,21032,22,,,1,8,,21049,22,,,1,49,,21059,22,,,1,8,,21066,22,,,1,8,,21081,22,,,1,9,,21089,22,,,1,8,,21100,22,,,1,9,,21117,22,,,1,8,,21127,22,,,1,49,,21134,22,,,1,9,,21144,22,,,1,9,,21154,22,,,1,10,,21014,22,,,1,9,,21024,22,,,1,10,,21033,22,,,1,9,,21050,22,,,1,50,,21060,22,,,1,9,,21067,22,,,1,10,,21090,22,,,1,10,,21101,22,,,1,10,,21118,22,,,1,10,,21128,22,,,1,50,,21135,22,,,1,10,,21145,22,,,1,10,,21155,22,,,1,10,,21015,22,,,1,10,,21025,22,,,1,10,,21034,22,,,1,50,,21051,22,,,1,10,,21061,22,,,1,10,,21068,22,,,1,14,,21091,22,,,1
101,'GLOBAUX-01-F1',558,,21236,22,,,1,50,,21246,22,,,1,10,,21255,22,,,1,10,,21265,22,,,1,10,,21275,22,,,1,10,,21285,22,,,1,10,,21156,22,,,1,50,,21166,22,,,1,10,,21173,22,,,1,10,,21198,22,,,1,10,,21207,22,,,1,10,,21216,22,,,1,9,,21230,22,,,1,50,,21237,22,,,1,9,,21247,22,,,1,9,,21256,22,,,1,10,,21266,22,,,1,9,,21276,22,,,1,9,,21286,22,,,1,48,,21157,22,,,1,8,,21167,22,,,1,9,,21174,22,,,1,8,,21190,22,,,1,9,,21199,22,,,1,8,,21208,22,,,1,9,,21217,22,,,1,48,,21231,22,,,1,9,,21238,22,,,1,8,,21248,22,,,1,9,,21257,22,,,1,8,,21267,22,,,1,8,,21277,22,,,1,9,,21287,22,,,1,8,,21158,22,,,1,49,,21168,22,,,1,8,,21175,22,,,1,9,,21191,22,,,1,8,,21200,22,,,1,9,,21209,22,,,1,8,,21218,22,,,1,9,,21232,22,,,1,48,,21239,22,,,1,8,,21249,22,,,1,9,,21258,22,,,1,8,,21268,22,,,1,9,,21278,22,,,1,8,,21288,22,,,1,7,,21159,22,,,1,48,,21169,22,,,1,8,,21176,22,,,1,7,,21183,22,,,1,8,,21192,22,,,1,8,,21201,22,,,1,7,,21210,22,,,1,8,,21219,22,,,1,8,,21233,22,,,1,47,,21240,22,,,1,8,,21250,22,,,1,8,,21259,22,,,1,7,,21269,22,,,1,8,,21279,22,,,1,8,,21289,22,,,1,7,,21160,22,,,1,8,,21170,22,,,1,48,,21177,22,,,1,7,,21184,22,,,1,8,,21193,22,,,1,7,,21202,22,,,1,7,,21211,22,,,1,7,,21220,22,,,1,7,,21225,22,,,1,7,,21234,22,,,1,47,,21241,22,,,1,7,,21251,22,,,1,7,,21260,22,,,1,7,,21270,22,,,1,7,,21280,22,,,1,7,,21290,22,,,1,7,,21161,22,,,1,7,,21171,22,,,1,47,,21178,22,,,1,7,,21185,22,,,1,7,,21194,22,,,1,7,,21203,22,,,1,7,,21212,22,,,1,7,,21221,22,,,1,7,,21226,22,,,1,6,,21235,22,,,1,7,,21242,22,,,1,47,,21252,22,,,1,7,,21261,22,,,1,7,,21271,22,,,1,7,,21281,22,,,1,7,,21291,22,,,1,7,,21162,22,,,1,7,,21172,22,,,1,7,,21179,22,,,1,7,,21186,22,,,1,49,,21195,22,,,1,8,,21204,22,,,1,9,,21213,22,,,1,8,,21222,22,,,1,8,,21227,22,,,1,9,,21243,22,,,1,8,,21253,22,,,1,48,,21262,22,,,1,9,,21272,22,,,1,8,,21282,22,,,1,9,,21292,22,,,1,8,,21163,22,,,1,8,,21180,22,,,1,9,,21187,22,,,1,48,,21196,22,,,1,9,,21205,22,,,1,8,,21214,22,,,1,8,,21223,22,,,1,9,,21228,22,,,1,8,,21244,22,,,1,9,,21254,22,,,1,48,,21263,22,,,1,9,,21273,22,,,1,8,,21283,22,,,1,8,,21293,22,,,1,9,,21164,22,,,1,9,,21181,22,,,1,10,,21188,22,,,1,50,,21197,22,,,1,10,,21206,22,,,1,10,,21215,22,,,1,10,,21224,22,,,1,10,,21229,22,,,1,10,,21245,22,,,1,50,,21264,22,,,1,10,,21274,22,,,1,10,,21284,22,,,1,10,,21294,22,,,1,10,,21165,22,,,1,10,,21182,22,,,1,54,,21189,22,,,1
101,'GLOBAUX-01-F2',558,,21375,22,,,1,50,,21385,22,,,1,10,,21394,22,,,1,10,,21404,22,,,1,10,,21414,22,,,1,10,,21424,22,,,1,10,,21295,22,,,1,50,,21305,22,,,1,10,,21312,22,,,1,10,,21337,22,,,1,10,,21346,22,,,1,10,,21355,22,,,1,9,,21369,22,,,1,50,,21376,22,,,1,9,,21386,22,,,1,9,,21395,22,,,1,10,,21405,22,,,1,9,,21415,22,,,1,9,,21425,22,,,1,48,,21296,22,,,1,8,,21306,22,,,1,9,,21313,22,,,1,8,,21329,22,,,1,9,,21338,22,,,1,8,,21347,22,,,1,9,,21356,22,,,1,48,,21370,22,,,1,9,,21377,22,,,1,8,,21387,22,,,1,9,,21396,22,,,1,8,,21406,22,,,1,8,,21416,22,,,1,9,,21426,22,,,1,8,,21297,22,,,1,49,,21307,22,,,1,8,,21314,22,,,1,9,,21330,22,,,1,8,,21339,22,,,1,9,,21348,22,,,1,8,,21357,22,,,1,9,,21371,22,,,1,48,,21378,22,,,1,8,,21388,22,,,1,9,,21397,22,,,1,8,,21407,22,,,1,9,,21417,22,,,1,8,,21427,22,,,1,7,,21298,22,,,1,48,,21308,22,,,1,8,,21315,22,,,1,7,,21322,22,,,1,8,,21331,22,,,1,8,,21340,22,,,1,7,,21349,22,,,1,8,,21358,22,,,1,8,,21372,22,,,1,47,,21379,22,,,1,8,,21389,22,,,1,8,,21398,22,,,1,7,,21408,22,,,1,8,,21418,22,,,1,8,,21428,22,,,1,7,,21299,22,,,1,8,,21309,22,,,1,48,,21316,22,,,1,7,,21323,22,,,1,8,,21332,22,,,1,7,,21341,22,,,1,7,,21350,22,,,1,7,,21359,22,,,1,7,,21364,22,,,1,7,,21373,22,,,1,47,,21380,22,,,1,7,,21390,22,,,1,7,,21399,22,,,1,7,,21409,22,,,1,7,,21419,22,,,1,7,,21429,22,,,1,7,,21300,22,,,1,7,,21310,22,,,1,47,,21317,22,,,1,7,,21324,22,,,1,7,,21333,22,,,1,7,,21342,22,,,1,7,,21351,22,,,1,7,,21360,22,,,1,7,,21365,22,,,1,6,,21374,22,,,1,7,,21381,22,,,1,47,,21391,22,,,1,7,,21400,22,,,1,7,,21410,22,,,1,7,,21420,22,,,1,7,,21430,22,,,1,7,,21301,22,,,1,7,,21311,22,,,1,7,,21318,22,,,1,7,,21325,22,,,1,49,,21334,22,,,1,8,,21343,22,,,1,9,,21352,22,,,1,8,,21361,22,,,1,8,,21366,22,,,1,9,,21382,22,,,1,8,,21392,22,,,1,48,,21401,22,,,1,9,,21411,22,,,1,8,,21421,22,,,1,9,,21431,22,,,1,8,,21302,22,,,1,8,,21319,22,,,1,9,,21326,22,,,1,48,,21335,22,,,1,9,,21344,22,,,1,8,,21353,22,,,1,8,,21362,22,,,1,9,,21367,22,,,1,8,,21383,22,,,1,9,,21393,22,,,1,48,,21402,22,,,1,9,,21412,22,,,1,8,,21422,22,,,1,8,,21432,22,,,1,9,,21303,22,,,1,9,,21320,22,,,1,10,,21327,22,,,1,50,,21336,22,,,1,10,,21345,22,,,1,10,,21354,22,,,1,10,,21363,22,,,1,10,,21368,22,,,1,10,,21384,22,,,1,50,,21403,22,,,1,10,,21413,22,,,1,10,,21423,22,,,1,10,,21433,22,,,1,10,,21304,22,,,1,10,,21321,22,,,1,54,,21328,22,,,1
101,'GLOBAUX-01-I',558,,21514,22,,,1,50,,21524,22,,,1,10,,21533,22,,,1,10,,21543,22,,,1,10,,21553,22,,,1,10,,21563,22,,,1,10,,21434,22,,,1,50,,21444,22,,,1,10,,21451,22,,,1,10,,21476,22,,,1,10,,21485,22,,,1,10,,21494,22,,,1,9,,21508,22,,,1,50,,21515,22,,,1,9,,21525,22,,,1,9,,21534,22,,,1,10,,21544,22,,,1,9,,21554,22,,,1,9,,21564,22,,,1,48,,21435,22,,,1,8,,21445,22,,,1,9,,21452,22,,,1,8,,21468,22,,,1,9,,21477,22,,,1,8,,21486,22,,,1,9,,21495,22,,,1,48,,21509,22,,,1,9,,21516,22,,,1,8,,21526,22,,,1,9,,21535,22,,,1,8,,21545,22,,,1,8,,21555,22,,,1,9,,21565,22,,,1,8,,21436,22,,,1,49,,21446,22,,,1,8,,21453,22,,,1,9,,21469,22,,,1,8,,21478,22,,,1,9,,21487,22,,,1,8,,21496,22,,,1,9,,21510,22,,,1,48,,21517,22,,,1,8,,21527,22,,,1,9,,21536,22,,,1,8,,21546,22,,,1,9,,21556,22,,,1,8,,21566,22,,,1,7,,21437,22,,,1,48,,21447,22,,,1,8,,21454,22,,,1,7,,21461,22,,,1,8,,21470,22,,,1,8,,21479,22,,,1,7,,21488,22,,,1,8,,21497,22,,,1,8,,21511,22,,,1,47,,21518,22,,,1,8,,21528,22,,,1,8,,21537,22,,,1,7,,21547,22,,,1,8,,21557,22,,,1,8,,21567,22,,,1,7,,21438,22,,,1,8,,21448,22,,,1,48,,21455,22,,,1,7,,21462,22,,,1,8,,21471,22,,,1,7,,21480,22,,,1,7,,21489,22,,,1,7,,21498,22,,,1,7,,21503,22,,,1,7,,21512,22,,,1,47,,21519,22,,,1,7,,21529,22,,,1,7,,21538,22,,,1,7,,21548,22,,,1,7,,21558,22,,,1,7,,21568,22,,,1,7,,21439,22,,,1,7,,21449,22,,,1,47,,21456,22,,,1,7,,21463,22,,,1,7,,21472,22,,,1,7,,21481,22,,,1,7,,21490,22,,,1,7,,21499,22,,,1,7,,21504,22,,,1,6,,21513,22,,,1,7,,21520,22,,,1,47,,21530,22,,,1,7,,21539,22,,,1,7,,21549,22,,,1,7,,21559,22,,,1,7,,21569,22,,,1,7,,21440,22,,,1,7,,21450,22,,,1,7,,21457,22,,,1,7,,21464,22,,,1,49,,21473,22,,,1,8,,21482,22,,,1,9,,21491,22,,,1,8,,21500,22,,,1,8,,21505,22,,,1,9,,21521,22,,,1,8,,21531,22,,,1,48,,21540,22,,,1,9,,21550,22,,,1,8,,21560,22,,,1,9,,21570,22,,,1,8,,21441,22,,,1,8,,21458,22,,,1,9,,21465,22,,,1,48,,21474,22,,,1,9,,21483,22,,,1,8,,21492,22,,,1,8,,21501,22,,,1,9,,21506,22,,,1,8,,21522,22,,,1,9,,21532,22,,,1,48,,21541,22,,,1,9,,21551,22,,,1,8,,21561,22,,,1,8,,21571,22,,,1,9,,21442,22,,,1,9,,21459,22,,,1,10,,21466,22,,,1,50,,21475,22,,,1,10,,21484,22,,,1,10,,21493,22,,,1,10,,21502,22,,,1,10,,21507,22,,,1,10,,21523,22,,,1,50,,21542,22,,,1,10,,21552,22,,,1,10,,21562,22,,,1,10,,21572,22,,,1,10,,21443,22,,,1,10,,21460,22,,,1,54,,21467,22,,,1
101,'GLOBAUX-01-S',558,,21696,22,,,1,48,,21708,22,,,1,7,,21732,22,,,1,7,,21749,22,,,1,7,,21753,22,,,1,7,,21772,22,,,1,7,,21802,22,,,1,7,,21809,22,,,1,5,,21573,22,,,1,6,,21595,22,,,1,45,,21602,22,,,1,5,,21612,22,,,1,5,,21616,22,,,1,4,,21618,22,,,1,4,,21633,22,,,1,4,,21640,22,,,1,4,,21655,22,,,1,3,,21659,22,,,1,4,,21665,22,,,1,3,,21670,22,,,1,4,,21676,22,,,1,4,,21681,22,,,1,3,,21697,22,,,1,3,,21705,22,,,1,4,,21709,22,,,1,43,,21717,22,,,1,3,,21733,22,,,1,3,,21739,22,,,1,3,,21740,22,,,1,3,,21750,22,,,1,2,,21752,22,,,1,3,,21754,22,,,1,3,,21755,22,,,1,2,,21757,22,,,1,3,,21763,22,,,1,3,,21773,22,,,1,2,,21782,22,,,1,3,,21783,22,,,1,2,,21788,22,,,1,3,,21803,22,,,1,2,,21808,22,,,1,3,,21810,22,,,1,2,,21574,22,,,1,3,,21585,22,,,1,2,,21593,22,,,1,3,,21596,22,,,1,2,,21603,22,,,1,3,,21613,22,,,1,43,,21614,22,,,1,3,,21615,22,,,1,3,,21617,22,,,1,3,,21619,22,,,1,3,,21634,22,,,1,2,,21641,22,,,1,3,,21647,22,,,1,4,,21656,22,,,1,3,,21660,22,,,1,3,,21671,22,,,1,4,,21677,22,,,1,3,,21682,22,,,1,4,,21698,22,,,1,3,,21706,22,,,1,4,,21710,22,,,1,4,,21716,22,,,1,4,,21718,22,,,1,3,,21734,22,,,1,45,,21741,22,,,1,5,,21751,22,,,1,5,,21758,22,,,1,4,,21764,22,,,1,6,,21774,22,,,1,6,,21789,22,,,1,6,,21804,22,,,1,6,,21575,22,,,1,6,,21586,22,,,1,6,,21597,22,,,1,6,,21604,22,,,1,46,,21620,22,,,1,6,,21635,22,,,1,6,,21648,22,,,1,6,,21661,22,,,1,7,,21672,22,,,1,6,,21683,22,,,1,6,,21699,22,,,1,6,,21711,22,,,1,6,,21719,22,,,1,46,,21735,22,,,1,6,,21742,22,,,1,6,,21759,22,,,1,6,,21765,22,,,1,6,,21775,22,,,1,6,,21790,22,,,1,6,,21805,22,,,1,6,,21576,22,,,1,6,,21587,22,,,1,6,,21598,22,,,1,46,,21605,22,,,1,6,,21621,22,,,1,6,,21636,22,,,1,6,,21649,22,,,1,6,,21662,22,,,1,6,,21673,22,,,1,6,,21684,22,,,1,6,,21700,22,,,1,6,,21712,22,,,1,6,,21720,22,,,1,46,,21736,22,,,1,6,,21743,22,,,1,6,,21760,22,,,1,6,,21766,22,,,1,6,,21776,22,,,1,6,,21791,22,,,1,6,,21806,22,,,1,6,,21577,22,,,1,6,,21588,22,,,1,6,,21599,22,,,1,46,,21606,22,,,1,6,,21622,22,,,1,6,,21637,22,,,1,6,,21650,22,,,1,6,,21663,22,,,1,6,,21674,22,,,1,6,,21685,22,,,1,5,,21694,22,,,1,5,,21701,22,,,1,4,,21713,22,,,1,4,,21721,22,,,1,4,,21726,22,,,1,44,,21737,22,,,1,4,,21744,22,,,1,4,,21756,22,,,1,3,,21761,22,,,1,4,,21767,22,,,1,4,,21777,22,,,1,3,,21787,22,,,1,4,,21792,22,,,1,4,,21794,22,,,1,3,,21807,22,,,1,4,,21578,22,,,1,4,,21580,22,,,1,4,,21589,22,,,1,3,,21600,22,,,1,4,,21601,22,,,1,3,,21607,22,,,1,43,,21623,22,,,1,3,,21628,22,,,1,4,,21638,22,,,1,3,,21642,22,,,1,3,,21651,22,,,1,3,,21657,22,,,1,3,,21664,22,,,1,3,,21666,22,,,1,3,,21675,22,,,1,3,,21678,22,,,1,3,,21686,22,,,1,3,,21690,22,,,1,3,,21695,22,,,1,4,,21702,22,,,1,3,,21707,22,,,1,3,,21714,22,,,1,3,,21722,22,,,1,3,,21727,22,,,1,4,,21728,22,,,1,43,,21738,22,,,1,3,,21745,22,,,1,4,,21762,22,,,1,3,,21768,22,,,1,4,,21778,22,,,1,3,,21784,22,,,1,4,,21793,22,,,1,4,,21795,22,,,1,4,,21798,22,,,1,3,,21579,22,,,1,4,,21581,22,,,1,4,,21590,22,,,1,4,,21594,22,,,1,4,,21608,22,,,1,4,,21624,22,,,1,4,,21629,22,,,1,44,,21639,22,,,1,5,,21643,22,,,1,4,,21652,22,,,1,4,,21658,22,,,1,5,,21667,22,,,1,5,,21679,22,,,1,5,,21687,22,,,1,5,,21691,22,,,1,5,,21703,22,,,1,5,,21715,22,,,1,5,,21723,22,,,1,6,,21729,22,,,1,5,,21746,22,,,1,46,,21769,22,,,1,6,,21779,22,,,1,5,,21785,22,,,1,6,,21796,22,,,1,6,,21799,22,,,1,6,,21582,22,,,1,6,,21591,22,,,1,6,,21609,22,,,1,6,,21625,22,,,1,6,,21630,22,,,1,46,,21644,22,,,1,6,,21653,22,,,1,6,,21668,22,,,1,6,,21680,22,,,1,7,,21688,22,,,1,6,,21692,22,,,1,6,,21704,22,,,1,6,,21724,22,,,1,6,,21730,22,,,1,6,,21747,22,,,1,46,,21770,22,,,1,6,,21780,22,,,1,6,,21786,22,,,1,6,,21797,22,,,1,6,,21800,22,,,1,6,,21583,22,,,1,6,,21592,22,,,1,6,,21610,22,,,1,6,,21626,22,,,1,47,,21631,22,,,1,7,,21645,22,,,1,7,,21654,22,,,1,8,,21669,22,,,1,8,,21689,22,,,1,8,,21693,22,,,1,8,,21725,22,,,1,8,,21731,22,,,1,48,,21748,22,,,1,8,,21771,22,,,1,8,,21781,22,,,1,8,,21801,22,,,1,8,,21584,22,,,1,8,,21611,22,,,1,8,,21627,22,,,1,8,,21632,22,,,1,51,,21646,22,,,1
