200,'GLOBAUX-01-A',548,,21847,13,,,1,10,,21851,13,,,1,50,,21872,13,,,1,10,,21881,13,,,1,9,,21890,13,,,1,10,,21905,13,,,1,10,,21919,13,,,1,10,,21927,13,,,1,50,,21933,13,,,1,9,,21941,13,,,1,10,,21952,13,,,1,10,,21960,13,,,1,9,,21811,13,,,1,9,,21825,13,,,1,50,,21839,13,,,1,9,,21848,13,,,1,8,,21852,13,,,1,9,,21860,13,,,1,9,,21873,13,,,1,9,,21882,13,,,1,8,,21891,13,,,1,49,,21898,13,,,1,8,,21906,13,,,1,9,,21913,13,,,1,8,,21920,13,,,1,9,,21934,13,,,1,8,,21942,13,,,1,9,,21953,13,,,1,48,,21961,13,,,1,9,,21812,13,,,1,8,,21826,13,,,1,9,,21840,13,,,1,8,,21849,13,,,1,9,,21853,13,,,1,8,,21861,13,,,1,49,,21874,13,,,1,8,,21883,13,,,1,9,,21892,13,,,1,7,,21899,13,,,1,8,,21907,13,,,1,8,,21914,13,,,1,7,,21921,13,,,1,8,,21935,13,,,1,48,,21943,13,,,1,7,,21954,13,,,1,8,,21962,13,,,1,8,,21813,13,,,1,7,,21819,13,,,1,8,,21827,13,,,1,7,,21841,13,,,1,7,,21850,13,,,1,48,,21854,13,,,1,7,,21862,13,,,1,7,,21866,13,,,1,7,,21875,13,,,1,7,,21884,13,,,1,6,,21893,13,,,1,7,,21900,13,,,1,6,,21908,13,,,1,46,,21915,13,,,1,7,,21922,13,,,1,6,,21928,13,,,1,7,,21936,13,,,1,6,,21944,13,,,1,7,,21947,13,,,1,6,,21955,13,,,1,6,,21963,13,,,1,7,,21814,13,,,1,6,,21820,13,,,1,47,,21828,13,,,1,6,,21833,13,,,1,7,,21842,13,,,1,6,,21855,13,,,1,7,,21863,13,,,1,6,,21867,13,,,1,7,,21876,13,,,1,6,,21885,13,,,1,6,,21894,13,,,1,47,,21901,13,,,1,6,,21909,13,,,1,7,,21916,13,,,1,6,,21923,13,,,1,6,,21929,13,,,1,7,,21937,13,,,1,6,,21945,13,,,1,7,,21948,13,,,1,6,,21956,13,,,1,47,,21964,13,,,1,6,,21815,13,,,1,6,,21821,13,,,1,7,,21829,13,,,1,6,,21834,13,,,1,7,,21843,13,,,1,6,,21856,13,,,1,6,,21864,13,,,1,7,,21868,13,,,1,6,,21877,13,,,1,47,,21886,13,,,1,6,,21895,13,,,1,6,,21902,13,,,1,7,,21910,13,,,1,6,,21917,13,,,1,6,,21924,13,,,1,7,,21930,13,,,1,6,,21938,13,,,1,7,,21946,13,,,1,46,,21949,13,,,1,6,,21957,13,,,1,7,,21965,13,,,1,6,,21816,13,,,1,6,,21822,13,,,1,7,,21830,13,,,1,6,,21835,13,,,1,7,,21844,13,,,1,7,,21857,13,,,1,48,,21865,13,,,1,7,,21869,13,,,1,7,,21878,13,,,1,8,,21887,13,,,1,7,,21896,13,,,1,8,,21903,13,,,1,7,,21911,13,,,1,7,,21918,13,,,1,48,,21925,13,,,1,7,,21931,13,,,1,8,,21939,13,,,1,7,,21950,13,,,1,7,,21958,13,,,1,8,,21817,13,,,1,8,,21823,13,,,1,8,,21831,13,,,1,47,,21836,13,,,1,8,,21845,13,,,1,9,,21858,13,,,1,9,,21870,13,,,1,8,,21879,13,,,1,9,,21888,13,,,1,9,,21897,13,,,1,49,,21904,13,,,1,9,,21912,13,,,1,10,,21926,13,,,1,9,,21932,13,,,1,10,,21940,13,,,1,9,,21951,13,,,1,10,,21959,13,,,1,50,,21818,13,,,1,9,,21832,13,,,1,10,,21837,13,,,1,10,,21846,13,,,1,10,,21859,13,,,1,10,,21871,13,,,1,50,,21880,13,,,1,10,,21889,13,,,1
200,'GLOBAUX-01-F1',548,,22001,13,,,1,9,,22009,13,,,1,50,,22017,13,,,1,9,,22025,13,,,1,9,,22031,13,,,1,9,,22043,13,,,1,10,,22047,13,,,1,9,,22062,13,,,1,49,,22074,13,,,1,10,,22082,13,,,1,9,,22090,13,,,1,9,,22095,13,,,1,9,,21966,13,,,1,10,,21975,13,,,1,9,,21993,13,,,1,49,,22002,13,,,1,9,,22010,13,,,1,10,,22018,13,,,1,9,,22026,13,,,1,9,,22032,13,,,1,10,,22044,13,,,1,49,,22048,13,,,1,8,,22055,13,,,1,9,,22063,13,,,1,8,,22075,13,,,1,9,,22083,13,,,1,9,,22091,13,,,1,8,,22096,13,,,1,49,,21967,13,,,1,8,,21976,13,,,1,9,,21986,13,,,1,8,,21994,13,,,1,9,,22003,13,,,1,9,,22011,13,,,1,8,,22019,13,,,1,49,,22027,13,,,1,8,,22033,13,,,1,9,,22045,13,,,1,9,,22049,13,,,1,8,,22056,13,,,1,9,,22064,13,,,1,8,,22076,13,,,1,49,,22084,13,,,1,9,,22092,13,,,1,8,,22097,13,,,1,9,,21968,13,,,1,8,,21977,13,,,1,8,,21987,13,,,1,8,,21995,13,,,1,48,,22004,13,,,1,8,,22012,13,,,1,8,,22020,13,,,1,8,,22028,13,,,1,8,,22034,13,,,1,7,,22046,13,,,1,8,,22050,13,,,1,8,,22057,13,,,1,48,,22065,13,,,1,8,,22070,13,,,1,7,,22077,13,,,1,7,,22085,13,,,1,7,,22093,13,,,1,7,,22098,13,,,1,7,,22103,13,,,1,6,,21969,13,,,1,47,,21978,13,,,1,7,,21981,13,,,1,7,,21988,13,,,1,7,,21996,13,,,1,7,,22005,13,,,1,6,,22013,13,,,1,7,,22021,13,,,1,7,,22029,13,,,1,7,,22035,13,,,1,47,,22039,13,,,1,7,,22051,13,,,1,6,,22058,13,,,1,7,,22066,13,,,1,7,,22071,13,,,1,7,,22078,13,,,1,7,,22086,13,,,1,7,,22094,13,,,1,6,,22099,13,,,1,47,,22104,13,,,1,7,,21970,13,,,1,7,,21979,13,,,1,7,,21982,13,,,1,7,,21989,13,,,1,6,,21997,13,,,1,8,,22006,13,,,1,7,,22014,13,,,1,7,,22022,13,,,1,48,,22030,13,,,1,7,,22036,13,,,1,7,,22040,13,,,1,8,,22052,13,,,1,7,,22059,13,,,1,7,,22067,13,,,1,8,,22072,13,,,1,7,,22079,13,,,1,48,,22087,13,,,1,8,,22100,13,,,1,7,,22105,13,,,1,8,,21971,13,,,1,8,,21980,13,,,1,8,,21983,13,,,1,8,,21990,13,,,1,47,,21998,13,,,1,8,,22007,13,,,1,8,,22015,13,,,1,8,,22023,13,,,1,8,,22037,13,,,1,8,,22041,13,,,1,8,,22053,13,,,1,8,,22060,13,,,1,48,,22068,13,,,1,8,,22073,13,,,1,8,,22080,13,,,1,8,,22088,13,,,1,9,,22101,13,,,1,8,,22106,13,,,1,9,,21972,13,,,1,48,,21984,13,,,1,9,,21991,13,,,1,9,,21999,13,,,1,9,,22008,13,,,1,9,,22016,13,,,1,10,,22024,13,,,1,10,,22038,13,,,1,50,,22042,13,,,1,10,,22054,13,,,1,10,,22061,13,,,1,10,,22069,13,,,1,10,,22081,13,,,1,10,,22089,13,,,1,50,,22102,13,,,1,10,,22107,13,,,1,10,,21973,13,,,1,10,,21985,13,,,1,10,,22000,13,,,1
200,'GLOBAUX-01-F2',548,,22143,13,,,1,9,,22151,13,,,1,50,,22159,13,,,1,9,,22167,13,,,1,9,,22173,13,,,1,9,,22185,13,,,1,10,,22189,13,,,1,9,,22204,13,,,1,49,,22216,13,,,1,10,,22224,13,,,1,9,,22232,13,,,1,9,,22237,13,,,1,9,,22108,13,,,1,10,,22117,13,,,1,9,,22135,13,,,1,49,,22144,13,,,1,9,,22152,13,,,1,10,,22160,13,,,1,9,,22168,13,,,1,9,,22174,13,,,1,10,,22186,13,,,1,49,,22190,13,,,1,8,,22197,13,,,1,9,,22205,13,,,1,8,,22217,13,,,1,9,,22225,13,,,1,9,,22233,13,,,1,8,,22238,13,,,1,49,,22109,13,,,1,8,,22118,13,,,1,9,,22128,13,,,1,8,,22136,13,,,1,9,,22145,13,,,1,9,,22153,13,,,1,8,,22161,13,,,1,49,,22169,13,,,1,8,,22175,13,,,1,9,,22187,13,,,1,9,,22191,13,,,1,8,,22198,13,,,1,9,,22206,13,,,1,8,,22218,13,,,1,49,,22226,13,,,1,9,,22234,13,,,1,8,,22239,13,,,1,9,,22110,13,,,1,8,,22119,13,,,1,8,,22129,13,,,1,8,,22137,13,,,1,48,,22146,13,,,1,8,,22154,13,,,1,8,,22162,13,,,1,8,,22170,13,,,1,8,,22176,13,,,1,7,,22188,13,,,1,8,,22192,13,,,1,8,,22199,13,,,1,48,,22207,13,,,1,8,,22212,13,,,1,7,,22219,13,,,1,7,,22227,13,,,1,7,,22235,13,,,1,7,,22240,13,,,1,7,,22245,13,,,1,6,,22111,13,,,1,47,,22120,13,,,1,7,,22123,13,,,1,7,,22130,13,,,1,7,,22138,13,,,1,7,,22147,13,,,1,6,,22155,13,,,1,7,,22163,13,,,1,7,,22171,13,,,1,7,,22177,13,,,1,47,,22181,13,,,1,7,,22193,13,,,1,6,,22200,13,,,1,7,,22208,13,,,1,7,,22213,13,,,1,7,,22220,13,,,1,7,,22228,13,,,1,7,,22236,13,,,1,6,,22241,13,,,1,47,,22246,13,,,1,7,,22112,13,,,1,7,,22121,13,,,1,7,,22124,13,,,1,7,,22131,13,,,1,6,,22139,13,,,1,8,,22148,13,,,1,7,,22156,13,,,1,7,,22164,13,,,1,48,,22172,13,,,1,7,,22178,13,,,1,7,,22182,13,,,1,8,,22194,13,,,1,7,,22201,13,,,1,7,,22209,13,,,1,8,,22214,13,,,1,7,,22221,13,,,1,48,,22229,13,,,1,8,,22242,13,,,1,7,,22247,13,,,1,8,,22113,13,,,1,8,,22122,13,,,1,8,,22125,13,,,1,8,,22132,13,,,1,47,,22140,13,,,1,8,,22149,13,,,1,8,,22157,13,,,1,8,,22165,13,,,1,8,,22179,13,,,1,8,,22183,13,,,1,8,,22195,13,,,1,8,,22202,13,,,1,48,,22210,13,,,1,8,,22215,13,,,1,8,,22222,13,,,1,8,,22230,13,,,1,9,,22243,13,,,1,8,,22248,13,,,1,9,,22114,13,,,1,48,,22126,13,,,1,9,,22133,13,,,1,9,,22141,13,,,1,9,,22150,13,,,1,9,,22158,13,,,1,10,,22166,13,,,1,10,,22180,13,,,1,50,,22184,13,,,1,10,,22196,13,,,1,10,,22203,13,,,1,10,,22211,13,,,1,10,,22223,13,,,1,10,,22231,13,,,1,50,,22244,13,,,1,10,,22249,13,,,1,10,,22115,13,,,1,10,,22127,13,,,1,10,,22142,13,,,1
200,'GLOBAUX-01-I',548,,22285,13,,,1,9,,22293,13,,,1,50,,22301,13,,,1,9,,22309,13,,,1,9,,22315,13,,,1,9,,22327,13,,,1,10,,22331,13,,,1,9,,22346,13,,,1,49,,22358,13,,,1,10,,22366,13,,,1,9,,22374,13,,,1,9,,22379,13,,,1,9,,22250,13,,,1,10,,22259,13,,,1,9,,22277,13,,,1,49,,22286,13,,,1,9,,22294,13,,,1,10,,22302,13,,,1,9,,22310,13,,,1,9,,22316,13,,,1,10,,22328,13,,,1,49,,22332,13,,,1,8,,22339,13,,,1,9,,22347,13,,,1,8,,22359,13,,,1,9,,22367,13,,,1,9,,22375,13,,,1,8,,22380,13,,,1,49,,22251,13,,,1,8,,22260,13,,,1,9,,22270,13,,,1,8,,22278,13,,,1,9,,22287,13,,,1,9,,22295,13,,,1,8,,22303,13,,,1,49,,22311,13,,,1,8,,22317,13,,,1,9,,22329,13,,,1,9,,22333,13,,,1,8,,22340,13,,,1,9,,22348,13,,,1,8,,22360,13,,,1,49,,22368,13,,,1,9,,22376,13,,,1,8,,22381,13,,,1,9,,22252,13,,,1,8,,22261,13,,,1,8,,22271,13,,,1,8,,22279,13,,,1,48,,22288,13,,,1,8,,22296,13,,,1,8,,22304,13,,,1,8,,22312,13,,,1,8,,22318,13,,,1,7,,22330,13,,,1,8,,22334,13,,,1,8,,22341,13,,,1,48,,22349,13,,,1,8,,22354,13,,,1,7,,22361,13,,,1,7,,22369,13,,,1,7,,22377,13,,,1,7,,22382,13,,,1,7,,22387,13,,,1,6,,22253,13,,,1,47,,22262,13,,,1,7,,22265,13,,,1,7,,22272,13,,,1,7,,22280,13,,,1,7,,22289,13,,,1,6,,22297,13,,,1,7,,22305,13,,,1,7,,22313,13,,,1,7,,22319,13,,,1,47,,22323,13,,,1,7,,22335,13,,,1,6,,22342,13,,,1,7,,22350,13,,,1,7,,22355,13,,,1,7,,22362,13,,,1,7,,22370,13,,,1,7,,22378,13,,,1,6,,22383,13,,,1,47,,22388,13,,,1,7,,22254,13,,,1,7,,22263,13,,,1,7,,22266,13,,,1,7,,22273,13,,,1,6,,22281,13,,,1,8,,22290,13,,,1,7,,22298,13,,,1,7,,22306,13,,,1,48,,22314,13,,,1,7,,22320,13,,,1,7,,22324,13,,,1,8,,22336,13,,,1,7,,22343,13,,,1,7,,22351,13,,,1,8,,22356,13,,,1,7,,22363,13,,,1,48,,22371,13,,,1,8,,22384,13,,,1,7,,22389,13,,,1,8,,22255,13,,,1,8,,22264,13,,,1,8,,22267,13,,,1,8,,22274,13,,,1,47,,22282,13,,,1,8,,22291,13,,,1,8,,22299,13,,,1,8,,22307,13,,,1,8,,22321,13,,,1,8,,22325,13,,,1,8,,22337,13,,,1,8,,22344,13,,,1,48,,22352,13,,,1,8,,22357,13,,,1,8,,22364,13,,,1,8,,22372,13,,,1,9,,22385,13,,,1,8,,22390,13,,,1,9,,22256,13,,,1,48,,22268,13,,,1,9,,22275,13,,,1,9,,22283,13,,,1,9,,22292,13,,,1,9,,22300,13,,,1,10,,22308,13,,,1,10,,22322,13,,,1,50,,22326,13,,,1,10,,22338,13,,,1,10,,22345,13,,,1,10,,22353,13,,,1,10,,22365,13,,,1,10,,22373,13,,,1,50,,22386,13,,,1,10,,22391,13,,,1,10,,22257,13,,,1,10,,22269,13,,,1,10,,22284,13,,,1
200,'GLOBAUX-01-S',548,,22463,13,,,1,6,,22473,13,,,1,46,,22483,13,,,1,6,,22498,13,,,1,6,,22509,13,,,1,6,,22518,13,,,1,6,,22532,13,,,1,6,,22534,13,,,1,5,,22554,13,,,1,5,,22571,13,,,1,5,,22573,13,,,1,5,,22580,13,,,1,5,,22582,13,,,1,4,,22594,13,,,1,44,,22600,13,,,1,4,,22606,13,,,1,4,,22607,13,,,1,4,,22613,13,,,1,3,,22622,13,,,1,4,,22392,13,,,1,3,,22393,13,,,1,3,,22403,13,,,1,4,,22411,13,,,1,3,,22412,13,,,1,4,,22421,13,,,1,3,,22423,13,,,1,4,,22428,13,,,1,3,,22436,13,,,1,3,,22444,13,,,1,4,,22456,13,,,1,3,,22461,13,,,1,43,,22462,13,,,1,3,,22464,13,,,1,4,,22474,13,,,1,3,,22484,13,,,1,3,,22492,13,,,1,3,,22494,13,,,1,4,,22499,13,,,1,3,,22504,13,,,1,3,,22510,13,,,1,4,,22515,13,,,1,3,,22519,13,,,1,3,,22527,13,,,1,3,,22533,13,,,1,3,,22535,13,,,1,4,,22540,13,,,1,3,,22555,13,,,1,3,,22564,13,,,1,3,,22572,13,,,1,44,,22574,13,,,1,4,,22575,13,,,1,4,,22583,13,,,1,3,,22590,13,,,1,4,,22595,13,,,1,4,,22601,13,,,1,3,,22608,13,,,1,4,,22614,13,,,1,4,,22623,13,,,1,4,,22630,13,,,1,4,,22394,13,,,1,4,,22404,13,,,1,4,,22413,13,,,1,4,,22420,13,,,1,4,,22424,13,,,1,45,,22437,13,,,1,5,,22445,13,,,1,5,,22457,13,,,1,6,,22465,13,,,1,6,,22475,13,,,1,6,,22485,13,,,1,6,,22495,13,,,1,6,,22505,13,,,1,6,,22511,13,,,1,6,,22520,13,,,1,6,,22528,13,,,1,46,,22541,13,,,1,6,,22556,13,,,1,6,,22565,13,,,1,6,,22576,13,,,1,6,,22584,13,,,1,6,,22596,13,,,1,6,,22602,13,,,1,6,,22615,13,,,1,6,,22624,13,,,1,6,,22395,13,,,1,46,,22405,13,,,1,6,,22414,13,,,1,6,,22425,13,,,1,6,,22438,13,,,1,6,,22446,13,,,1,6,,22458,13,,,1,6,,22466,13,,,1,6,,22476,13,,,1,6,,22486,13,,,1,6,,22496,13,,,1,46,,22506,13,,,1,6,,22512,13,,,1,6,,22521,13,,,1,6,,22529,13,,,1,6,,22542,13,,,1,6,,22557,13,,,1,6,,22566,13,,,1,6,,22577,13,,,1,6,,22585,13,,,1,6,,22597,13,,,1,46,,22603,13,,,1,6,,22616,13,,,1,6,,22625,13,,,1,6,,22396,13,,,1,6,,22406,13,,,1,6,,22415,13,,,1,6,,22426,13,,,1,6,,22439,13,,,1,6,,22447,13,,,1,6,,22459,13,,,1,46,,22467,13,,,1,6,,22477,13,,,1,5,,22487,13,,,1,4,,22497,13,,,1,5,,22500,13,,,1,4,,22507,13,,,1,5,,22513,13,,,1,4,,22516,13,,,1,4,,22522,13,,,1,4,,22530,13,,,1,4,,22536,13,,,1,3,,22543,13,,,1,3,,22547,13,,,1,3,,22558,13,,,1,43,,22562,13,,,1,3,,22567,13,,,1,3,,22578,13,,,1,3,,22581,13,,,1,3,,22586,13,,,1,3,,22591,13,,,1,3,,22598,13,,,1,3,,22604,13,,,1,3,,22609,13,,,1,3,,22617,13,,,1,2,,22618,13,,,1,3,,22626,13,,,1,3,,22397,13,,,1,3,,22398,13,,,1,3,,22399,13,,,1,3,,22400,13,,,1,3,,22407,13,,,1,3,,22416,13,,,1,3,,22422,13,,,1,3,,22427,13,0,5,1,43,,22429,13,,,1,2,,22433,13,,,1,3,,22440,13,,,1,3,,22448,13,0,5,1,3,,22449,13,,,1,3,,22453,13,,,1,3,,22460,13,,,1,3,,22468,13,0,5,1,3,,22469,13,,,1,3,,22478,13,,,1,3,,22482,13,0,5,1,3,,22488,13,,,1,3,,22493,13,0,5,1,2,,22501,13,,,1,4,,22508,13,,,1,3,,22514,13,,,1,3,,22517,13,,,1,4,,22523,13,,,1,3,,22531,13,,,1,4,,22537,13,,,1,43,,22544,13,,,1,3,,22548,13,,,1,4,,22551,13,,,1,4,,22559,13,,,1,4,,22563,13,,,1,4,,22568,13,,,1,4,,22579,13,,,1,4,,22587,13,,,1,4,,22592,13,,,1,4,,22599,13,,,1,4,,22605,13,,,1,3,,22610,13,,,1,5,,22619,13,,,1,5,,22627,13,,,1,5,,22401,13,,,1,45,,22408,13,,,1,5,,22417,13,,,1,5,,22430,13,,,1,5,,22434,13,,,1,6,,22441,13,,,1,6,,22450,13,,,1,6,,22454,13,,,1,6,,22470,13,,,1,6,,22479,13,,,1,6,,22489,13,,,1,46,,22502,13,,,1,6,,22524,13,,,1,6,,22538,13,,,1,6,,22545,13,,,1,6,,22549,13,,,1,6,,22552,13,,,1,6,,22560,13,,,1,6,,22569,13,,,1,6,,22588,13,,,1,6,,22593,13,,,1,46,,22611,13,,,1,6,,22620,13,,,1,6,,22628,13,,,1,6,,22402,13,,,1,6,,22409,13,,,1,6,,22418,13,,,1,6,,22431,13,,,1,6,,22435,13,,,1,6,,22442,13,,,1,6,,22451,13,,,1,46,,22455,13,,,1,6,,22471,13,,,1,6,,22480,13,,,1,6,,22490,13,,,1,6,,22503,13,,,1,6,,22525,13,,,1,6,,22539,13,,,1,6,,22546,13,,,1,6,,22550,13,,,1,7,,22553,13,,,1,47,,22561,13,,,1,7,,22570,13,,,1,7,,22589,13,,,1,7,,22612,13,,,1,7,,22621,13,,,1,7,,22629,13,,,1,7,,22410,13,,,1,8,,22419,13,,,1,48,,22432,13,,,1,8,,22443,13,,,1,8,,22452,13,,,1,8,,22472,13,,,1,8,,22481,13,,,1,8,,22491,13,,,1,8,,22526,13,,,1
201,'GLOBAUX-01-A',551,,22741,19,,,1,50,,22748,19,,,1,10,,22757,19,,,1,9,,22769,19,,,1,10,,22778,19,,,1,10,,22631,19,,,1,9,,22645,19,,,1,10,,22658,19,,,1,50,,22666,19,,,1,10,,22669,19,,,1,9,,22688,19,,,1,10,,22696,19,,,1,9,,22704,19,,,1,10,,22712,19,,,1,49,,22719,19,,,1,10,,22727,19,,,1,9,,22733,19,,,1,8,,22749,19,,,1,9,,22758,19,,,1,9,,22770,19,,,1,49,,22779,19,,,1,8,,22632,19,,,1,9,,22646,19,,,1,9,,22659,19,,,1,8,,22667,19,,,1,9,,22670,19,,,1,8,,22677,19,,,1,49,,22689,19,,,1,9,,22697,19,,,1,8,,22705,19,,,1,9,,22713,19,,,1,9,,22720,19,,,1,9,,22728,19,,,1,8,,22734,19,,,1,48,,22750,19,,,1,8,,22759,19,,,1,7,,22771,19,,,1,8,,22780,19,,,1,8,,22633,19,,,1,7,,22640,19,,,1,8,,22647,19,,,1,7,,22660,19,,,1,47,,22668,19,,,1,7,,22671,19,,,1,7,,22678,19,,,1,7,,22682,19,,,1,7,,22690,19,,,1,7,,22698,19,,,1,7,,22706,19,,,1,6,,22714,19,,,1,7,,22721,19,,,1,47,,22729,19,,,1,6,,22735,19,,,1,6,,22742,19,,,1,7,,22751,19,,,1,6,,22760,19,,,1,7,,22763,19,,,1,6,,22772,19,,,1,7,,22781,19,,,1,6,,22634,19,,,1,6,,22641,19,,,1,47,,22648,19,,,1,6,,22653,19,,,1,7,,22661,19,,,1,6,,22672,19,,,1,7,,22679,19,,,1,6,,22683,19,,,1,6,,22691,19,,,1,7,,22699,19,,,1,6,,22707,19,,,1,47,,22715,19,,,1,6,,22722,19,,,1,6,,22730,19,,,1,7,,22736,19,,,1,6,,22743,19,,,1,7,,22752,19,,,1,6,,22761,19,,,1,6,,22764,19,,,1,7,,22773,19,,,1,46,,22782,19,,,1,7,,22635,19,,,1,6,,22642,19,,,1,7,,22649,19,,,1,6,,22654,19,,,1,6,,22662,19,,,1,7,,22673,19,,,1,6,,22680,19,,,1,7,,22684,19,,,1,6,,22692,19,,,1,47,,22700,19,,,1,6,,22708,19,,,1,6,,22716,19,,,1,7,,22723,19,,,1,6,,22731,19,,,1,7,,22737,19,,,1,6,,22744,19,,,1,6,,22753,19,,,1,7,,22762,19,,,1,46,,22765,19,,,1,7,,22774,19,,,1,6,,22783,19,,,1,6,,22636,19,,,1,7,,22643,19,,,1,6,,22650,19,,,1,7,,22655,19,,,1,6,,22663,19,,,1,6,,22674,19,,,1,47,,22681,19,,,1,7,,22685,19,,,1,7,,22693,19,,,1,8,,22701,19,,,1,7,,22709,19,,,1,7,,22717,19,,,1,7,,22724,19,,,1,8,,22732,19,,,1,7,,22738,19,,,1,48,,22745,19,,,1,7,,22754,19,,,1,8,,22766,19,,,1,7,,22775,19,,,1,8,,22637,19,,,1,8,,22644,19,,,1,7,,22651,19,,,1,48,,22656,19,,,1,8,,22664,19,,,1,8,,22675,19,,,1,8,,22686,19,,,1,8,,22694,19,,,1,8,,22702,19,,,1,9,,22710,19,,,1,8,,22718,19,,,1,50,,22725,19,,,1,9,,22739,19,,,1,9,,22746,19,,,1,10,,22755,19,,,1,9,,22767,19,,,1,10,,22776,19,,,1,49,,22638,19,,,1,10,,22652,19,,,1,9,,22657,19,,,1,10,,22665,19,,,1,9,,22676,19,,,1,10,,22687,19,,,1,50,,22695,19,,,1,10,,22703,19,,,1,9,,22711,19,,,1,10,,22726,19,,,1,10,,22740,19,,,1,10,,22747,19,,,1,50,,22756,19,,,1,10,,22768,19,,,1,10,,22777,19,,,1,14,,22639,19,,,1
201,'GLOBAUX-01-F1',551,,22877,19,,,1,49,,22890,19,,,1,10,,22898,19,,,1,9,,22906,19,,,1,9,,22911,19,,,1,10,,22784,19,,,1,9,,22792,19,,,1,9,,22809,19,,,1,50,,22817,19,,,1,9,,22825,19,,,1,10,,22833,19,,,1,9,,22841,19,,,1,9,,22846,19,,,1,10,,22859,19,,,1,49,,22862,19,,,1,9,,22878,19,,,1,10,,22891,19,,,1,9,,22899,19,,,1,10,,22907,19,,,1,9,,22912,19,,,1,9,,22785,19,,,1,49,,22793,19,,,1,9,,22803,19,,,1,9,,22810,19,,,1,8,,22818,19,,,1,9,,22826,19,,,1,9,,22834,19,,,1,49,,22842,19,,,1,8,,22847,19,,,1,9,,22860,19,,,1,8,,22863,19,,,1,9,,22870,19,,,1,9,,22879,19,,,1,8,,22892,19,,,1,49,,22900,19,,,1,8,,22908,19,,,1,9,,22913,19,,,1,9,,22786,19,,,1,8,,22794,19,,,1,9,,22804,19,,,1,8,,22811,19,,,1,49,,22819,19,,,1,9,,22827,19,,,1,8,,22835,19,,,1,8,,22843,19,,,1,8,,22848,19,,,1,8,,22861,19,,,1,8,,22864,19,,,1,8,,22871,19,,,1,48,,22880,19,,,1,7,,22886,19,,,1,7,,22893,19,,,1,7,,22901,19,,,1,6,,22909,19,,,1,7,,22914,19,,,1,7,,22919,19,,,1,7,,22787,19,,,1,47,,22795,19,,,1,7,,22798,19,,,1,6,,22805,19,,,1,7,,22812,19,,,1,7,,22820,19,,,1,7,,22828,19,,,1,7,,22836,19,,,1,7,,22844,19,,,1,6,,22849,19,,,1,47,,22854,19,,,1,7,,22865,19,,,1,7,,22872,19,,,1,7,,22881,19,,,1,7,,22887,19,,,1,7,,22894,19,,,1,6,,22902,19,,,1,7,,22910,19,,,1,7,,22915,19,,,1,47,,22920,19,,,1,7,,22788,19,,,1,7,,22796,19,,,1,6,,22799,19,,,1,8,,22806,19,,,1,7,,22813,19,,,1,7,,22821,19,,,1,8,,22829,19,,,1,47,,22837,19,,,1,7,,22845,19,,,1,8,,22850,19,,,1,7,,22855,19,,,1,7,,22866,19,,,1,8,,22873,19,,,1,7,,22882,19,,,1,7,,22888,19,,,1,8,,22895,19,,,1,47,,22903,19,,,1,8,,22916,19,,,1,7,,22921,19,,,1,8,,22789,19,,,1,8,,22797,19,,,1,8,,22800,19,,,1,8,,22807,19,,,1,47,,22814,19,,,1,8,,22822,19,,,1,8,,22830,19,,,1,8,,22838,19,,,1,7,,22851,19,,,1,8,,22856,19,,,1,8,,22867,19,,,1,8,,22874,19,,,1,48,,22883,19,,,1,7,,22889,19,,,1,9,,22896,19,,,1,8,,22904,19,,,1,9,,22917,19,,,1,8,,22922,19,,,1,9,,22790,19,,,1,48,,22801,19,,,1,9,,22808,19,,,1,8,,22815,19,,,1,9,,22823,19,,,1,8,,22831,19,,,1,9,,22839,19,,,1,9,,22852,19,,,1,49,,22857,19,,,1,9,,22868,19,,,1,10,,22875,19,,,1,10,,22884,19,,,1,10,,22897,19,,,1,10,,22905,19,,,1,50,,22918,19,,,1,10,,22923,19,,,1,10,,22791,19,,,1,9,,22802,19,,,1,10,,22816,19,,,1,10,,22824,19,,,1,50,,22832,19,,,1,10,,22840,19,,,1,10,,22853,19,,,1,10,,22858,19,,,1,10,,22869,19,,,1,10,,22876,19,,,1,54,,22885,19,,,1
201,'GLOBAUX-01-F2',551,,23017,19,,,1,49,,23030,19,,,1,10,,23038,19,,,1,9,,23046,19,,,1,9,,23051,19,,,1,10,,22924,19,,,1,9,,22932,19,,,1,9,,22949,19,,,1,50,,22957,19,,,1,9,,22965,19,,,1,10,,22973,19,,,1,9,,22981,19,,,1,9,,22986,19,,,1,10,,22999,19,,,1,49,,23002,19,,,1,9,,23018,19,,,1,10,,23031,19,,,1,9,,23039,19,,,1,10,,23047,19,,,1,9,,23052,19,,,1,9,,22925,19,,,1,49,,22933,19,,,1,9,,22943,19,,,1,9,,22950,19,,,1,8,,22958,19,,,1,9,,22966,19,,,1,9,,22974,19,,,1,49,,22982,19,,,1,8,,22987,19,,,1,9,,23000,19,,,1,8,,23003,19,,,1,9,,23010,19,,,1,9,,23019,19,,,1,8,,23032,19,,,1,49,,23040,19,,,1,8,,23048,19,,,1,9,,23053,19,,,1,9,,22926,19,,,1,8,,22934,19,,,1,9,,22944,19,,,1,8,,22951,19,,,1,49,,22959,19,,,1,9,,22967,19,,,1,8,,22975,19,,,1,8,,22983,19,,,1,8,,22988,19,,,1,8,,23001,19,,,1,8,,23004,19,,,1,8,,23011,19,,,1,48,,23020,19,,,1,7,,23026,19,,,1,7,,23033,19,,,1,7,,23041,19,,,1,6,,23049,19,,,1,7,,23054,19,,,1,7,,23059,19,,,1,7,,22927,19,,,1,47,,22935,19,,,1,7,,22938,19,,,1,6,,22945,19,,,1,7,,22952,19,,,1,7,,22960,19,,,1,7,,22968,19,,,1,7,,22976,19,,,1,7,,22984,19,,,1,6,,22989,19,,,1,47,,22994,19,,,1,7,,23005,19,,,1,7,,23012,19,,,1,7,,23021,19,,,1,7,,23027,19,,,1,7,,23034,19,,,1,6,,23042,19,,,1,7,,23050,19,,,1,7,,23055,19,,,1,47,,23060,19,,,1,7,,22928,19,,,1,7,,22936,19,,,1,6,,22939,19,,,1,8,,22946,19,,,1,7,,22953,19,,,1,7,,22961,19,,,1,8,,22969,19,,,1,47,,22977,19,,,1,7,,22985,19,,,1,8,,22990,19,,,1,7,,22995,19,,,1,7,,23006,19,,,1,8,,23013,19,,,1,7,,23022,19,,,1,7,,23028,19,,,1,8,,23035,19,,,1,47,,23043,19,,,1,8,,23056,19,,,1,7,,23061,19,,,1,8,,22929,19,,,1,8,,22937,19,,,1,8,,22940,19,,,1,8,,22947,19,,,1,47,,22954,19,,,1,8,,22962,19,,,1,8,,22970,19,,,1,8,,22978,19,,,1,7,,22991,19,,,1,8,,22996,19,,,1,8,,23007,19,,,1,8,,23014,19,,,1,48,,23023,19,,,1,7,,23029,19,,,1,9,,23036,19,,,1,8,,23044,19,,,1,9,,23057,19,,,1,8,,23062,19,,,1,9,,22930,19,,,1,48,,22941,19,,,1,9,,22948,19,,,1,8,,22955,19,,,1,9,,22963,19,,,1,8,,22971,19,,,1,9,,22979,19,,,1,9,,22992,19,,,1,49,,22997,19,,,1,9,,23008,19,,,1,10,,23015,19,,,1,10,,23024,19,,,1,10,,23037,19,,,1,10,,23045,19,,,1,50,,23058,19,,,1,10,,23063,19,,,1,10,,22931,19,,,1,9,,22942,19,,,1,10,,22956,19,,,1,10,,22964,19,,,1,50,,22972,19,,,1,10,,22980,19,,,1,10,,22993,19,,,1,10,,22998,19,,,1,10,,23009,19,,,1,10,,23016,19,,,1,54,,23025,19,,,1
201,'GLOBAUX-01-I',551,,23157,19,,,1,49,,23170,19,,,1,10,,23178,19,,,1,9,,23186,19,,,1,9,,23191,19,,,1,10,,23064,19,,,1,9,,23072,19,,,1,9,,23089,19,,,1,50,,23097,19,,,1,9,,23105,19,,,1,10,,23113,19,,,1,9,,23121,19,,,1,9,,23126,19,,,1,10,,23139,19,,,1,49,,23142,19,,,1,9,,23158,19,,,1,10,,23171,19,,,1,9,,23179,19,,,1,10,,23187,19,,,1,9,,23192,19,,,1,9,,23065,19,,,1,49,,23073,19,,,1,9,,23083,19,,,1,9,,23090,19,,,1,8,,23098,19,,,1,9,,23106,19,,,1,9,,23114,19,,,1,49,,23122,19,,,1,8,,23127,19,,,1,9,,23140,19,,,1,8,,23143,19,,,1,9,,23150,19,,,1,9,,23159,19,,,1,8,,23172,19,,,1,49,,23180,19,,,1,8,,23188,19,,,1,9,,23193,19,,,1,9,,23066,19,,,1,8,,23074,19,,,1,9,,23084,19,,,1,8,,23091,19,,,1,49,,23099,19,,,1,9,,23107,19,,,1,8,,23115,19,,,1,8,,23123,19,,,1,8,,23128,19,,,1,8,,23141,19,,,1,8,,23144,19,,,1,8,,23151,19,,,1,48,,23160,19,,,1,7,,23166,19,,,1,7,,23173,19,,,1,7,,23181,19,,,1,6,,23189,19,,,1,7,,23194,19,,,1,7,,23199,19,,,1,7,,23067,19,,,1,47,,23075,19,,,1,7,,23078,19,,,1,6,,23085,19,,,1,7,,23092,19,,,1,7,,23100,19,,,1,7,,23108,19,,,1,7,,23116,19,,,1,7,,23124,19,,,1,6,,23129,19,,,1,47,,23134,19,,,1,7,,23145,19,,,1,7,,23152,19,,,1,7,,23161,19,,,1,7,,23167,19,,,1,7,,23174,19,,,1,6,,23182,19,,,1,7,,23190,19,,,1,7,,23195,19,,,1,47,,23200,19,,,1,7,,23068,19,,,1,7,,23076,19,,,1,6,,23079,19,,,1,8,,23086,19,,,1,7,,23093,19,,,1,7,,23101,19,,,1,8,,23109,19,,,1,47,,23117,19,,,1,7,,23125,19,,,1,8,,23130,19,,,1,7,,23135,19,,,1,7,,23146,19,,,1,8,,23153,19,,,1,7,,23162,19,,,1,7,,23168,19,,,1,8,,23175,19,,,1,47,,23183,19,,,1,8,,23196,19,,,1,7,,23201,19,,,1,8,,23069,19,,,1,8,,23077,19,,,1,8,,23080,19,,,1,8,,23087,19,,,1,47,,23094,19,,,1,8,,23102,19,,,1,8,,23110,19,,,1,8,,23118,19,,,1,7,,23131,19,,,1,8,,23136,19,,,1,8,,23147,19,,,1,8,,23154,19,,,1,48,,23163,19,,,1,7,,23169,19,,,1,9,,23176,19,,,1,8,,23184,19,,,1,9,,23197,19,,,1,8,,23202,19,,,1,9,,23070,19,,,1,48,,23081,19,,,1,9,,23088,19,,,1,8,,23095,19,,,1,9,,23103,19,,,1,8,,23111,19,,,1,9,,23119,19,,,1,9,,23132,19,,,1,49,,23137,19,,,1,9,,23148,19,,,1,10,,23155,19,,,1,10,,23164,19,,,1,10,,23177,19,,,1,10,,23185,19,,,1,50,,23198,19,,,1,10,,23203,19,,,1,10,,23071,19,,,1,9,,23082,19,,,1,10,,23096,19,,,1,10,,23104,19,,,1,50,,23112,19,,,1,10,,23120,19,,,1,10,,23133,19,,,1,10,,23138,19,,,1,10,,23149,19,,,1,10,,23156,19,,,1,54,,23165,19,,,1
201,'GLOBAUX-01-S',551,,23391,19,,,1,6,,23405,19,,,1,46,,23411,19,,,1,6,,23418,19,,,1,6,,23424,19,,,1,6,,23204,19,,,1,6,,23206,19,,,1,6,,23224,19,,,1,6,,23226,19,,,1,5,,23238,19,,,1,5,,23243,19,,,1,5,,23251,19,,,1,5,,23276,19,,,1,44,,23277,19,,,1,4,,23279,19,,,1,4,,23288,19,,,1,4,,23297,19,,,1,4,,23305,19,,,1,3,,23308,19,,,1,4,,23313,19,,,1,4,,23322,19,,,1,3,,23327,19,,,1,3,,23331,19,,,1,3,,23339,19,,,1,3,,23344,19,,,1,3,,23346,19,,,1,3,,23351,19,,,1,3,,23366,19,,,1,3,,23375,16,,,1,3,,23383,19,,,1,43,,23384,19,,,1,3,,23385,16,,,1,3,,23390,19,,,1,3,,23392,19,,,1,3,,23394,19,,,1,3,,23401,16,,,1,3,,23406,19,,,1,3,,23412,19,,,1,3,,23417,19,,,1,3,,23419,19,,,1,3,,23425,19,,,1,3,,23434,19,,,1,2,,23442,16,,,1,3,,23205,19,,,1,3,,23207,19,,,1,3,,23216,19,,,1,3,,23225,19,,,1,3,,23227,19,,,1,2,,23234,16,,,1,3,,23235,19,,,1,3,,23239,19,,,1,43,,23244,19,,,1,3,,23252,19,,,1,3,,23259,19,,,1,3,,23260,19,,,1,3,,23271,19,,,1,3,,23278,19,,,1,3,,23280,19,,,1,3,,23289,19,,,1,4,,23298,19,,,1,3,,23306,19,,,1,4,,23309,19,,,1,3,,23314,19,,,1,4,,23318,19,,,1,4,,23323,19,,,1,4,,23328,19,,,1,3,,23332,19,,,1,4,,23340,19,,,1,45,,23345,19,,,1,5,,23352,19,,,1,5,,23367,19,,,1,5,,23376,19,,,1,5,,23386,19,,,1,5,,23395,19,,,1,6,,23407,19,,,1,6,,23413,19,,,1,6,,23426,19,,,1,6,,23435,19,,,1,6,,23208,19,,,1,46,,23217,19,,,1,6,,23228,19,,,1,6,,23240,19,,,1,6,,23253,19,,,1,6,,23261,19,,,1,6,,23272,19,,,1,6,,23281,19,,,1,6,,23290,19,,,1,6,,23299,19,,,1,6,,23310,19,,,1,46,,23319,19,,,1,6,,23324,19,,,1,6,,23333,19,,,1,6,,23341,19,,,1,6,,23353,19,,,1,6,,23368,19,,,1,6,,23377,19,,,1,6,,23387,19,,,1,6,,23396,19,,,1,6,,23408,19,,,1,46,,23414,19,,,1,6,,23427,19,,,1,6,,23436,19,,,1,6,,23209,19,,,1,6,,23218,19,,,1,6,,23229,19,,,1,6,,23241,19,,,1,6,,23254,19,,,1,6,,23262,19,,,1,6,,23273,19,,,1,46,,23282,19,,,1,6,,23291,19,,,1,6,,23300,19,,,1,6,,23311,19,,,1,6,,23320,19,,,1,6,,23325,19,,,1,6,,23334,19,,,1,6,,23342,19,,,1,6,,23354,19,,,1,6,,23369,19,,,1,46,,23378,19,,,1,6,,23388,19,,,1,6,,23397,19,,,1,6,,23409,19,,,1,5,,23415,19,,,1,5,,23428,19,,,1,5,,23437,19,,,1,5,,23210,19,,,1,5,,23212,19,,,1,5,,23219,19,,,1,4,,23230,19,,,1,4,,23236,19,,,1,43,,23242,19,,,1,4,,23248,19,,,1,3,,23255,19,,,1,3,,23263,19,,,1,3,,23267,19,,,1,4,,23274,19,,,1,3,,23283,19,,,1,3,,23284,19,,,1,3,,23292,19,,,1,4,,23296,19,,,1,3,,23301,19,,,1,3,,23307,19,,,1,3,,23312,19,,,1,4,,23315,19,,,1,3,,23321,19,,,1,3,,23326,19,,,1,3,,23329,19,,,1,4,,23335,19,,,1,3,,23343,19,,,1,43,,23347,19,,,1,3,,23355,19,,,1,3,,23358,19,,,1,3,,23362,19,,,1,4,,23370,19,,,1,3,,23374,19,,,1,3,,23379,19,,,1,3,,23389,19,,,1,3,,23393,19,,,1,3,,23398,19,,,1,4,,23402,19,,,1,3,,23410,19,,,1,3,,23416,19,,,1,3,,23420,19,,,1,4,,23429,19,,,1,3,,23430,19,,,1,3,,23438,19,,,1,4,,23211,19,,,1,44,,23213,19,,,1,4,,23220,19,,,1,3,,23231,19,,,1,4,,23237,19,,,1,4,,23245,19,,,1,4,,23249,19,,,1,4,,23256,19,,,1,5,,23264,19,,,1,4,,23268,19,,,1,5,,23275,19,,,1,5,,23285,19,,,1,5,,23293,19,,,1,4,,23302,19,,,1,5,,23316,19,,,1,45,,23330,19,,,1,5,,23336,19,,,1,5,,23348,19,,,1,5,,23356,19,,,1,5,,23359,19,,,1,5,,23363,19,,,1,6,,23371,19,,,1,6,,23380,19,,,1,6,,23399,19,,,1,6,,23403,19,,,1,6,,23421,19,,,1,46,,23431,19,,,1,6,,23439,19,,,1,6,,23214,19,,,1,6,,23221,19,,,1,6,,23232,19,,,1,6,,23246,19,,,1,6,,23250,19,,,1,6,,23257,19,,,1,6,,23265,19,,,1,6,,23269,19,,,1,46,,23286,19,,,1,6,,23294,19,,,1,6,,23303,19,,,1,6,,23317,19,,,1,6,,23337,19,,,1,6,,23349,19,,,1,6,,23357,19,,,1,6,,23360,19,,,1,6,,23364,19,,,1,6,,23372,19,,,1,46,,23381,19,,,1,6,,23400,19,,,1,6,,23404,19,,,1,6,,23422,19,,,1,6,,23432,19,,,1,6,,23440,19,,,1,6,,23215,19,,,1,6,,23222,19,,,1,6,,23233,19,,,1,7,,23247,19,,,1,47,,23258,19,,,1,7,,23266,19,,,1,7,,23270,19,,,1,7,,23287,19,,,1,7,,23295,19,,,1,7,,23304,19,,,1,7,,23338,19,,,1,8,,23350,19,,,1,48,,23361,19,,,1,8,,23365,19,,,1,8,,23373,19,,,1,8,,23382,19,,,1,8,,23423,19,,,1,8,,23433,19,,,1,8,,23441,19,,,1,52,,23223,19,,,1
