500,'GLOBAUX-01-A',542,,24707,10,,,1,10,,24725,10,,,1,50,,24743,10,,,1,10,,24760,10,,,1,10,,24777,10,,,1,10,,24805,10,,,1,10,,24822,10,,,1,10,,24708,10,,,1,50,,24726,10,,,1,10,,24744,10,,,1,10,,24761,10,,,1,10,,24778,10,,,1,10,,24806,10,,,1,10,,24823,10,,,1,50,,24709,10,,,1,10,,24727,10,,,1,10,,24745,10,,,1,10,,24762,10,,,1,10,,24779,10,,,1,10,,24807,10,,,1,50,,24824,10,,,1,10,,24710,10,,,1,10,,24728,10,,,1,10,,24746,10,,,1,10,,24763,10,,,1,9,,24780,10,,,1,8,,24794,10,,,1,49,,24808,10,,,1,8,,24825,10,,,1,9,,24711,10,,,1,8,,24729,10,,,1,9,,24747,10,,,1,8,,24764,10,,,1,9,,24781,10,,,1,48,,24795,10,,,1,9,,24809,10,,,1,8,,24826,10,,,1,9,,24712,10,,,1,8,,24730,10,,,1,9,,24748,10,,,1,8,,24765,10,,,1,49,,24782,10,,,1,8,,24796,10,,,1,9,,24810,10,,,1,8,,24827,10,,,1,9,,24713,10,,,1,8,,24731,10,,,1,9,,24749,10,,,1,48,,24766,10,,,1,9,,24783,10,,,1,8,,24797,10,,,1,9,,24811,10,,,1,8,,24828,10,,,1,9,,24714,10,,,1,8,,24732,10,,,1,49,,24750,10,,,1,8,,24767,10,,,1,9,,24784,10,,,1,8,,24798,10,,,1,9,,24812,10,,,1,8,,24829,10,,,1,9,,24715,10,,,1,48,,24733,10,,,1,9,,24751,10,,,1,8,,24768,10,,,1,9,,24785,10,,,1,8,,24799,10,,,1,9,,24813,10,,,1,8,,24830,10,,,1,49,,24716,10,,,1,9,,24734,10,,,1,8,,24752,10,,,1,9,,24769,10,,,1,8,,24786,10,,,1,9,,24800,10,,,1,8,,24814,10,,,1,49,,24831,10,,,1,8,,24717,10,,,1,9,,24735,10,,,1,8,,24753,10,,,1,9,,24770,10,,,1,8,,24787,10,,,1,9,,24801,10,,,1,48,,24815,10,,,1,9,,24832,10,,,1,8,,24718,10,,,1,8,,24736,10,,,1,9,,24754,10,,,1,8,,24771,10,,,1,9,,24788,10,,,1,48,,24802,10,,,1,9,,24816,10,,,1,8,,24833,10,,,1,9,,24719,10,,,1,8,,24737,10,,,1,9,,24755,10,,,1,8,,24772,10,,,1,49,,24789,10,,,1,8,,24803,10,,,1,9,,24817,10,,,1,8,,24834,10,,,1,9,,24720,10,,,1,8,,24738,10,,,1,9,,24756,10,,,1,48,,24773,10,,,1,9,,24790,10,,,1,8,,24804,10,,,1,9,,24818,10,,,1,9,,24835,10,,,1,10,,24721,10,,,1,10,,24739,10,,,1,50,,24757,10,,,1,10,,24774,10,,,1,10,,24791,10,,,1,10,,24819,10,,,1,10,,24836,10,,,1,10,,24722,10,,,1,50,,24740,10,,,1,10,,24758,10,,,1,10,,24775,10,,,1,10,,24792,10,,,1,10,,24820,10,,,1,10,,24837,10,,,1,50,,24723,10,,,1,10,,24741,10,,,1,10,,24759,10,,,1,10,,24776,10,,,1,10,,24793,10,,,1,10,,24821,10,,,1,50,,24838,10,,,1,10,,24724,10,,,1,10,,24742,10,,,1
500,'GLOBAUX-01-F1',542,,24839,10,,,1,10,,24856,10,,,1,50,,24873,10,,,1,10,,24890,10,,,1,10,,24907,10,,,1,10,,24938,10,,,1,10,,24951,10,,,1,10,,24840,10,,,1,50,,24857,10,,,1,10,,24874,10,,,1,10,,24891,10,,,1,10,,24908,10,,,1,10,,24939,10,,,1,10,,24952,10,,,1,50,,24841,10,,,1,10,,24858,10,,,1,10,,24875,10,,,1,10,,24892,10,,,1,10,,24909,10,,,1,10,,24940,10,,,1,50,,24953,10,,,1,10,,24842,10,,,1,10,,24859,10,,,1,10,,24876,10,,,1,10,,24893,10,,,1,9,,24910,10,,,1,8,,24924,10,,,1,49,,24941,10,,,1,8,,24954,10,,,1,9,,24843,10,,,1,8,,24860,10,,,1,9,,24877,10,,,1,8,,24894,10,,,1,9,,24911,10,,,1,48,,24925,10,,,1,9,,24942,10,,,1,8,,24955,10,,,1,9,,24844,10,,,1,8,,24861,10,,,1,9,,24878,10,,,1,8,,24895,10,,,1,49,,24912,10,,,1,8,,24926,10,,,1,9,,24943,10,,,1,8,,24956,10,,,1,9,,24845,10,,,1,8,,24862,10,,,1,9,,24879,10,,,1,48,,24896,10,,,1,9,,24913,10,,,1,8,,24927,10,,,1,9,,24944,10,,,1,8,,24957,10,,,1,9,,24846,10,,,1,8,,24863,10,,,1,49,,24880,10,,,1,8,,24897,10,,,1,9,,24914,10,,,1,8,,24928,10,,,1,9,,24945,10,,,1,8,,24958,10,,,1,9,,24847,10,,,1,48,,24864,10,,,1,9,,24881,10,,,1,8,,24898,10,,,1,9,,24915,10,,,1,8,,24929,10,,,1,9,,24946,10,,,1,8,,24959,10,,,1,49,,24848,10,,,1,8,,24865,10,,,1,9,,24882,10,,,1,8,,24899,10,,,1,9,,24916,10,,,1,8,,24930,10,,,1,9,,24947,10,,,1,48,,24960,10,,,1,9,,24849,10,,,1,8,,24866,10,,,1,9,,24883,10,,,1,8,,24900,10,,,1,9,,24917,10,,,1,8,,24931,10,,,1,49,,24948,10,,,1,8,,24961,10,,,1,9,,24850,10,,,1,8,,24867,10,,,1,9,,24884,10,,,1,8,,24901,10,,,1,9,,24918,10,,,1,48,,24932,10,,,1,9,,24949,10,,,1,8,,24962,10,,,1,9,,24851,10,,,1,8,,24868,10,,,1,9,,24885,10,,,1,8,,24902,10,,,1,49,,24919,10,,,1,8,,24933,10,,,1,9,,24950,10,,,1,8,,24963,10,,,1,9,,24852,10,,,1,10,,24869,10,,,1,10,,24886,10,,,1,50,,24903,10,,,1,10,,24920,10,,,1,10,,24934,10,,,1,10,,24964,10,,,1,10,,24853,10,,,1,10,,24870,10,,,1,50,,24887,10,,,1,10,,24904,10,,,1,10,,24921,10,,,1,10,,24935,10,,,1,10,,24965,10,,,1,10,,24854,10,,,1,50,,24871,10,,,1,10,,24888,10,,,1,10,,24905,10,,,1,10,,24922,10,,,1,10,,24936,10,,,1,10,,24966,10,,,1,50,,24855,10,,,1,10,,24872,10,,,1,10,,24889,10,,,1,10,,24906,10,,,1,10,,24923,10,,,1,10,,24937,10,,,1
500,'GLOBAUX-01-F2',542,,24967,10,,,1,10,,24984,10,,,1,50,,25001,10,,,1,10,,25018,10,,,1,10,,25035,10,,,1,10,,25066,10,,,1,10,,25079,10,,,1,10,,24968,10,,,1,50,,24985,10,,,1,10,,25002,10,,,1,10,,25019,10,,,1,10,,25036,10,,,1,10,,25067,10,,,1,10,,25080,10,,,1,50,,24969,10,,,1,10,,24986,10,,,1,10,,25003,10,,,1,10,,25020,10,,,1,10,,25037,10,,,1,10,,25068,10,,,1,50,,25081,10,,,1,10,,24970,10,,,1,10,,24987,10,,,1,10,,25004,10,,,1,10,,25021,10,,,1,9,,25038,10,,,1,8,,25052,10,,,1,49,,25069,10,,,1,8,,25082,10,,,1,9,,24971,10,,,1,8,,24988,10,,,1,9,,25005,10,,,1,8,,25022,10,,,1,9,,25039,10,,,1,48,,25053,10,,,1,9,,25070,10,,,1,8,,25083,10,,,1,9,,24972,10,,,1,8,,24989,10,,,1,9,,25006,10,,,1,8,,25023,10,,,1,49,,25040,10,,,1,8,,25054,10,,,1,9,,25071,10,,,1,8,,25084,10,,,1,9,,24973,10,,,1,8,,24990,10,,,1,9,,25007,10,,,1,48,,25024,10,,,1,9,,25041,10,,,1,8,,25055,10,,,1,9,,25072,10,,,1,8,,25085,10,,,1,9,,24974,10,,,1,8,,24991,10,,,1,49,,25008,10,,,1,8,,25025,10,,,1,9,,25042,10,,,1,8,,25056,10,,,1,9,,25073,10,,,1,8,,25086,10,,,1,9,,24975,10,,,1,48,,24992,10,,,1,9,,25009,10,,,1,8,,25026,10,,,1,9,,25043,10,,,1,8,,25057,10,,,1,9,,25074,10,,,1,8,,25087,10,,,1,49,,24976,10,,,1,8,,24993,10,,,1,9,,25010,10,,,1,8,,25027,10,,,1,9,,25044,10,,,1,8,,25058,10,,,1,9,,25075,10,,,1,48,,25088,10,,,1,9,,24977,10,,,1,8,,24994,10,,,1,9,,25011,10,,,1,8,,25028,10,,,1,9,,25045,10,,,1,8,,25059,10,,,1,49,,25076,10,,,1,8,,25089,10,,,1,9,,24978,10,,,1,8,,24995,10,,,1,9,,25012,10,,,1,8,,25029,10,,,1,9,,25046,10,,,1,48,,25060,10,,,1,9,,25077,10,,,1,8,,25090,10,,,1,9,,24979,10,,,1,8,,24996,10,,,1,9,,25013,10,,,1,8,,25030,10,,,1,49,,25047,10,,,1,8,,25061,10,,,1,9,,25078,10,,,1,8,,25091,10,,,1,9,,24980,10,,,1,10,,24997,10,,,1,10,,25014,10,,,1,50,,25031,10,,,1,10,,25048,10,,,1,10,,25062,10,,,1,10,,25092,10,,,1,10,,24981,10,,,1,10,,24998,10,,,1,50,,25015,10,,,1,10,,25032,10,,,1,10,,25049,10,,,1,10,,25063,10,,,1,10,,25093,10,,,1,10,,24982,10,,,1,50,,24999,10,,,1,10,,25016,10,,,1,10,,25033,10,,,1,10,,25050,10,,,1,10,,25064,10,,,1,10,,25094,10,,,1,50,,24983,10,,,1,10,,25000,10,,,1,10,,25017,10,,,1,10,,25034,10,,,1,10,,25051,10,,,1,10,,25065,10,,,1
500,'GLOBAUX-01-I',542,,25095,10,,,1,10,,25112,10,,,1,50,,25129,10,,,1,10,,25146,10,,,1,10,,25163,10,,,1,10,,25194,10,,,1,10,,25207,10,,,1,10,,25096,10,,,1,50,,25113,10,,,1,10,,25130,10,,,1,10,,25147,10,,,1,10,,25164,10,,,1,10,,25195,10,,,1,10,,25208,10,,,1,50,,25097,10,,,1,10,,25114,10,,,1,10,,25131,10,,,1,10,,25148,10,,,1,10,,25165,10,,,1,10,,25196,10,,,1,50,,25209,10,,,1,10,,25098,10,,,1,10,,25115,10,,,1,10,,25132,10,,,1,10,,25149,10,,,1,9,,25166,10,,,1,8,,25180,10,,,1,49,,25197,10,,,1,8,,25210,10,,,1,9,,25099,10,,,1,8,,25116,10,,,1,9,,25133,10,,,1,8,,25150,10,,,1,9,,25167,10,,,1,48,,25181,10,,,1,9,,25198,10,,,1,8,,25211,10,,,1,9,,25100,10,,,1,8,,25117,10,,,1,9,,25134,10,,,1,8,,25151,10,,,1,49,,25168,10,,,1,8,,25182,10,,,1,9,,25199,10,,,1,8,,25212,10,,,1,9,,25101,10,,,1,8,,25118,10,,,1,9,,25135,10,,,1,48,,25152,10,,,1,9,,25169,10,,,1,8,,25183,10,,,1,9,,25200,10,,,1,8,,25213,10,,,1,9,,25102,10,,,1,8,,25119,10,,,1,49,,25136,10,,,1,8,,25153,10,,,1,9,,25170,10,,,1,8,,25184,10,,,1,9,,25201,10,,,1,8,,25214,10,,,1,9,,25103,10,,,1,48,,25120,10,,,1,9,,25137,10,,,1,8,,25154,10,,,1,9,,25171,10,,,1,8,,25185,10,,,1,9,,25202,10,,,1,8,,25215,10,,,1,49,,25104,10,,,1,8,,25121,10,,,1,9,,25138,10,,,1,8,,25155,10,,,1,9,,25172,10,,,1,8,,25186,10,,,1,9,,25203,10,,,1,48,,25216,10,,,1,9,,25105,10,,,1,8,,25122,10,,,1,9,,25139,10,,,1,8,,25156,10,,,1,9,,25173,10,,,1,8,,25187,10,,,1,49,,25204,10,,,1,8,,25217,10,,,1,9,,25106,10,,,1,8,,25123,10,,,1,9,,25140,10,,,1,8,,25157,10,,,1,9,,25174,10,,,1,48,,25188,10,,,1,9,,25205,10,,,1,8,,25218,10,,,1,9,,25107,10,,,1,8,,25124,10,,,1,9,,25141,10,,,1,8,,25158,10,,,1,49,,25175,10,,,1,8,,25189,10,,,1,9,,25206,10,,,1,8,,25219,10,,,1,9,,25108,10,,,1,10,,25125,10,,,1,10,,25142,10,,,1,50,,25159,10,,,1,10,,25176,10,,,1,10,,25190,10,,,1,10,,25220,10,,,1,10,,25109,10,,,1,10,,25126,10,,,1,50,,25143,10,,,1,10,,25160,10,,,1,10,,25177,10,,,1,10,,25191,10,,,1,10,,25221,10,,,1,10,,25110,10,,,1,50,,25127,10,,,1,10,,25144,10,,,1,10,,25161,10,,,1,10,,25178,10,,,1,10,,25192,10,,,1,10,,25222,10,,,1,50,,25111,10,,,1,10,,25128,10,,,1,10,,25145,10,,,1,10,,25162,10,,,1,10,,25179,10,,,1,10,,25193,10,,,1
500,'GLOBAUX-01-S',542,,25223,10,,,1,8,,25235,10,,,1,8,,25239,10,,,1,48,,25263,10,,,1,8,,25301,10,,,1,6,,25328,10,,,1,6,,25345,10,,,1,5,,25348,10,,,1,5,,25375,10,,,1,5,,25386,10,,,1,4,,25389,10,,,1,5,,25401,10,,,1,4,,25224,10,,,1,5,,25236,10,,,1,44,,25240,10,,,1,5,,25264,10,,,1,4,,25281,10,,,1,5,,25284,10,,,1,4,,25302,10,,,1,5,,25309,10,,,1,4,,25329,10,,,1,5,,25346,10,,,1,4,,25349,10,,,1,5,,25376,10,,,1,5,,25387,10,,,1,4,,25390,10,,,1,5,,25402,10,,,1,44,,25225,10,,,1,5,,25237,10,,,1,4,,25241,10,,,1,4,,25265,10,,,1,3,,25282,10,,,1,4,,25285,10,,,1,3,,25303,10,,,1,4,,25304,10,,,1,3,,25310,10,,,1,4,,25330,10,,,1,3,,25347,10,,,1,4,,25350,10,,,1,4,,25360,10,,,1,4,,25377,10,,,1,5,,25388,10,,,1,44,,25391,10,,,1,5,,25403,10,,,1,4,,25226,10,,,1,5,,25238,10,,,1,4,,25242,10,,,1,5,,25266,10,,,1,4,,25283,10,,,1,5,,25286,10,,,1,4,,25305,10,,,1,5,,25311,10,,,1,7,,25331,10,,,1,7,,25361,10,,,1,47,,25378,10,,,1,7,,25404,10,,,1,8,,25227,10,,,1,7,,25243,10,,,1,7,,25267,10,,,1,7,,25287,10,,,1,8,,25312,10,,,1,7,,25332,10,,,1,47,,25362,10,,,1,7,,25379,10,,,1,8,,25405,10,,,1,7,,25228,10,,,1,7,,25244,10,,,1,7,,25268,10,,,1,8,,25288,10,,,1,7,,25313,10,,,1,7,,25333,10,,,1,48,,25363,10,,,1,7,,25380,10,,,1,7,,25406,10,,,1,7,,25229,10,,,1,8,,25245,10,,,1,7,,25269,10,,,1,7,,25289,10,,,1,7,,25314,10,,,1,47,,25334,10,,,1,8,,25364,10,,,1,7,,25381,10,,,1,7,,25407,10,,,1,7,,25230,10,,,1,8,,25246,10,,,1,7,,25270,10,,,1,7,,25290,10,,,1,47,,25315,10,,,1,8,,25335,10,,,1,7,,25365,10,,,1,7,,25382,10,,,1,8,,25408,10,,,1,7,,25231,10,,,1,7,,25247,10,,,1,7,,25271,10,,,1,48,,25291,10,,,1,7,,25316,10,,,1,6,,25336,10,,,1,5,,25351,10,,,1,6,,25366,10,,,1,5,,25383,10,,,1,5,,25392,10,,,1,5,,25409,10,,,1,5,,25232,10,,,1,5,,25248,10,,,1,5,,25257,10,,,1,5,,25272,10,,,1,45,,25292,10,,,1,4,,25306,10,,,1,5,,25317,10,,,1,5,,25325,10,,,1,5,,25337,10,,,1,5,,25352,10,,,1,5,,25367,10,,,1,4,,25384,10,,,1,5,,25393,10,,,1,5,,25410,10,,,1,5,,25233,10,,,1,5,,25249,10,,,1,45,,25258,10,,,1,4,,25273,10,,,1,5,,25293,10,,,1,5,,25307,10,,,1,5,,25318,10,,,1,5,,25326,10,,,1,4,,25338,10,,,1,5,,25353,10,,,1,5,,25368,10,,,1,5,,25385,10,,,1,5,,25394,10,,,1,5,,25411,10,,,1,4,,25234,10,,,1,45,,25250,10,,,1,5,,25259,10,,,1,6,,25274,10,,,1,5,,25294,10,,,1,5,,25308,10,,,1,6,,25319,10,,,1,6,,25327,10,,,1,6,,25339,10,,,1,7,,25354,10,,,1,6,,25369,10,,,1,47,,25395,10,,,1,6,,25412,10,,,1,7,,25251,10,,,1,6,,25260,10,,,1,7,,25275,10,,,1,6,,25295,10,,,1,7,,25320,10,,,1,6,,25340,10,,,1,7,,25355,10,,,1,46,,25370,10,,,1,7,,25396,10,,,1,6,,25413,10,,,1,7,,25252,10,,,1,6,,25261,10,,,1,7,,25276,10,,,1,6,,25296,10,,,1,7,,25321,10,,,1,6,,25341,10,,,1,47,,25356,10,,,1,6,,25371,10,,,1,7,,25397,10,,,1,6,,25414,10,,,1,7,,25253,10,,,1,6,,25262,10,,,1,7,,25277,10,,,1,6,,25297,10,,,1,7,,25322,10,,,1,6,,25342,10,,,1,47,,25357,10,,,1,6,,25372,10,,,1,7,,25398,10,,,1,6,,25415,10,,,1,7,,25254,10,,,1,7,,25278,10,,,1,8,,25298,10,,,1,8,,25323,10,,,1,48,,25343,10,,,1,8,,25358,10,,,1,8,,25373,10,,,1,8,,25399,10,,,1,8,,25255,10,,,1,8,,25279,10,,,1,8,,25299,10,,,1,8,,25324,10,,,1,48,,25344,10,,,1,8,,25359,10,,,1,8,,25374,10,,,1,8,,25400,10,,,1,8,,25256,10,,,1,9,,25280,10,,,1,10,,25300,10,,,1
501,'GLOBAUX-01-A',532,,25484,3,,,1,10,,25513,3,,,1,10,,25531,3,,,1,50,,25416,3,,,1,10,,25433,3,,,1,10,,25450,3,,,1,10,,25467,3,,,1,10,,25485,3,,,1,10,,25514,3,,,1,50,,25532,3,,,1,10,,25417,3,,,1,10,,25434,3,,,1,10,,25451,3,,,1,10,,25468,3,,,1,10,,25486,3,,,1,50,,25515,3,,,1,10,,25533,3,,,1,10,,25418,3,,,1,10,,25435,3,,,1,10,,25452,3,,,1,10,,25469,3,,,1,49,,25487,3,,,1,8,,25502,3,,,1,9,,25516,3,,,1,8,,25534,3,,,1,9,,25419,3,,,1,8,,25436,3,,,1,9,,25453,3,,,1,48,,25470,3,,,1,9,,25488,3,,,1,8,,25503,3,,,1,9,,25517,3,,,1,8,,25535,3,,,1,9,,25420,3,,,1,8,,25437,3,,,1,49,,25454,3,,,1,8,,25471,3,,,1,9,,25489,3,,,1,8,,25504,3,,,1,9,,25518,3,,,1,8,,25536,3,,,1,9,,25421,3,,,1,8,,25438,3,,,1,49,,25455,3,,,1,9,,25472,3,,,1,8,,25490,3,,,1,9,,25505,3,,,1,8,,25519,3,,,1,9,,25537,3,,,1,8,,25422,3,,,1,49,,25439,3,,,1,8,,25456,3,,,1,8,,25473,3,,,1,9,,25491,3,,,1,8,,25506,3,,,1,9,,25520,3,,,1,8,,25538,3,,,1,49,,25423,3,,,1,8,,25440,3,,,1,9,,25457,3,,,1,8,,25474,3,,,1,9,,25492,3,,,1,8,,25507,3,,,1,9,,25521,3,,,1,48,,25539,3,,,1,9,,25424,3,,,1,9,,25441,3,,,1,8,,25458,3,,,1,9,,25475,3,,,1,8,,25493,3,,,1,9,,25508,3,,,1,48,,25522,3,,,1,9,,25540,3,,,1,8,,25425,3,,,1,9,,25442,3,,,1,8,,25459,3,,,1,9,,25476,3,,,1,8,,25494,3,,,1,49,,25509,3,,,1,8,,25523,3,,,1,9,,25541,3,,,1,8,,25426,3,,,1,9,,25443,3,,,1,8,,25460,3,,,1,9,,25477,3,,,1,48,,25495,3,,,1,9,,25510,3,,,1,8,,25524,3,,,1,9,,25542,3,,,1,8,,25427,3,,,1,8,,25444,3,,,1,9,,25461,3,,,1,48,,25478,3,,,1,9,,25496,3,,,1,8,,25511,3,,,1,9,,25525,3,,,1,8,,25543,3,,,1,9,,25428,3,,,1,8,,25445,3,,,1,49,,25462,3,,,1,8,,25479,3,,,1,9,,25497,3,,,1,8,,25512,3,,,1,9,,25526,3,,,1,9,,25544,3,,,1,10,,25429,3,,,1,50,,25446,3,,,1,10,,25463,3,,,1,10,,25480,3,,,1,10,,25498,3,,,1,10,,25527,3,,,1,10,,25545,3,,,1,50,,25430,3,,,1,10,,25447,3,,,1,10,,25464,3,,,1,10,,25481,3,,,1,10,,25499,3,,,1,10,,25528,3,,,1,50,,25546,3,,,1,10,,25431,3,,,1,10,,25448,3,,,1,10,,25465,3,,,1,10,,25482,3,,,1,10,,25500,3,,,1,50,,25529,3,,,1,10,,25547,3,,,1,10,,25432,3,,,1,10,,25449,3,,,1,10,,25466,3,,,1,10,,25483,3,,,1,50,,25501,3,,,1,10,,25530,3,,,1
501,'GLOBAUX-01-F1',532,,25615,3,,,1,10,,25646,3,,,1,10,,25659,3,,,1,50,,25548,3,,,1,10,,25565,3,,,1,10,,25582,3,,,1,10,,25599,3,,,1,10,,25616,3,,,1,10,,25647,3,,,1,50,,25660,3,,,1,10,,25549,3,,,1,10,,25566,3,,,1,10,,25583,3,,,1,10,,25600,3,,,1,10,,25617,3,,,1,50,,25648,3,,,1,10,,25661,3,,,1,10,,25550,3,,,1,10,,25567,3,,,1,10,,25584,3,,,1,10,,25601,3,,,1,49,,25618,3,,,1,8,,25632,3,,,1,9,,25649,3,,,1,8,,25662,3,,,1,9,,25551,3,,,1,8,,25568,3,,,1,9,,25585,3,,,1,48,,25602,3,,,1,9,,25619,3,,,1,8,,25633,3,,,1,9,,25650,3,,,1,8,,25663,3,,,1,9,,25552,3,,,1,8,,25569,3,,,1,49,,25586,3,,,1,8,,25603,3,,,1,9,,25620,3,,,1,8,,25634,3,,,1,9,,25651,3,,,1,8,,25664,3,,,1,9,,25553,3,,,1,8,,25570,3,,,1,49,,25587,3,,,1,8,,25604,3,,,1,9,,25621,3,,,1,8,,25635,3,,,1,9,,25652,3,,,1,8,,25665,3,,,1,9,,25554,3,,,1,48,,25571,3,,,1,9,,25588,3,,,1,8,,25605,3,,,1,9,,25622,3,,,1,8,,25636,3,,,1,9,,25653,3,,,1,8,,25666,3,,,1,49,,25555,3,,,1,8,,25572,3,,,1,9,,25589,3,,,1,8,,25606,3,,,1,9,,25623,3,,,1,8,,25637,3,,,1,9,,25654,3,,,1,48,,25667,3,,,1,9,,25556,3,,,1,8,,25573,3,,,1,9,,25590,3,,,1,8,,25607,3,,,1,9,,25624,3,,,1,8,,25638,3,,,1,49,,25655,3,,,1,8,,25668,3,,,1,9,,25557,3,,,1,8,,25574,3,,,1,9,,25591,3,,,1,8,,25608,3,,,1,9,,25625,3,,,1,48,,25639,3,,,1,9,,25656,3,,,1,8,,25669,3,,,1,9,,25558,3,,,1,8,,25575,3,,,1,9,,25592,3,,,1,8,,25609,3,,,1,49,,25626,3,,,1,8,,25640,3,,,1,9,,25657,3,,,1,8,,25670,3,,,1,9,,25559,3,,,1,8,,25576,3,,,1,9,,25593,3,,,1,48,,25610,3,,,1,9,,25627,3,,,1,8,,25641,3,,,1,9,,25658,3,,,1,8,,25671,3,,,1,9,,25560,3,,,1,10,,25577,3,,,1,50,,25594,3,,,1,10,,25611,3,,,1,10,,25628,3,,,1,10,,25642,3,,,1,10,,25672,3,,,1,10,,25561,3,,,1,50,,25578,3,,,1,10,,25595,3,,,1,10,,25612,3,,,1,10,,25629,3,,,1,10,,25643,3,,,1,10,,25673,3,,,1,50,,25562,3,,,1,10,,25579,3,,,1,10,,25596,3,,,1,10,,25613,3,,,1,10,,25630,3,,,1,10,,25644,3,,,1,50,,25674,3,,,1,10,,25563,3,,,1,10,,25580,3,,,1,10,,25597,3,,,1,10,,25614,3,,,1,10,,25631,3,,,1,50,,25645,3,,,1,10,,25675,3,,,1,10,,25564,3,,,1,10,,25581,3,,,1,10,,25598,3,,,1
501,'GLOBAUX-01-F2',532,,25743,3,,,1,10,,25774,3,,,1,10,,25787,3,,,1,50,,25676,3,,,1,10,,25693,3,,,1,10,,25710,3,,,1,10,,25727,3,,,1,10,,25744,3,,,1,10,,25775,3,,,1,50,,25788,3,,,1,10,,25677,3,,,1,10,,25694,3,,,1,10,,25711,3,,,1,10,,25728,3,,,1,10,,25745,3,,,1,50,,25776,3,,,1,10,,25789,3,,,1,10,,25678,3,,,1,10,,25695,3,,,1,10,,25712,3,,,1,10,,25729,3,,,1,49,,25746,3,,,1,8,,25760,3,,,1,9,,25777,3,,,1,8,,25790,3,,,1,9,,25679,3,,,1,8,,25696,3,,,1,9,,25713,3,,,1,48,,25730,3,,,1,9,,25747,3,,,1,8,,25761,3,,,1,9,,25778,3,,,1,8,,25791,3,,,1,9,,25680,3,,,1,8,,25697,3,,,1,49,,25714,3,,,1,8,,25731,3,,,1,9,,25748,3,,,1,8,,25762,3,,,1,9,,25779,3,,,1,8,,25792,3,,,1,9,,25681,3,,,1,8,,25698,3,,,1,49,,25715,3,,,1,8,,25732,3,,,1,9,,25749,3,,,1,8,,25763,3,,,1,9,,25780,3,,,1,8,,25793,3,,,1,9,,25682,3,,,1,48,,25699,3,,,1,9,,25716,3,,,1,8,,25733,3,,,1,9,,25750,3,,,1,8,,25764,3,,,1,9,,25781,3,,,1,8,,25794,3,,,1,49,,25683,3,,,1,8,,25700,3,,,1,9,,25717,3,,,1,8,,25734,3,,,1,9,,25751,3,,,1,8,,25765,3,,,1,9,,25782,3,,,1,48,,25795,3,,,1,9,,25684,3,,,1,8,,25701,3,,,1,9,,25718,3,,,1,8,,25735,3,,,1,9,,25752,3,,,1,8,,25766,3,,,1,49,,25783,3,,,1,8,,25796,3,,,1,9,,25685,3,,,1,8,,25702,3,,,1,9,,25719,3,,,1,8,,25736,3,,,1,9,,25753,3,,,1,48,,25767,3,,,1,9,,25784,3,,,1,8,,25797,3,,,1,9,,25686,3,,,1,8,,25703,3,,,1,9,,25720,3,,,1,8,,25737,3,,,1,49,,25754,3,,,1,8,,25768,3,,,1,9,,25785,3,,,1,8,,25798,3,,,1,9,,25687,3,,,1,8,,25704,3,,,1,9,,25721,3,,,1,48,,25738,3,,,1,9,,25755,3,,,1,8,,25769,3,,,1,9,,25786,3,,,1,8,,25799,3,,,1,9,,25688,3,,,1,10,,25705,3,,,1,50,,25722,3,,,1,10,,25739,3,,,1,10,,25756,3,,,1,10,,25770,3,,,1,10,,25800,3,,,1,10,,25689,3,,,1,50,,25706,3,,,1,10,,25723,3,,,1,10,,25740,3,,,1,10,,25757,3,,,1,10,,25771,3,,,1,10,,25801,3,,,1,50,,25690,3,,,1,10,,25707,3,,,1,10,,25724,3,,,1,10,,25741,3,,,1,10,,25758,3,,,1,10,,25772,3,,,1,50,,25802,3,,,1,10,,25691,3,,,1,10,,25708,3,,,1,10,,25725,3,,,1,10,,25742,3,,,1,10,,25759,3,,,1,50,,25773,3,,,1,10,,25803,3,,,1,10,,25692,3,,,1,10,,25709,3,,,1,10,,25726,3,,,1
501,'GLOBAUX-01-I',532,,25871,3,,,1,10,,25902,3,,,1,10,,25915,3,,,1,50,,25804,3,,,1,10,,25821,3,,,1,10,,25838,3,,,1,10,,25855,3,,,1,10,,25872,3,,,1,10,,25903,3,,,1,50,,25916,3,,,1,10,,25805,3,,,1,10,,25822,3,,,1,10,,25839,3,,,1,10,,25856,3,,,1,10,,25873,3,,,1,50,,25904,3,,,1,10,,25917,3,,,1,10,,25806,3,,,1,10,,25823,3,,,1,10,,25840,3,,,1,10,,25857,3,,,1,49,,25874,3,,,1,8,,25888,3,,,1,9,,25905,3,,,1,8,,25918,3,,,1,9,,25807,3,,,1,8,,25824,3,,,1,9,,25841,3,,,1,48,,25858,3,,,1,9,,25875,3,,,1,8,,25889,3,,,1,9,,25906,3,,,1,8,,25919,3,,,1,9,,25808,3,,,1,8,,25825,3,,,1,49,,25842,3,,,1,8,,25859,3,,,1,9,,25876,3,,,1,8,,25890,3,,,1,9,,25907,3,,,1,8,,25920,3,,,1,9,,25809,3,,,1,8,,25826,3,,,1,49,,25843,3,,,1,8,,25860,3,,,1,9,,25877,3,,,1,8,,25891,3,,,1,9,,25908,3,,,1,8,,25921,3,,,1,9,,25810,3,,,1,48,,25827,3,,,1,9,,25844,3,,,1,8,,25861,3,,,1,9,,25878,3,,,1,8,,25892,3,,,1,9,,25909,3,,,1,8,,25922,3,,,1,49,,25811,3,,,1,8,,25828,3,,,1,9,,25845,3,,,1,8,,25862,3,,,1,9,,25879,3,,,1,8,,25893,3,,,1,9,,25910,3,,,1,48,,25923,3,,,1,9,,25812,3,,,1,8,,25829,3,,,1,9,,25846,3,,,1,8,,25863,3,,,1,9,,25880,3,,,1,8,,25894,3,,,1,49,,25911,3,,,1,8,,25924,3,,,1,9,,25813,3,,,1,8,,25830,3,,,1,9,,25847,3,,,1,8,,25864,3,,,1,9,,25881,3,,,1,48,,25895,3,,,1,9,,25912,3,,,1,8,,25925,3,,,1,9,,25814,3,,,1,8,,25831,3,,,1,9,,25848,3,,,1,8,,25865,3,,,1,49,,25882,3,,,1,8,,25896,3,,,1,9,,25913,3,,,1,8,,25926,3,,,1,9,,25815,3,,,1,8,,25832,3,,,1,9,,25849,3,,,1,48,,25866,3,,,1,9,,25883,3,,,1,8,,25897,3,,,1,9,,25914,3,,,1,8,,25927,3,,,1,9,,25816,3,,,1,10,,25833,3,,,1,50,,25850,3,,,1,10,,25867,3,,,1,10,,25884,3,,,1,10,,25898,3,,,1,10,,25928,3,,,1,10,,25817,3,,,1,50,,25834,3,,,1,10,,25851,3,,,1,10,,25868,3,,,1,10,,25885,3,,,1,10,,25899,3,,,1,10,,25929,3,,,1,50,,25818,3,,,1,10,,25835,3,,,1,10,,25852,3,,,1,10,,25869,3,,,1,10,,25886,3,,,1,10,,25900,3,,,1,50,,25930,3,,,1,10,,25819,3,,,1,10,,25836,3,,,1,10,,25853,3,,,1,10,,25870,3,,,1,10,,25887,3,,,1,50,,25901,3,,,1,10,,25931,3,,,1,10,,25820,3,,,1,10,,25837,3,,,1,10,,25854,3,,,1
501,'GLOBAUX-01-S',532,,26034,3,,,1,8,,26052,3,,,1,8,,26083,3,,,1,8,,26095,3,,,1,48,,25932,3,,,1,6,,25943,3,,,1,7,,25947,3,,,1,6,,25971,3,,,1,5,,25990,3,,,1,5,,26007,3,,,1,4,,26014,3,,,1,5,,26035,3,,,1,4,,26053,3,,,1,5,,26056,3,,,1,4,,26084,3,,,1,45,,26096,3,,,1,4,,26099,3,,,1,5,,26111,3,,,1,4,,25933,3,,,1,5,,25944,3,,,1,4,,25948,3,,,1,5,,25972,3,,,1,4,,25988,3,,,1,4,,25991,3,,,1,4,,26008,3,,,1,4,,26009,3,,,1,4,,26015,3,,,1,3,,26036,3,,,1,4,,26054,3,,,1,3,,26057,3,,,1,44,,26067,3,,,1,3,,26085,3,,,1,4,,26097,3,,,1,3,,26100,3,,,1,5,,26112,3,,,1,4,,25934,3,,,1,4,,25945,3,,,1,5,,25949,3,,,1,4,,25973,3,,,1,5,,25989,3,,,1,4,,25992,3,,,1,5,,26010,3,,,1,4,,26016,3,,,1,5,,26037,3,,,1,44,,26055,3,,,1,5,,26068,3,,,1,4,,26086,3,,,1,5,,26098,3,,,1,4,,26101,3,,,1,5,,26113,3,,,1,4,,25935,3,,,1,5,,25946,3,,,1,5,,25950,3,,,1,7,,25974,3,,,1,8,,25993,3,,,1,7,,26017,3,,,1,47,,26038,3,,,1,7,,26069,3,,,1,8,,26087,3,,,1,7,,26114,3,,,1,7,,25936,3,,,1,7,,25951,3,,,1,8,,25975,3,,,1,7,,25994,3,,,1,47,,26018,3,,,1,7,,26039,3,,,1,8,,26070,3,,,1,7,,26088,3,,,1,7,,26115,3,,,1,7,,25937,3,,,1,8,,25952,3,,,1,7,,25976,3,,,1,47,,25995,3,,,1,7,,26019,3,,,1,8,,26040,3,,,1,7,,26071,3,,,1,7,,26089,3,,,1,7,,26116,3,,,1,8,,25938,3,,,1,7,,25953,3,,,1,47,,25977,3,,,1,7,,25996,3,,,1,8,,26020,3,,,1,7,,26041,3,,,1,7,,26072,3,,,1,7,,26090,3,,,1,8,,26117,3,,,1,7,,25939,3,,,1,7,,25954,3,,,1,47,,25978,3,,,1,8,,25997,3,,,1,7,,26021,3,,,1,7,,26042,3,,,1,7,,26073,3,,,1,8,,26091,3,,,1,7,,26118,3,,,1,7,,25940,3,,,1,46,,25955,3,,,1,4,,25964,3,,,1,5,,25979,3,,,1,5,,25998,3,,,1,5,,26011,3,,,1,5,,26022,3,,,1,5,,26031,3,,,1,4,,26043,3,,,1,5,,26058,3,,,1,5,,26074,3,,,1,5,,26092,3,,,1,5,,26102,3,,,1,45,,26119,3,,,1,4,,25941,3,,,1,5,,25956,3,,,1,5,,25965,3,,,1,5,,25980,3,,,1,5,,25999,3,,,1,5,,26012,3,,,1,4,,26023,3,,,1,5,,26032,3,,,1,5,,26044,3,,,1,5,,26059,3,,,1,5,,26075,3,,,1,5,,26093,3,,,1,44,,26103,3,,,1,5,,26120,3,,,1,5,,25942,3,,,1,5,,25957,3,,,1,5,,25966,3,,,1,5,,25981,3,,,1,5,,26000,3,,,1,5,,26013,3,,,1,5,,26024,3,,,1,5,,26033,3,,,1,5,,26045,3,,,1,5,,26060,3,,,1,45,,26076,3,,,1,6,,26094,3,,,1,5,,26104,3,,,1,7,,26121,3,,,1,6,,25958,3,,,1,7,,25967,3,,,1,6,,25982,3,,,1,7,,26001,3,,,1,6,,26025,3,,,1,7,,26046,3,,,1,46,,26061,3,,,1,7,,26077,3,,,1,6,,26105,3,,,1,7,,26122,3,,,1,6,,25959,3,,,1,7,,25968,3,,,1,6,,25983,3,,,1,7,,26002,3,,,1,6,,26026,3,,,1,47,,26047,3,,,1,6,,26062,3,,,1,7,,26078,3,,,1,6,,26106,3,,,1,7,,26123,3,,,1,6,,25960,3,,,1,7,,25969,3,,,1,6,,25984,3,,,1,7,,26003,3,,,1,46,,26027,3,,,1,7,,26048,3,,,1,6,,26063,3,,,1,7,,26079,3,,,1,6,,26107,3,,,1,7,,26124,3,,,1,6,,25961,3,,,1,7,,25970,3,,,1,6,,25985,3,,,1,47,,26004,3,,,1,7,,26028,3,,,1,8,,26049,3,,,1,8,,26064,3,,,1,8,,26080,3,,,1,8,,26108,3,,,1,7,,25962,3,,,1,8,,25986,3,,,1,48,,26005,3,,,1,8,,26029,3,,,1,8,,26050,3,,,1,8,,26065,3,,,1,8,,26081,3,,,1,8,,26109,3,,,1,8,,25963,3,,,1,8,,25987,3,,,1,48,,26006,3,,,1,8,,26030,3,,,1,8,,26051,3,,,1,8,,26066,3,,,1,8,,26082,3,,,1,8,,26110,3,,,1
