500,'GLOBAUX-01-A',531,,24707,2,,,1,10,,24725,2,,,1,10,,24743,2,,,1,50,,24760,2,,,1,10,,24777,2,,,1,10,,24805,2,,,1,10,,24822,2,,,1,10,,24708,2,,,1,10,,24726,2,,,1,50,,24744,2,,,1,10,,24761,2,,,1,10,,24778,2,,,1,10,,24806,2,,,1,10,,24823,2,,,1,10,,24709,2,,,1,50,,24727,2,,,1,10,,24745,2,,,1,10,,24762,2,,,1,10,,24779,2,,,1,10,,24807,2,,,1,10,,24824,2,,,1,50,,24710,2,,,1,10,,24728,2,,,1,10,,24746,2,,,1,10,,24763,2,,,1,9,,24780,2,,,1,8,,24794,2,,,1,9,,24808,2,,,1,48,,24825,2,,,1,9,,24711,2,,,1,8,,24729,2,,,1,9,,24747,2,,,1,8,,24764,2,,,1,9,,24781,2,,,1,8,,24795,2,,,1,49,,24809,2,,,1,8,,24826,2,,,1,9,,24712,2,,,1,8,,24730,2,,,1,9,,24748,2,,,1,8,,24765,2,,,1,9,,24782,2,,,1,48,,24796,2,,,1,9,,24810,2,,,1,8,,24827,2,,,1,9,,24713,2,,,1,8,,24731,2,,,1,9,,24749,2,,,1,8,,24766,2,,,1,49,,24783,2,,,1,8,,24797,2,,,1,9,,24811,2,,,1,8,,24828,2,,,1,9,,24714,2,,,1,8,,24732,2,,,1,9,,24750,2,,,1,48,,24767,2,,,1,9,,24784,2,,,1,8,,24798,2,,,1,9,,24812,2,,,1,8,,24829,2,,,1,9,,24715,2,,,1,8,,24733,2,,,1,49,,24751,2,,,1,8,,24768,2,,,1,9,,24785,2,,,1,8,,24799,2,,,1,9,,24813,2,,,1,8,,24830,2,,,1,9,,24716,2,,,1,48,,24734,2,,,1,9,,24752,2,,,1,8,,24769,2,,,1,9,,24786,2,,,1,8,,24800,2,,,1,9,,24814,2,,,1,8,,24831,2,,,1,49,,24717,2,,,1,8,,24735,2,,,1,9,,24753,2,,,1,8,,24770,2,,,1,9,,24787,2,,,1,8,,24801,2,,,1,9,,24815,2,,,1,48,,24832,2,,,1,9,,24718,2,,,1,8,,24736,2,,,1,9,,24754,2,,,1,8,,24771,2,,,1,9,,24788,2,,,1,8,,24802,2,,,1,49,,24816,2,,,1,8,,24833,2,,,1,9,,24719,2,,,1,8,,24737,2,,,1,9,,24755,2,,,1,8,,24772,2,,,1,9,,24789,2,,,1,48,,24803,2,,,1,9,,24817,2,,,1,8,,24834,2,,,1,9,,24720,2,,,1,8,,24738,2,,,1,9,,24756,2,,,1,8,,24773,2,,,1,49,,24790,2,,,1,8,,24804,2,,,1,9,,24818,2,,,1,9,,24835,2,,,1,10,,24721,2,,,1,10,,24739,2,,,1,10,,24757,2,,,1,50,,24774,2,,,1,10,,24791,2,,,1,10,,24819,2,,,1,10,,24836,2,,,1,10,,24722,2,,,1,10,,24740,2,,,1,50,,24758,2,,,1,10,,24775,2,,,1,10,,24792,2,,,1,10,,24820,2,,,1,10,,24837,2,,,1,10,,24723,2,,,1,50,,24741,2,,,1,10,,24759,2,,,1,10,,24776,2,,,1,10,,24793,2,,,1,10,,24821,2,,,1,10,,24838,2,,,1,50,,24724,2,,,1,10,,24742,2,,,1
500,'GLOBAUX-01-F1',531,,24839,2,,,1,10,,24856,2,,,1,10,,24873,2,,,1,50,,24890,2,,,1,10,,24907,2,,,1,10,,24938,2,,,1,10,,24951,2,,,1,10,,24840,2,,,1,10,,24857,2,,,1,50,,24874,2,,,1,10,,24891,2,,,1,10,,24908,2,,,1,10,,24939,2,,,1,10,,24952,2,,,1,10,,24841,2,,,1,50,,24858,2,,,1,10,,24875,2,,,1,10,,24892,2,,,1,10,,24909,2,,,1,10,,24940,2,,,1,10,,24953,2,,,1,50,,24842,2,,,1,10,,24859,2,,,1,10,,24876,2,,,1,10,,24893,2,,,1,9,,24910,2,,,1,8,,24924,2,,,1,9,,24941,2,,,1,48,,24954,2,,,1,9,,24843,2,,,1,8,,24860,2,,,1,9,,24877,2,,,1,8,,24894,2,,,1,9,,24911,2,,,1,8,,24925,2,,,1,49,,24942,2,,,1,8,,24955,2,,,1,9,,24844,2,,,1,8,,24861,2,,,1,9,,24878,2,,,1,8,,24895,2,,,1,9,,24912,2,,,1,48,,24926,2,,,1,9,,24943,2,,,1,8,,24956,2,,,1,9,,24845,2,,,1,8,,24862,2,,,1,9,,24879,2,,,1,8,,24896,2,,,1,49,,24913,2,,,1,8,,24927,2,,,1,9,,24944,2,,,1,8,,24957,2,,,1,9,,24846,2,,,1,8,,24863,2,,,1,9,,24880,2,,,1,48,,24897,2,,,1,9,,24914,2,,,1,8,,24928,2,,,1,9,,24945,2,,,1,8,,24958,2,,,1,9,,24847,2,,,1,8,,24864,2,,,1,49,,24881,2,,,1,8,,24898,2,,,1,9,,24915,2,,,1,8,,24929,2,,,1,9,,24946,2,,,1,8,,24959,2,,,1,9,,24848,2,,,1,48,,24865,2,,,1,9,,24882,2,,,1,8,,24899,2,,,1,9,,24916,2,,,1,8,,24930,2,,,1,9,,24947,2,,,1,8,,24960,2,,,1,49,,24849,2,,,1,8,,24866,2,,,1,9,,24883,2,,,1,8,,24900,2,,,1,9,,24917,2,,,1,8,,24931,2,,,1,9,,24948,2,,,1,48,,24961,2,,,1,9,,24850,2,,,1,8,,24867,2,,,1,9,,24884,2,,,1,8,,24901,2,,,1,9,,24918,2,,,1,8,,24932,2,,,1,49,,24949,2,,,1,8,,24962,2,,,1,9,,24851,2,,,1,8,,24868,2,,,1,9,,24885,2,,,1,8,,24902,2,,,1,9,,24919,2,,,1,48,,24933,2,,,1,9,,24950,2,,,1,8,,24963,2,,,1,9,,24852,2,,,1,10,,24869,2,,,1,10,,24886,2,,,1,10,,24903,2,,,1,50,,24920,2,,,1,10,,24934,2,,,1,10,,24964,2,,,1,10,,24853,2,,,1,10,,24870,2,,,1,10,,24887,2,,,1,50,,24904,2,,,1,10,,24921,2,,,1,10,,24935,2,,,1,10,,24965,2,,,1,10,,24854,2,,,1,10,,24871,2,,,1,50,,24888,2,,,1,10,,24905,2,,,1,10,,24922,2,,,1,10,,24936,2,,,1,10,,24966,2,,,1,10,,24855,2,,,1,50,,24872,2,,,1,10,,24889,2,,,1,10,,24906,2,,,1,10,,24923,2,,,1,10,,24937,2,,,1
500,'GLOBAUX-01-F2',531,,24967,2,,,1,10,,24984,2,,,1,10,,25001,2,,,1,50,,25018,2,,,1,10,,25035,2,,,1,10,,25066,2,,,1,10,,25079,2,,,1,10,,24968,2,,,1,10,,24985,2,,,1,50,,25002,2,,,1,10,,25019,2,,,1,10,,25036,2,,,1,10,,25067,2,,,1,10,,25080,2,,,1,10,,24969,2,,,1,50,,24986,2,,,1,10,,25003,2,,,1,10,,25020,2,,,1,10,,25037,2,,,1,10,,25068,2,,,1,10,,25081,2,,,1,50,,24970,2,,,1,10,,24987,2,,,1,10,,25004,2,,,1,10,,25021,2,,,1,9,,25038,2,,,1,8,,25052,2,,,1,9,,25069,2,,,1,48,,25082,2,,,1,9,,24971,2,,,1,8,,24988,2,,,1,9,,25005,2,,,1,8,,25022,2,,,1,9,,25039,2,,,1,8,,25053,2,,,1,49,,25070,2,,,1,8,,25083,2,,,1,9,,24972,2,,,1,8,,24989,2,,,1,9,,25006,2,,,1,8,,25023,2,,,1,9,,25040,2,,,1,48,,25054,2,,,1,9,,25071,2,,,1,8,,25084,2,,,1,9,,24973,2,,,1,8,,24990,2,,,1,9,,25007,2,,,1,8,,25024,2,,,1,49,,25041,2,,,1,8,,25055,2,,,1,9,,25072,2,,,1,8,,25085,2,,,1,9,,24974,2,,,1,8,,24991,2,,,1,9,,25008,2,,,1,48,,25025,2,,,1,9,,25042,2,,,1,8,,25056,2,,,1,9,,25073,2,,,1,8,,25086,2,,,1,9,,24975,2,,,1,8,,24992,2,,,1,49,,25009,2,,,1,8,,25026,2,,,1,9,,25043,2,,,1,8,,25057,2,,,1,9,,25074,2,,,1,8,,25087,2,,,1,9,,24976,2,,,1,48,,24993,2,,,1,9,,25010,2,,,1,8,,25027,2,,,1,9,,25044,2,,,1,8,,25058,2,,,1,9,,25075,2,,,1,8,,25088,2,,,1,49,,24977,2,,,1,8,,24994,2,,,1,9,,25011,2,,,1,8,,25028,2,,,1,9,,25045,2,,,1,8,,25059,2,,,1,9,,25076,2,,,1,48,,25089,2,,,1,9,,24978,2,,,1,8,,24995,2,,,1,9,,25012,2,,,1,8,,25029,2,,,1,9,,25046,2,,,1,8,,25060,2,,,1,49,,25077,2,,,1,8,,25090,2,,,1,9,,24979,2,,,1,8,,24996,2,,,1,9,,25013,2,,,1,8,,25030,2,,,1,9,,25047,2,,,1,48,,25061,2,,,1,9,,25078,2,,,1,8,,25091,2,,,1,9,,24980,2,,,1,10,,24997,2,,,1,10,,25014,2,,,1,10,,25031,2,,,1,50,,25048,2,,,1,10,,25062,2,,,1,10,,25092,2,,,1,10,,24981,2,,,1,10,,24998,2,,,1,10,,25015,2,,,1,50,,25032,2,,,1,10,,25049,2,,,1,10,,25063,2,,,1,10,,25093,2,,,1,10,,24982,2,,,1,10,,24999,2,,,1,50,,25016,2,,,1,10,,25033,2,,,1,10,,25050,2,,,1,10,,25064,2,,,1,10,,25094,2,,,1,10,,24983,2,,,1,50,,25000,2,,,1,10,,25017,2,,,1,10,,25034,2,,,1,10,,25051,2,,,1,10,,25065,2,,,1
500,'GLOBAUX-01-I',531,,25095,2,,,1,10,,25112,2,,,1,10,,25129,2,,,1,50,,25146,2,,,1,10,,25163,2,,,1,10,,25194,2,,,1,10,,25207,2,,,1,10,,25096,2,,,1,10,,25113,2,,,1,50,,25130,2,,,1,10,,25147,2,,,1,10,,25164,2,,,1,10,,25195,2,,,1,10,,25208,2,,,1,10,,25097,2,,,1,50,,25114,2,,,1,10,,25131,2,,,1,10,,25148,2,,,1,10,,25165,2,,,1,10,,25196,2,,,1,10,,25209,2,,,1,50,,25098,2,,,1,10,,25115,2,,,1,10,,25132,2,,,1,10,,25149,2,,,1,9,,25166,2,,,1,8,,25180,2,,,1,9,,25197,2,,,1,48,,25210,2,,,1,9,,25099,2,,,1,8,,25116,2,,,1,9,,25133,2,,,1,8,,25150,2,,,1,9,,25167,2,,,1,8,,25181,2,,,1,49,,25198,2,,,1,8,,25211,2,,,1,9,,25100,2,,,1,8,,25117,2,,,1,9,,25134,2,,,1,8,,25151,2,,,1,9,,25168,2,,,1,48,,25182,2,,,1,9,,25199,2,,,1,8,,25212,2,,,1,9,,25101,2,,,1,8,,25118,2,,,1,9,,25135,2,,,1,8,,25152,2,,,1,49,,25169,2,,,1,8,,25183,2,,,1,9,,25200,2,,,1,8,,25213,2,,,1,9,,25102,2,,,1,8,,25119,2,,,1,9,,25136,2,,,1,48,,25153,2,,,1,9,,25170,2,,,1,8,,25184,2,,,1,9,,25201,2,,,1,8,,25214,2,,,1,9,,25103,2,,,1,8,,25120,2,,,1,49,,25137,2,,,1,8,,25154,2,,,1,9,,25171,2,,,1,8,,25185,2,,,1,9,,25202,2,,,1,8,,25215,2,,,1,9,,25104,2,,,1,48,,25121,2,,,1,9,,25138,2,,,1,8,,25155,2,,,1,9,,25172,2,,,1,8,,25186,2,,,1,9,,25203,2,,,1,8,,25216,2,,,1,49,,25105,2,,,1,8,,25122,2,,,1,9,,25139,2,,,1,8,,25156,2,,,1,9,,25173,2,,,1,8,,25187,2,,,1,9,,25204,2,,,1,48,,25217,2,,,1,9,,25106,2,,,1,8,,25123,2,,,1,9,,25140,2,,,1,8,,25157,2,,,1,9,,25174,2,,,1,8,,25188,2,,,1,49,,25205,2,,,1,8,,25218,2,,,1,9,,25107,2,,,1,8,,25124,2,,,1,9,,25141,2,,,1,8,,25158,2,,,1,9,,25175,2,,,1,48,,25189,2,,,1,9,,25206,2,,,1,8,,25219,2,,,1,9,,25108,2,,,1,10,,25125,2,,,1,10,,25142,2,,,1,10,,25159,2,,,1,50,,25176,2,,,1,10,,25190,2,,,1,10,,25220,2,,,1,10,,25109,2,,,1,10,,25126,2,,,1,10,,25143,2,,,1,50,,25160,2,,,1,10,,25177,2,,,1,10,,25191,2,,,1,10,,25221,2,,,1,10,,25110,2,,,1,10,,25127,2,,,1,50,,25144,2,,,1,10,,25161,2,,,1,10,,25178,2,,,1,10,,25192,2,,,1,10,,25222,2,,,1,10,,25111,2,,,1,50,,25128,2,,,1,10,,25145,2,,,1,10,,25162,2,,,1,10,,25179,2,,,1,10,,25193,2,,,1
500,'GLOBAUX-01-S',531,,25223,2,,,1,8,,25235,2,,,1,8,,25239,2,,,1,8,,25263,2,,,1,48,,25301,2,,,1,6,,25328,2,,,1,6,,25345,2,,,1,5,,25348,2,,,1,5,,25375,2,,,1,5,,25386,2,,,1,4,,25389,2,,,1,5,,25401,2,,,1,4,,25224,2,,,1,5,,25236,2,,,1,4,,25240,2,,,1,5,,25264,2,,,1,44,,25281,2,,,1,5,,25284,2,,,1,4,,25302,2,,,1,5,,25309,2,,,1,4,,25329,2,,,1,5,,25346,2,,,1,4,,25349,2,,,1,5,,25376,2,,,1,4,,25387,2,,,1,5,,25390,2,,,1,4,,25402,2,,,1,5,,25225,2,,,1,4,,25237,2,,,1,45,,25241,2,,,1,3,,25265,2,,,1,4,,25282,2,,,1,3,,25285,2,,,1,4,,25303,2,,,1,3,,25304,2,,,1,4,,25310,2,,,1,3,,25330,2,,,1,4,,25347,2,,,1,3,,25350,2,,,1,5,,25360,2,,,1,4,,25377,2,,,1,5,,25388,2,,,1,4,,25391,2,,,1,5,,25403,2,,,1,4,,25226,2,,,1,45,,25238,2,,,1,4,,25242,2,,,1,5,,25266,2,,,1,4,,25283,2,,,1,5,,25286,2,,,1,4,,25305,2,,,1,5,,25311,2,,,1,6,,25331,2,,,1,8,,25361,2,,,1,7,,25378,2,,,1,7,,25404,2,,,1,47,,25227,2,,,1,8,,25243,2,,,1,7,,25267,2,,,1,7,,25287,2,,,1,7,,25312,2,,,1,8,,25332,2,,,1,7,,25362,2,,,1,7,,25379,2,,,1,47,,25405,2,,,1,8,,25228,2,,,1,7,,25244,2,,,1,7,,25268,2,,,1,7,,25288,2,,,1,8,,25313,2,,,1,7,,25333,2,,,1,7,,25363,2,,,1,47,,25380,2,,,1,8,,25406,2,,,1,7,,25229,2,,,1,7,,25245,2,,,1,8,,25269,2,,,1,7,,25289,2,,,1,7,,25314,2,,,1,7,,25334,2,,,1,7,,25364,2,,,1,48,,25381,2,,,1,7,,25407,2,,,1,7,,25230,2,,,1,7,,25246,2,,,1,8,,25270,2,,,1,7,,25290,2,,,1,7,,25315,2,,,1,7,,25335,2,,,1,48,,25365,2,,,1,7,,25382,2,,,1,7,,25408,2,,,1,7,,25231,2,,,1,8,,25247,2,,,1,7,,25271,2,,,1,7,,25291,2,,,1,7,,25316,2,,,1,46,,25336,2,,,1,6,,25351,2,,,1,5,,25366,2,,,1,5,,25383,2,,,1,6,,25392,2,,,1,5,,25409,2,,,1,4,,25232,2,,,1,5,,25248,2,,,1,5,,25257,2,,,1,5,,25272,2,,,1,5,,25292,2,,,1,5,,25306,2,,,1,44,,25317,2,,,1,5,,25325,2,,,1,5,,25337,2,,,1,5,,25352,2,,,1,5,,25367,2,,,1,5,,25384,2,,,1,4,,25393,2,,,1,5,,25410,2,,,1,5,,25233,2,,,1,5,,25249,2,,,1,5,,25258,2,,,1,5,,25273,2,,,1,4,,25293,2,,,1,45,,25307,2,,,1,5,,25318,2,,,1,5,,25326,2,,,1,5,,25338,2,,,1,5,,25353,2,,,1,4,,25368,2,,,1,5,,25385,2,,,1,5,,25394,2,,,1,5,,25411,2,,,1,5,,25234,2,,,1,5,,25250,2,,,1,5,,25259,2,,,1,45,,25274,2,,,1,5,,25294,2,,,1,6,,25308,2,,,1,5,,25319,2,,,1,7,,25327,2,,,1,6,,25339,2,,,1,6,,25354,2,,,1,7,,25369,2,,,1,6,,25395,2,,,1,7,,25412,2,,,1,46,,25251,2,,,1,7,,25260,2,,,1,6,,25275,2,,,1,7,,25295,2,,,1,6,,25320,2,,,1,7,,25340,2,,,1,6,,25355,2,,,1,7,,25370,2,,,1,6,,25396,2,,,1,47,,25413,2,,,1,6,,25252,2,,,1,7,,25261,2,,,1,6,,25276,2,,,1,7,,25296,2,,,1,6,,25321,2,,,1,7,,25341,2,,,1,6,,25356,2,,,1,7,,25371,2,,,1,46,,25397,2,,,1,7,,25414,2,,,1,6,,25253,2,,,1,7,,25262,2,,,1,6,,25277,2,,,1,7,,25297,2,,,1,6,,25322,2,,,1,7,,25342,2,,,1,6,,25357,2,,,1,47,,25372,2,,,1,6,,25398,2,,,1,7,,25415,2,,,1,6,,25254,2,,,1,8,,25278,2,,,1,8,,25298,2,,,1,8,,25323,2,,,1,8,,25343,2,,,1,8,,25358,2,,,1,48,,25373,2,,,1,8,,25399,2,,,1,8,,25255,2,,,1,8,,25279,2,,,1,8,,25299,2,,,1,8,,25324,2,,,1,8,,25344,2,,,1,48,,25359,2,,,1,8,,25374,2,,,1,8,,25400,2,,,1,8,,25256,2,,,1,10,,25280,2,,,1,9,,25300,2,,,1
501,'GLOBAUX-01-A',543,,25484,11,,,1,10,,25513,11,,,1,50,,25531,11,,,1,10,,25416,11,,,1,10,,25433,11,,,1,10,,25450,11,,,1,10,,25467,11,,,1,10,,25485,11,,,1,50,,25514,11,,,1,10,,25532,11,,,1,10,,25417,11,,,1,10,,25434,11,,,1,10,,25451,11,,,1,10,,25468,11,,,1,50,,25486,11,,,1,10,,25515,11,,,1,10,,25533,11,,,1,10,,25418,11,,,1,10,,25435,11,,,1,10,,25452,11,,,1,50,,25469,11,,,1,9,,25487,11,,,1,9,,25502,11,,,1,8,,25516,11,,,1,9,,25534,11,,,1,8,,25419,11,,,1,9,,25436,11,,,1,48,,25453,11,,,1,9,,25470,11,,,1,8,,25488,11,,,1,9,,25503,11,,,1,8,,25517,11,,,1,9,,25535,11,,,1,8,,25420,11,,,1,49,,25437,11,,,1,8,,25454,11,,,1,9,,25471,11,,,1,8,,25489,11,,,1,9,,25504,11,,,1,8,,25518,11,,,1,9,,25536,11,,,1,48,,25421,11,,,1,9,,25438,11,,,1,8,,25455,11,,,1,9,,25472,11,,,1,8,,25490,11,,,1,9,,25505,11,,,1,8,,25519,11,,,1,49,,25537,11,,,1,8,,25422,11,,,1,9,,25439,11,,,1,8,,25456,11,,,1,9,,25473,11,,,1,8,,25491,11,,,1,9,,25506,11,,,1,48,,25520,11,,,1,9,,25538,11,,,1,8,,25423,11,,,1,9,,25440,11,,,1,8,,25457,11,,,1,9,,25474,11,,,1,8,,25492,11,,,1,49,,25507,11,,,1,8,,25521,11,,,1,9,,25539,11,,,1,9,,25424,11,,,1,8,,25441,11,,,1,9,,25458,11,,,1,8,,25475,11,,,1,49,,25493,11,,,1,8,,25508,11,,,1,9,,25522,11,,,1,8,,25540,11,,,1,9,,25425,11,,,1,8,,25442,11,,,1,9,,25459,11,,,1,48,,25476,11,,,1,9,,25494,11,,,1,8,,25509,11,,,1,9,,25523,11,,,1,8,,25541,11,,,1,9,,25426,11,,,1,8,,25443,11,,,1,49,,25460,11,,,1,8,,25477,11,,,1,9,,25495,11,,,1,8,,25510,11,,,1,9,,25524,11,,,1,8,,25542,11,,,1,8,,25427,11,,,1,9,,25444,11,,,1,48,,25461,11,,,1,9,,25478,11,,,1,8,,25496,11,,,1,9,,25511,11,,,1,8,,25525,11,,,1,9,,25543,11,,,1,8,,25428,11,,,1,49,,25445,11,,,1,8,,25462,11,,,1,9,,25479,11,,,1,8,,25497,11,,,1,9,,25512,11,,,1,8,,25526,11,,,1,9,,25544,11,,,1,50,,25429,11,,,1,10,,25446,11,,,1,10,,25463,11,,,1,10,,25480,11,,,1,10,,25498,11,,,1,10,,25527,11,,,1,50,,25545,11,,,1,10,,25430,11,,,1,10,,25447,11,,,1,10,,25464,11,,,1,10,,25481,11,,,1,10,,25499,11,,,1,50,,25528,11,,,1,10,,25546,11,,,1,10,,25431,11,,,1,10,,25448,11,,,1,10,,25465,11,,,1,10,,25482,11,,,1,50,,25500,11,,,1,10,,25529,11,,,1,10,,25547,11,,,1,10,,25432,11,,,1,10,,25449,11,,,1,10,,25466,11,,,1,50,,25483,11,,,1,10,,25501,11,,,1,10,,25530,11,,,1
501,'GLOBAUX-01-F1',543,,25615,11,,,1,10,,25646,11,,,1,50,,25659,11,,,1,10,,25548,11,,,1,10,,25565,11,,,1,10,,25582,11,,,1,10,,25599,11,,,1,10,,25616,11,,,1,50,,25647,11,,,1,10,,25660,11,,,1,10,,25549,11,,,1,10,,25566,11,,,1,10,,25583,11,,,1,10,,25600,11,,,1,50,,25617,11,,,1,10,,25648,11,,,1,10,,25661,11,,,1,10,,25550,11,,,1,10,,25567,11,,,1,10,,25584,11,,,1,50,,25601,11,,,1,9,,25618,11,,,1,9,,25632,11,,,1,8,,25649,11,,,1,9,,25662,11,,,1,8,,25551,11,,,1,9,,25568,11,,,1,48,,25585,11,,,1,9,,25602,11,,,1,8,,25619,11,,,1,9,,25633,11,,,1,8,,25650,11,,,1,9,,25663,11,,,1,8,,25552,11,,,1,49,,25569,11,,,1,8,,25586,11,,,1,9,,25603,11,,,1,8,,25620,11,,,1,9,,25634,11,,,1,8,,25651,11,,,1,9,,25664,11,,,1,48,,25553,11,,,1,9,,25570,11,,,1,8,,25587,11,,,1,9,,25604,11,,,1,8,,25621,11,,,1,9,,25635,11,,,1,8,,25652,11,,,1,49,,25665,11,,,1,8,,25554,11,,,1,9,,25571,11,,,1,8,,25588,11,,,1,9,,25605,11,,,1,8,,25622,11,,,1,9,,25636,11,,,1,48,,25653,11,,,1,9,,25666,11,,,1,8,,25555,11,,,1,9,,25572,11,,,1,8,,25589,11,,,1,9,,25606,11,,,1,8,,25623,11,,,1,49,,25637,11,,,1,8,,25654,11,,,1,9,,25667,11,,,1,8,,25556,11,,,1,9,,25573,11,,,1,8,,25590,11,,,1,9,,25607,11,,,1,48,,25624,11,,,1,9,,25638,11,,,1,8,,25655,11,,,1,9,,25668,11,,,1,8,,25557,11,,,1,9,,25574,11,,,1,8,,25591,11,,,1,49,,25608,11,,,1,8,,25625,11,,,1,9,,25639,11,,,1,8,,25656,11,,,1,9,,25669,11,,,1,8,,25558,11,,,1,9,,25575,11,,,1,8,,25592,11,,,1,49,,25609,11,,,1,8,,25626,11,,,1,9,,25640,11,,,1,8,,25657,11,,,1,9,,25670,11,,,1,8,,25559,11,,,1,9,,25576,11,,,1,48,,25593,11,,,1,9,,25610,11,,,1,8,,25627,11,,,1,9,,25641,11,,,1,8,,25658,11,,,1,8,,25671,11,,,1,9,,25560,11,,,1,50,,25577,11,,,1,10,,25594,11,,,1,10,,25611,11,,,1,10,,25628,11,,,1,10,,25642,11,,,1,10,,25672,11,,,1,50,,25561,11,,,1,10,,25578,11,,,1,10,,25595,11,,,1,10,,25612,11,,,1,10,,25629,11,,,1,10,,25643,11,,,1,50,,25673,11,,,1,10,,25562,11,,,1,10,,25579,11,,,1,10,,25596,11,,,1,10,,25613,11,,,1,10,,25630,11,,,1,50,,25644,11,,,1,10,,25674,11,,,1,10,,25563,11,,,1,10,,25580,11,,,1,10,,25597,11,,,1,10,,25614,11,,,1,50,,25631,11,,,1,10,,25645,11,,,1,10,,25675,11,,,1,10,,25564,11,,,1,10,,25581,11,,,1,10,,25598,11,,,1
501,'GLOBAUX-01-F2',543,,25743,11,,,1,10,,25774,11,,,1,50,,25787,11,,,1,10,,25676,11,,,1,10,,25693,11,,,1,10,,25710,11,,,1,10,,25727,11,,,1,10,,25744,11,,,1,50,,25775,11,,,1,10,,25788,11,,,1,10,,25677,11,,,1,10,,25694,11,,,1,10,,25711,11,,,1,10,,25728,11,,,1,50,,25745,11,,,1,10,,25776,11,,,1,10,,25789,11,,,1,10,,25678,11,,,1,10,,25695,11,,,1,10,,25712,11,,,1,50,,25729,11,,,1,9,,25746,11,,,1,9,,25760,11,,,1,8,,25777,11,,,1,9,,25790,11,,,1,8,,25679,11,,,1,9,,25696,11,,,1,48,,25713,11,,,1,9,,25730,11,,,1,8,,25747,11,,,1,9,,25761,11,,,1,8,,25778,11,,,1,9,,25791,11,,,1,8,,25680,11,,,1,49,,25697,11,,,1,8,,25714,11,,,1,9,,25731,11,,,1,8,,25748,11,,,1,9,,25762,11,,,1,8,,25779,11,,,1,9,,25792,11,,,1,48,,25681,11,,,1,9,,25698,11,,,1,8,,25715,11,,,1,9,,25732,11,,,1,8,,25749,11,,,1,9,,25763,11,,,1,8,,25780,11,,,1,49,,25793,11,,,1,8,,25682,11,,,1,9,,25699,11,,,1,8,,25716,11,,,1,9,,25733,11,,,1,8,,25750,11,,,1,9,,25764,11,,,1,48,,25781,11,,,1,9,,25794,11,,,1,8,,25683,11,,,1,9,,25700,11,,,1,8,,25717,11,,,1,9,,25734,11,,,1,8,,25751,11,,,1,49,,25765,11,,,1,8,,25782,11,,,1,9,,25795,11,,,1,8,,25684,11,,,1,9,,25701,11,,,1,8,,25718,11,,,1,9,,25735,11,,,1,48,,25752,11,,,1,9,,25766,11,,,1,8,,25783,11,,,1,9,,25796,11,,,1,8,,25685,11,,,1,9,,25702,11,,,1,8,,25719,11,,,1,49,,25736,11,,,1,8,,25753,11,,,1,9,,25767,11,,,1,8,,25784,11,,,1,9,,25797,11,,,1,8,,25686,11,,,1,9,,25703,11,,,1,8,,25720,11,,,1,49,,25737,11,,,1,8,,25754,11,,,1,9,,25768,11,,,1,8,,25785,11,,,1,9,,25798,11,,,1,8,,25687,11,,,1,9,,25704,11,,,1,48,,25721,11,,,1,9,,25738,11,,,1,8,,25755,11,,,1,9,,25769,11,,,1,8,,25786,11,,,1,8,,25799,11,,,1,9,,25688,11,,,1,50,,25705,11,,,1,10,,25722,11,,,1,10,,25739,11,,,1,10,,25756,11,,,1,10,,25770,11,,,1,10,,25800,11,,,1,50,,25689,11,,,1,10,,25706,11,,,1,10,,25723,11,,,1,10,,25740,11,,,1,10,,25757,11,,,1,10,,25771,11,,,1,50,,25801,11,,,1,10,,25690,11,,,1,10,,25707,11,,,1,10,,25724,11,,,1,10,,25741,11,,,1,10,,25758,11,,,1,50,,25772,11,,,1,10,,25802,11,,,1,10,,25691,11,,,1,10,,25708,11,,,1,10,,25725,11,,,1,10,,25742,11,,,1,50,,25759,11,,,1,10,,25773,11,,,1,10,,25803,11,,,1,10,,25692,11,,,1,10,,25709,11,,,1,10,,25726,11,,,1
501,'GLOBAUX-01-I',543,,25871,11,,,1,10,,25902,11,,,1,50,,25915,11,,,1,10,,25804,11,,,1,10,,25821,11,,,1,10,,25838,11,,,1,10,,25855,11,,,1,10,,25872,11,,,1,50,,25903,11,,,1,10,,25916,11,,,1,10,,25805,11,,,1,10,,25822,11,,,1,10,,25839,11,,,1,10,,25856,11,,,1,50,,25873,11,,,1,10,,25904,11,,,1,10,,25917,11,,,1,10,,25806,11,,,1,10,,25823,11,,,1,10,,25840,11,,,1,50,,25857,11,,,1,9,,25874,11,,,1,9,,25888,11,,,1,8,,25905,11,,,1,9,,25918,11,,,1,8,,25807,11,,,1,9,,25824,11,,,1,48,,25841,11,,,1,9,,25858,11,,,1,8,,25875,11,,,1,9,,25889,11,,,1,8,,25906,11,,,1,9,,25919,11,,,1,8,,25808,11,,,1,49,,25825,11,,,1,8,,25842,11,,,1,9,,25859,11,,,1,8,,25876,11,,,1,9,,25890,11,,,1,8,,25907,11,,,1,9,,25920,11,,,1,48,,25809,11,,,1,9,,25826,11,,,1,8,,25843,11,,,1,9,,25860,11,,,1,8,,25877,11,,,1,9,,25891,11,,,1,8,,25908,11,,,1,49,,25921,11,,,1,8,,25810,11,,,1,9,,25827,11,,,1,8,,25844,11,,,1,9,,25861,11,,,1,8,,25878,11,,,1,9,,25892,11,,,1,48,,25909,11,,,1,9,,25922,11,,,1,8,,25811,11,,,1,9,,25828,11,,,1,8,,25845,11,,,1,9,,25862,11,,,1,8,,25879,11,,,1,49,,25893,11,,,1,8,,25910,11,,,1,9,,25923,11,,,1,8,,25812,11,,,1,9,,25829,11,,,1,8,,25846,11,,,1,9,,25863,11,,,1,48,,25880,11,,,1,9,,25894,11,,,1,8,,25911,11,,,1,9,,25924,11,,,1,8,,25813,11,,,1,9,,25830,11,,,1,8,,25847,11,,,1,49,,25864,11,,,1,8,,25881,11,,,1,9,,25895,11,,,1,8,,25912,11,,,1,9,,25925,11,,,1,8,,25814,11,,,1,9,,25831,11,,,1,8,,25848,11,,,1,49,,25865,11,,,1,8,,25882,11,,,1,9,,25896,11,,,1,8,,25913,11,,,1,9,,25926,11,,,1,8,,25815,11,,,1,9,,25832,11,,,1,48,,25849,11,,,1,9,,25866,11,,,1,8,,25883,11,,,1,9,,25897,11,,,1,8,,25914,11,,,1,8,,25927,11,,,1,9,,25816,11,,,1,50,,25833,11,,,1,10,,25850,11,,,1,10,,25867,11,,,1,10,,25884,11,,,1,10,,25898,11,,,1,10,,25928,11,,,1,50,,25817,11,,,1,10,,25834,11,,,1,10,,25851,11,,,1,10,,25868,11,,,1,10,,25885,11,,,1,10,,25899,11,,,1,50,,25929,11,,,1,10,,25818,11,,,1,10,,25835,11,,,1,10,,25852,11,,,1,10,,25869,11,,,1,10,,25886,11,,,1,50,,25900,11,,,1,10,,25930,11,,,1,10,,25819,11,,,1,10,,25836,11,,,1,10,,25853,11,,,1,10,,25870,11,,,1,50,,25887,11,,,1,10,,25901,11,,,1,10,,25931,11,,,1,10,,25820,11,,,1,10,,25837,11,,,1,10,,25854,11,,,1
501,'GLOBAUX-01-S',543,,26034,11,,,1,8,,26052,11,,,1,8,,26083,11,,,1,48,,26095,11,,,1,8,,25932,11,,,1,6,,25943,11,,,1,7,,25947,11,,,1,6,,25971,11,,,1,5,,25990,11,,,1,5,,26007,11,,,1,5,,26014,11,,,1,4,,26035,11,,,1,5,,26053,11,,,1,44,,26056,11,,,1,5,,26084,11,,,1,4,,26096,11,,,1,5,,26099,11,,,1,4,,26111,11,,,1,5,,25933,11,,,1,5,,25944,11,,,1,4,,25948,11,,,1,5,,25972,11,,,1,4,,25988,11,,,1,4,,25991,11,,,1,4,,26008,11,,,1,4,,26009,11,,,1,4,,26015,11,,,1,44,,26036,11,,,1,3,,26054,11,,,1,4,,26057,11,,,1,3,,26067,11,,,1,4,,26085,11,,,1,3,,26097,11,,,1,4,,26100,11,,,1,4,,26112,11,,,1,4,,25934,11,,,1,5,,25945,11,,,1,4,,25949,11,,,1,4,,25973,11,,,1,5,,25989,11,,,1,4,,25992,11,,,1,5,,26010,11,,,1,44,,26016,11,,,1,5,,26037,11,,,1,4,,26055,11,,,1,4,,26068,11,,,1,5,,26086,11,,,1,4,,26098,11,,,1,5,,26101,11,,,1,4,,26113,11,,,1,5,,25935,11,,,1,5,,25946,11,,,1,5,,25950,11,,,1,7,,25974,11,,,1,47,,25993,11,,,1,7,,26017,11,,,1,7,,26038,11,,,1,8,,26069,11,,,1,7,,26087,11,,,1,7,,26114,11,,,1,7,,25936,11,,,1,8,,25951,11,,,1,47,,25975,11,,,1,7,,25994,11,,,1,7,,26018,11,,,1,8,,26039,11,,,1,7,,26070,11,,,1,7,,26088,11,,,1,8,,26115,11,,,1,7,,25937,11,,,1,7,,25952,11,,,1,47,,25976,11,,,1,8,,25995,11,,,1,7,,26019,11,,,1,7,,26040,11,,,1,7,,26071,11,,,1,8,,26089,11,,,1,7,,26116,11,,,1,7,,25938,11,,,1,47,,25953,11,,,1,8,,25977,11,,,1,7,,25996,11,,,1,7,,26020,11,,,1,7,,26041,11,,,1,7,,26072,11,,,1,8,,26090,11,,,1,7,,26117,11,,,1,47,,25939,11,,,1,7,,25954,11,,,1,8,,25978,11,,,1,7,,25997,11,,,1,7,,26021,11,,,1,7,,26042,11,,,1,8,,26073,11,,,1,7,,26091,11,,,1,47,,26118,11,,,1,8,,25940,11,,,1,5,,25955,11,,,1,5,,25964,11,,,1,5,,25979,11,,,1,5,,25998,11,,,1,4,,26011,11,,,1,5,,26022,11,,,1,5,,26031,11,,,1,5,,26043,11,,,1,5,,26058,11,,,1,5,,26074,11,,,1,45,,26092,11,,,1,4,,26102,11,,,1,5,,26119,11,,,1,5,,25941,11,,,1,5,,25956,11,,,1,5,,25965,11,,,1,4,,25980,11,,,1,5,,25999,11,,,1,5,,26012,11,,,1,5,,26023,11,,,1,5,,26032,11,,,1,5,,26044,11,,,1,4,,26059,11,,,1,45,,26075,11,,,1,5,,26093,11,,,1,5,,26103,11,,,1,5,,26120,11,,,1,5,,25942,11,,,1,5,,25957,11,,,1,5,,25966,11,,,1,5,,25981,11,,,1,5,,26000,11,,,1,5,,26013,11,,,1,5,,26024,11,,,1,5,,26033,11,,,1,45,,26045,11,,,1,5,,26060,11,,,1,5,,26076,11,,,1,5,,26094,11,,,1,6,,26104,11,,,1,6,,26121,11,,,1,7,,25958,11,,,1,6,,25967,11,,,1,6,,25982,11,,,1,7,,26001,11,,,1,46,,26025,11,,,1,7,,26046,11,,,1,6,,26061,11,,,1,7,,26077,11,,,1,6,,26105,11,,,1,7,,26122,11,,,1,6,,25959,11,,,1,7,,25968,11,,,1,6,,25983,11,,,1,47,,26002,11,,,1,6,,26026,11,,,1,7,,26047,11,,,1,6,,26062,11,,,1,7,,26078,11,,,1,6,,26106,11,,,1,7,,26123,11,,,1,6,,25960,11,,,1,7,,25969,11,,,1,46,,25984,11,,,1,7,,26003,11,,,1,6,,26027,11,,,1,7,,26048,11,,,1,6,,26063,11,,,1,7,,26079,11,,,1,6,,26107,11,,,1,7,,26124,11,,,1,6,,25961,11,,,1,7,,25970,11,,,1,46,,25985,11,,,1,7,,26004,11,,,1,7,,26028,11,,,1,8,,26049,11,,,1,8,,26064,11,,,1,8,,26080,11,,,1,8,,26108,11,,,1,7,,25962,11,,,1,48,,25986,11,,,1,8,,26005,11,,,1,8,,26029,11,,,1,8,,26050,11,,,1,8,,26065,11,,,1,8,,26081,11,,,1,8,,26109,11,,,1,48,,25963,11,,,1,8,,25987,11,,,1,8,,26006,11,,,1,8,,26030,11,,,1,8,,26051,11,,,1,8,,26066,11,,,1,8,,26082,11,,,1,8,,26110,11,,,1
