200,'GLOBAUX-01-A',542,,21847,9,,,1,10,,21851,9,,,1,50,,21872,9,,,1,10,,21881,9,,,1,9,,21890,9,,,1,10,,21905,9,,,1,10,,21919,9,,,1,10,,21927,9,,,1,49,,21933,9,,,1,10,,21941,9,,,1,10,,21952,9,,,1,9,,21960,9,,,1,10,,21811,9,,,1,9,,21825,9,,,1,9,,21839,9,,,1,49,,21848,9,,,1,9,,21852,9,,,1,9,,21860,9,,,1,8,,21873,9,,,1,9,,21882,9,,,1,9,,21891,9,,,1,8,,21898,9,,,1,49,,21906,9,,,1,8,,21913,9,,,1,9,,21920,9,,,1,8,,21934,9,,,1,9,,21942,9,,,1,8,,21953,9,,,1,9,,21961,9,,,1,48,,21812,9,,,1,9,,21826,9,,,1,8,,21840,9,,,1,9,,21849,9,,,1,8,,21853,9,,,1,9,,21861,9,,,1,8,,21874,9,,,1,49,,21883,9,,,1,8,,21892,9,,,1,8,,21899,9,,,1,8,,21907,9,,,1,7,,21914,9,,,1,8,,21921,9,,,1,8,,21935,9,,,1,47,,21943,9,,,1,8,,21954,9,,,1,8,,21962,9,,,1,7,,21813,9,,,1,8,,21819,9,,,1,7,,21827,9,,,1,8,,21841,9,,,1,7,,21850,9,,,1,47,,21854,9,,,1,8,,21862,9,,,1,7,,21866,9,,,1,7,,21875,9,,,1,6,,21884,9,,,1,7,,21893,9,,,1,6,,21900,9,,,1,7,,21908,9,,,1,6,,21915,9,,,1,47,,21922,9,,,1,6,,21928,9,,,1,6,,21936,9,,,1,7,,21944,9,,,1,6,,21947,9,,,1,7,,21955,9,,,1,6,,21963,9,,,1,7,,21814,9,,,1,6,,21820,9,,,1,6,,21828,9,,,1,47,,21833,9,,,1,6,,21842,9,,,1,7,,21855,9,,,1,6,,21863,9,,,1,7,,21867,9,,,1,6,,21876,9,,,1,7,,21885,9,,,1,6,,21894,9,,,1,6,,21901,9,,,1,47,,21909,9,,,1,6,,21916,9,,,1,7,,21923,9,,,1,6,,21929,9,,,1,7,,21937,9,,,1,6,,21945,9,,,1,6,,21948,9,,,1,7,,21956,9,,,1,6,,21964,9,,,1,47,,21815,9,,,1,6,,21821,9,,,1,6,,21829,9,,,1,7,,21834,9,,,1,6,,21843,9,,,1,7,,21856,9,,,1,6,,21864,9,,,1,6,,21868,9,,,1,7,,21877,9,,,1,6,,21886,9,,,1,47,,21895,9,,,1,6,,21902,9,,,1,6,,21910,9,,,1,7,,21917,9,,,1,6,,21924,9,,,1,7,,21930,9,,,1,6,,21938,9,,,1,6,,21946,9,,,1,7,,21949,9,,,1,46,,21957,9,,,1,7,,21965,9,,,1,6,,21816,9,,,1,6,,21822,9,,,1,7,,21830,9,,,1,6,,21835,9,,,1,7,,21844,9,,,1,7,,21857,9,,,1,7,,21865,9,,,1,48,,21869,9,,,1,7,,21878,9,,,1,8,,21887,9,,,1,7,,21896,9,,,1,7,,21903,9,,,1,8,,21911,9,,,1,7,,21918,9,,,1,8,,21925,9,,,1,47,,21931,9,,,1,7,,21939,9,,,1,8,,21950,9,,,1,7,,21958,9,,,1,8,,21817,9,,,1,8,,21823,9,,,1,7,,21831,9,,,1,8,,21836,9,,,1,48,,21845,9,,,1,9,,21858,9,,,1,8,,21870,9,,,1,9,,21879,9,,,1,9,,21888,9,,,1,9,,21897,9,,,1,9,,21904,9,,,1,49,,21912,9,,,1,10,,21926,9,,,1,9,,21932,9,,,1,10,,21940,9,,,1,9,,21951,9,,,1,10,,21959,9,,,1,49,,21818,9,,,1,10,,21832,9,,,1,10,,21837,9,,,1,10,,21846,9,,,1,10,,21859,9,,,1,10,,21871,9,,,1,50,,21880,9,,,1,10,,21889,9,,,1
200,'GLOBAUX-01-F1',542,,22001,9,,,1,9,,22009,9,,,1,50,,22017,9,,,1,9,,22025,9,,,1,9,,22031,9,,,1,9,,22043,9,,,1,10,,22047,9,,,1,9,,22062,9,,,1,9,,22074,9,,,1,49,,22082,9,,,1,10,,22090,9,,,1,9,,22095,9,,,1,9,,21966,9,,,1,9,,21975,9,,,1,10,,21993,9,,,1,49,,22002,9,,,1,9,,22010,9,,,1,9,,22018,9,,,1,10,,22026,9,,,1,9,,22032,9,,,1,9,,22044,9,,,1,9,,22048,9,,,1,49,,22055,9,,,1,9,,22063,9,,,1,8,,22075,9,,,1,9,,22083,9,,,1,8,,22091,9,,,1,9,,22096,9,,,1,8,,21967,9,,,1,49,,21976,9,,,1,9,,21986,9,,,1,8,,21994,9,,,1,9,,22003,9,,,1,8,,22011,9,,,1,9,,22019,9,,,1,9,,22027,9,,,1,48,,22033,9,,,1,9,,22045,9,,,1,8,,22049,9,,,1,9,,22056,9,,,1,8,,22064,9,,,1,9,,22076,9,,,1,9,,22084,9,,,1,48,,22092,9,,,1,9,,22097,9,,,1,8,,21968,9,,,1,9,,21977,9,,,1,8,,21987,9,,,1,8,,21995,9,,,1,7,,22004,9,,,1,48,,22012,9,,,1,8,,22020,9,,,1,8,,22028,9,,,1,8,,22034,9,,,1,8,,22046,9,,,1,8,,22050,9,,,1,8,,22057,9,,,1,8,,22065,9,,,1,48,,22070,9,,,1,7,,22077,9,,,1,7,,22085,9,,,1,7,,22093,9,,,1,6,,22098,9,,,1,7,,22103,9,,,1,7,,21969,9,,,1,7,,21978,9,,,1,47,,21981,9,,,1,7,,21988,9,,,1,6,,21996,9,,,1,7,,22005,9,,,1,7,,22013,9,,,1,7,,22021,9,,,1,7,,22029,9,,,1,7,,22035,9,,,1,6,,22039,9,,,1,47,,22051,9,,,1,7,,22058,9,,,1,7,,22066,9,,,1,7,,22071,9,,,1,7,,22078,9,,,1,6,,22086,9,,,1,7,,22094,9,,,1,7,,22099,9,,,1,7,,22104,9,,,1,47,,21970,9,,,1,7,,21979,9,,,1,6,,21982,9,,,1,7,,21989,9,,,1,7,,21997,9,,,1,7,,22006,9,,,1,8,,22014,9,,,1,7,,22022,9,,,1,47,,22030,9,,,1,8,,22036,9,,,1,7,,22040,9,,,1,7,,22052,9,,,1,8,,22059,9,,,1,7,,22067,9,,,1,7,,22072,9,,,1,8,,22079,9,,,1,7,,22087,9,,,1,48,,22100,9,,,1,8,,22105,9,,,1,8,,21971,9,,,1,8,,21980,9,,,1,8,,21983,9,,,1,7,,21990,9,,,1,8,,21998,9,,,1,48,,22007,9,,,1,8,,22015,9,,,1,8,,22023,9,,,1,8,,22037,9,,,1,8,,22041,9,,,1,8,,22053,9,,,1,8,,22060,9,,,1,8,,22068,9,,,1,48,,22073,9,,,1,8,,22080,9,,,1,8,,22088,9,,,1,9,,22101,9,,,1,8,,22106,9,,,1,9,,21972,9,,,1,8,,21984,9,,,1,49,,21991,9,,,1,8,,21999,9,,,1,9,,22008,9,,,1,10,,22016,9,,,1,10,,22024,9,,,1,10,,22038,9,,,1,50,,22042,9,,,1,10,,22054,9,,,1,10,,22061,9,,,1,10,,22069,9,,,1,10,,22081,9,,,1,10,,22089,9,,,1,50,,22102,9,,,1,10,,22107,9,,,1,10,,21973,9,,,1,10,,21985,9,,,1,10,,22000,9,,,1
200,'GLOBAUX-01-F2',542,,22143,9,,,1,9,,22151,9,,,1,50,,22159,9,,,1,9,,22167,9,,,1,9,,22173,9,,,1,9,,22185,9,,,1,10,,22189,9,,,1,9,,22204,9,,,1,9,,22216,9,,,1,49,,22224,9,,,1,10,,22232,9,,,1,9,,22237,9,,,1,9,,22108,9,,,1,9,,22117,9,,,1,10,,22135,9,,,1,49,,22144,9,,,1,9,,22152,9,,,1,9,,22160,9,,,1,10,,22168,9,,,1,9,,22174,9,,,1,9,,22186,9,,,1,9,,22190,9,,,1,49,,22197,9,,,1,9,,22205,9,,,1,8,,22217,9,,,1,9,,22225,9,,,1,8,,22233,9,,,1,9,,22238,9,,,1,8,,22109,9,,,1,49,,22118,9,,,1,9,,22128,9,,,1,8,,22136,9,,,1,9,,22145,9,,,1,8,,22153,9,,,1,9,,22161,9,,,1,9,,22169,9,,,1,48,,22175,9,,,1,9,,22187,9,,,1,8,,22191,9,,,1,9,,22198,9,,,1,8,,22206,9,,,1,9,,22218,9,,,1,9,,22226,9,,,1,48,,22234,9,,,1,9,,22239,9,,,1,8,,22110,9,,,1,9,,22119,9,,,1,8,,22129,9,,,1,8,,22137,9,,,1,7,,22146,9,,,1,48,,22154,9,,,1,8,,22162,9,,,1,8,,22170,9,,,1,8,,22176,9,,,1,8,,22188,9,,,1,8,,22192,9,,,1,8,,22199,9,,,1,8,,22207,9,,,1,48,,22212,9,,,1,7,,22219,9,,,1,7,,22227,9,,,1,7,,22235,9,,,1,6,,22240,9,,,1,7,,22245,9,,,1,7,,22111,9,,,1,7,,22120,9,,,1,47,,22123,9,,,1,7,,22130,9,,,1,6,,22138,9,,,1,7,,22147,9,,,1,7,,22155,9,,,1,7,,22163,9,,,1,7,,22171,9,,,1,7,,22177,9,,,1,6,,22181,9,,,1,47,,22193,9,,,1,7,,22200,9,,,1,7,,22208,9,,,1,7,,22213,9,,,1,7,,22220,9,,,1,6,,22228,9,,,1,7,,22236,9,,,1,7,,22241,9,,,1,7,,22246,9,,,1,47,,22112,9,,,1,7,,22121,9,,,1,6,,22124,9,,,1,7,,22131,9,,,1,7,,22139,9,,,1,7,,22148,9,,,1,8,,22156,9,,,1,7,,22164,9,,,1,47,,22172,9,,,1,8,,22178,9,,,1,7,,22182,9,,,1,7,,22194,9,,,1,8,,22201,9,,,1,7,,22209,9,,,1,7,,22214,9,,,1,8,,22221,9,,,1,7,,22229,9,,,1,48,,22242,9,,,1,8,,22247,9,,,1,8,,22113,9,,,1,8,,22122,9,,,1,8,,22125,9,,,1,7,,22132,9,,,1,8,,22140,9,,,1,48,,22149,9,,,1,8,,22157,9,,,1,8,,22165,9,,,1,8,,22179,9,,,1,8,,22183,9,,,1,8,,22195,9,,,1,8,,22202,9,,,1,8,,22210,9,,,1,48,,22215,9,,,1,8,,22222,9,,,1,8,,22230,9,,,1,9,,22243,9,,,1,8,,22248,9,,,1,9,,22114,9,,,1,8,,22126,9,,,1,49,,22133,9,,,1,8,,22141,9,,,1,9,,22150,9,,,1,10,,22158,9,,,1,10,,22166,9,,,1,10,,22180,9,,,1,50,,22184,9,,,1,10,,22196,9,,,1,10,,22203,9,,,1,10,,22211,9,,,1,10,,22223,9,,,1,10,,22231,9,,,1,50,,22244,9,,,1,10,,22249,9,,,1,10,,22115,9,,,1,10,,22127,9,,,1,10,,22142,9,,,1
200,'GLOBAUX-01-I',542,,22285,9,,,1,9,,22293,9,,,1,50,,22301,9,,,1,9,,22309,9,,,1,9,,22315,9,,,1,9,,22327,9,,,1,10,,22331,9,,,1,9,,22346,9,,,1,9,,22358,9,,,1,49,,22366,9,,,1,10,,22374,9,,,1,9,,22379,9,,,1,9,,22250,9,,,1,9,,22259,9,,,1,10,,22277,9,,,1,49,,22286,9,,,1,9,,22294,9,,,1,9,,22302,9,,,1,10,,22310,9,,,1,9,,22316,9,,,1,9,,22328,9,,,1,9,,22332,9,,,1,49,,22339,9,,,1,9,,22347,9,,,1,8,,22359,9,,,1,9,,22367,9,,,1,8,,22375,9,,,1,9,,22380,9,,,1,8,,22251,9,,,1,49,,22260,9,,,1,9,,22270,9,,,1,8,,22278,9,,,1,9,,22287,9,,,1,8,,22295,9,,,1,9,,22303,9,,,1,9,,22311,9,,,1,48,,22317,9,,,1,9,,22329,9,,,1,8,,22333,9,,,1,9,,22340,9,,,1,8,,22348,9,,,1,9,,22360,9,,,1,9,,22368,9,,,1,48,,22376,9,,,1,9,,22381,9,,,1,8,,22252,9,,,1,9,,22261,9,,,1,8,,22271,9,,,1,8,,22279,9,,,1,7,,22288,9,,,1,48,,22296,9,,,1,8,,22304,9,,,1,8,,22312,9,,,1,8,,22318,9,,,1,8,,22330,9,,,1,8,,22334,9,,,1,8,,22341,9,,,1,8,,22349,9,,,1,48,,22354,9,,,1,7,,22361,9,,,1,7,,22369,9,,,1,7,,22377,9,,,1,6,,22382,9,,,1,7,,22387,9,,,1,7,,22253,9,,,1,7,,22262,9,,,1,47,,22265,9,,,1,7,,22272,9,,,1,6,,22280,9,,,1,7,,22289,9,,,1,7,,22297,9,,,1,7,,22305,9,,,1,7,,22313,9,,,1,7,,22319,9,,,1,6,,22323,9,,,1,47,,22335,9,,,1,7,,22342,9,,,1,7,,22350,9,,,1,7,,22355,9,,,1,7,,22362,9,,,1,6,,22370,9,,,1,7,,22378,9,,,1,7,,22383,9,,,1,7,,22388,9,,,1,47,,22254,9,,,1,7,,22263,9,,,1,6,,22266,9,,,1,7,,22273,9,,,1,7,,22281,9,,,1,7,,22290,9,,,1,8,,22298,9,,,1,7,,22306,9,,,1,47,,22314,9,,,1,8,,22320,9,,,1,7,,22324,9,,,1,7,,22336,9,,,1,8,,22343,9,,,1,7,,22351,9,,,1,7,,22356,9,,,1,8,,22363,9,,,1,7,,22371,9,,,1,48,,22384,9,,,1,8,,22389,9,,,1,8,,22255,9,,,1,8,,22264,9,,,1,8,,22267,9,,,1,7,,22274,9,,,1,8,,22282,9,,,1,48,,22291,9,,,1,8,,22299,9,,,1,8,,22307,9,,,1,8,,22321,9,,,1,8,,22325,9,,,1,8,,22337,9,,,1,8,,22344,9,,,1,8,,22352,9,,,1,48,,22357,9,,,1,8,,22364,9,,,1,8,,22372,9,,,1,9,,22385,9,,,1,8,,22390,9,,,1,9,,22256,9,,,1,8,,22268,9,,,1,49,,22275,9,,,1,8,,22283,9,,,1,9,,22292,9,,,1,10,,22300,9,,,1,10,,22308,9,,,1,10,,22322,9,,,1,50,,22326,9,,,1,10,,22338,9,,,1,10,,22345,9,,,1,10,,22353,9,,,1,10,,22365,9,,,1,10,,22373,9,,,1,50,,22386,9,,,1,10,,22391,9,,,1,10,,22257,9,,,1,10,,22269,9,,,1,10,,22284,9,,,1
200,'GLOBAUX-01-S',542,,22463,9,,,1,6,,22473,9,,,1,6,,22483,9,,,1,46,,22498,9,,,1,6,,22509,9,,,1,6,,22518,9,,,1,6,,22532,9,,,1,6,,22534,9,,,1,5,,22554,9,,,1,5,,22571,9,,,1,5,,22573,9,,,1,5,,22580,9,,,1,5,,22582,9,,,1,4,,22594,9,,,1,4,,22600,9,,,1,44,,22606,9,,,1,4,,22607,9,,,1,4,,22613,9,,,1,3,,22622,9,,,1,3,,22392,9,,,1,4,,22393,9,,,1,3,,22403,9,,,1,4,,22411,9,,,1,3,,22412,9,,,1,4,,22421,9,,,1,3,,22423,9,,,1,3,,22428,9,,,1,4,,22436,9,,,1,3,,22444,9,,,1,3,,22456,9,,,1,4,,22461,9,,,1,3,,22462,9,,,1,3,,22464,9,,,1,43,,22474,9,,,1,4,,22484,9,,,1,3,,22492,9,,,1,3,,22494,9,,,1,3,,22499,9,,,1,4,,22504,9,,,1,3,,22510,9,,,1,3,,22515,9,,,1,3,,22519,9,,,1,4,,22527,9,,,1,3,,22533,9,,,1,3,,22535,9,,,1,3,,22540,9,,,1,4,,22555,9,,,1,3,,22564,9,,,1,3,,22572,9,,,1,4,,22574,9,,,1,4,,22575,9,,,1,43,,22583,9,,,1,4,,22590,9,,,1,4,,22595,9,,,1,3,,22601,9,,,1,4,,22608,9,,,1,4,,22614,9,,,1,4,,22623,9,,,1,4,,22630,9,,,1,4,,22394,9,,,1,4,,22404,9,,,1,4,,22413,9,,,1,4,,22420,9,,,1,4,,22424,9,,,1,5,,22437,9,,,1,5,,22445,9,,,1,45,,22457,9,,,1,6,,22465,9,,,1,6,,22475,9,,,1,6,,22485,9,,,1,6,,22495,9,,,1,6,,22505,9,,,1,6,,22511,9,,,1,6,,22520,9,,,1,6,,22528,9,,,1,6,,22541,9,,,1,46,,22556,9,,,1,6,,22565,9,,,1,6,,22576,9,,,1,6,,22584,9,,,1,6,,22596,9,,,1,6,,22602,9,,,1,6,,22615,9,,,1,6,,22624,9,,,1,6,,22395,9,,,1,6,,22405,9,,,1,46,,22414,9,,,1,6,,22425,9,,,1,6,,22438,9,,,1,6,,22446,9,,,1,6,,22458,9,,,1,6,,22466,9,,,1,6,,22476,9,,,1,6,,22486,9,,,1,6,,22496,9,,,1,6,,22506,9,,,1,46,,22512,9,,,1,6,,22521,9,,,1,6,,22529,9,,,1,6,,22542,9,,,1,6,,22557,9,,,1,6,,22566,9,,,1,6,,22577,9,,,1,6,,22585,9,,,1,6,,22597,9,,,1,6,,22603,9,,,1,46,,22616,9,,,1,6,,22625,9,,,1,6,,22396,9,,,1,6,,22406,9,,,1,6,,22415,9,,,1,6,,22426,9,,,1,6,,22439,9,,,1,6,,22447,9,,,1,6,,22459,9,,,1,6,,22467,9,,,1,45,,22477,9,,,1,5,,22487,9,,,1,5,,22497,9,,,1,4,,22500,9,,,1,5,,22507,9,,,1,4,,22513,9,,,1,5,,22516,9,,,1,4,,22522,9,,,1,3,,22530,9,,,1,4,,22536,9,,,1,3,,22543,9,,,1,4,,22547,9,,,1,3,,22558,9,,,1,3,,22562,9,,,1,3,,22567,9,,,1,43,,22578,9,,,1,3,,22581,9,,,1,3,,22586,9,,,1,3,,22591,9,,,1,3,,22598,9,,,1,2,,22604,9,,,1,3,,22609,9,,,1,3,,22617,9,,,1,3,,22618,9,,,1,3,,22626,9,,,1,3,,22397,9,,,1,3,,22398,9,,,1,3,,22399,9,,,1,3,,22400,9,,,1,3,,22407,9,,,1,3,,22416,9,,,1,3,,22422,9,,,1,2,,22427,9,0,5,1,3,,22429,9,,,1,3,,22433,9,,,1,3,,22440,9,,,1,43,,22448,9,0,5,1,3,,22449,9,,,1,3,,22453,9,,,1,3,,22460,9,,,1,3,,22468,9,0,5,1,3,,22469,9,,,1,3,,22478,9,,,1,3,,22482,9,0,5,1,2,,22488,9,,,1,3,,22493,9,0,5,1,3,,22501,9,,,1,4,,22508,9,,,1,3,,22514,9,,,1,3,,22517,9,,,1,4,,22523,9,,,1,3,,22531,9,,,1,3,,22537,9,,,1,4,,22544,9,,,1,3,,22548,9,,,1,44,,22551,9,,,1,4,,22559,9,,,1,4,,22563,9,,,1,4,,22568,9,,,1,4,,22579,9,,,1,4,,22587,9,,,1,4,,22592,9,,,1,3,,22599,9,,,1,4,,22605,9,,,1,4,,22610,9,,,1,5,,22619,9,,,1,4,,22627,9,,,1,5,,22401,9,,,1,5,,22408,9,,,1,45,,22417,9,,,1,5,,22430,9,,,1,6,,22434,9,,,1,6,,22441,9,,,1,6,,22450,9,,,1,6,,22454,9,,,1,6,,22470,9,,,1,6,,22479,9,,,1,6,,22489,9,,,1,6,,22502,9,,,1,46,,22524,9,,,1,6,,22538,9,,,1,6,,22545,9,,,1,6,,22549,9,,,1,6,,22552,9,,,1,6,,22560,9,,,1,6,,22569,9,,,1,6,,22588,9,,,1,6,,22593,9,,,1,6,,22611,9,,,1,46,,22620,9,,,1,6,,22628,9,,,1,6,,22402,9,,,1,6,,22409,9,,,1,6,,22418,9,,,1,6,,22431,9,,,1,6,,22435,9,,,1,6,,22442,9,,,1,6,,22451,9,,,1,6,,22455,9,,,1,46,,22471,9,,,1,6,,22480,9,,,1,6,,22490,9,,,1,6,,22503,9,,,1,6,,22525,9,,,1,6,,22539,9,,,1,6,,22546,9,,,1,6,,22550,9,,,1,7,,22553,9,,,1,7,,22561,9,,,1,47,,22570,9,,,1,7,,22589,9,,,1,7,,22612,9,,,1,7,,22621,9,,,1,7,,22629,9,,,1,7,,22410,9,,,1,8,,22419,9,,,1,8,,22432,9,,,1,48,,22443,9,,,1,8,,22452,9,,,1,8,,22472,9,,,1,8,,22481,9,,,1,8,,22491,9,,,1,8,,22526,9,,,1
201,'GLOBAUX-01-A',557,,22741,23,,,1,50,,22748,23,,,1,10,,22757,23,,,1,9,,22769,23,,,1,10,,22778,23,,,1,10,,22631,23,,,1,10,,22645,23,,,1,49,,22658,23,,,1,10,,22666,23,,,1,10,,22669,23,,,1,9,,22688,23,,,1,10,,22696,23,,,1,10,,22704,23,,,1,49,,22712,23,,,1,10,,22719,23,,,1,9,,22727,23,,,1,9,,22733,23,,,1,9,,22749,23,,,1,8,,22758,23,,,1,9,,22770,23,,,1,49,,22779,23,,,1,9,,22632,23,,,1,8,,22646,23,,,1,9,,22659,23,,,1,8,,22667,23,,,1,9,,22670,23,,,1,8,,22677,23,,,1,49,,22689,23,,,1,9,,22697,23,,,1,9,,22705,23,,,1,8,,22713,23,,,1,9,,22720,23,,,1,9,,22728,23,,,1,9,,22734,23,,,1,47,,22750,23,,,1,8,,22759,23,,,1,8,,22771,23,,,1,7,,22780,23,,,1,8,,22633,23,,,1,7,,22640,23,,,1,8,,22647,23,,,1,7,,22660,23,,,1,47,,22668,23,,,1,7,,22671,23,,,1,7,,22678,23,,,1,7,,22682,23,,,1,7,,22690,23,,,1,7,,22698,23,,,1,7,,22706,23,,,1,7,,22714,23,,,1,46,,22721,23,,,1,7,,22729,23,,,1,6,,22735,23,,,1,7,,22742,23,,,1,6,,22751,23,,,1,7,,22760,23,,,1,6,,22763,23,,,1,6,,22772,23,,,1,7,,22781,23,,,1,6,,22634,23,,,1,47,,22641,23,,,1,6,,22648,23,,,1,7,,22653,23,,,1,6,,22661,23,,,1,7,,22672,23,,,1,6,,22679,23,,,1,6,,22683,23,,,1,7,,22691,23,,,1,6,,22699,23,,,1,47,,22707,23,,,1,6,,22715,23,,,1,6,,22722,23,,,1,7,,22730,23,,,1,6,,22736,23,,,1,7,,22743,23,,,1,6,,22752,23,,,1,6,,22761,23,,,1,7,,22764,23,,,1,46,,22773,23,,,1,7,,22782,23,,,1,6,,22635,23,,,1,7,,22642,23,,,1,6,,22649,23,,,1,6,,22654,23,,,1,7,,22662,23,,,1,6,,22673,23,,,1,7,,22680,23,,,1,6,,22684,23,,,1,47,,22692,23,,,1,6,,22700,23,,,1,6,,22708,23,,,1,7,,22716,23,,,1,6,,22723,23,,,1,7,,22731,23,,,1,6,,22737,23,,,1,6,,22744,23,,,1,7,,22753,23,,,1,46,,22762,23,,,1,7,,22765,23,,,1,6,,22774,23,,,1,6,,22783,23,,,1,7,,22636,23,,,1,6,,22643,23,,,1,6,,22650,23,,,1,7,,22655,23,,,1,6,,22663,23,,,1,47,,22674,23,,,1,6,,22681,23,,,1,7,,22685,23,,,1,8,,22693,23,,,1,7,,22701,23,,,1,7,,22709,23,,,1,7,,22717,23,,,1,8,,22724,23,,,1,7,,22732,23,,,1,47,,22738,23,,,1,8,,22745,23,,,1,7,,22754,23,,,1,8,,22766,23,,,1,7,,22775,23,,,1,8,,22637,23,,,1,8,,22644,23,,,1,8,,22651,23,,,1,47,,22656,23,,,1,8,,22664,23,,,1,8,,22675,23,,,1,8,,22686,23,,,1,8,,22694,23,,,1,9,,22702,23,,,1,8,,22710,23,,,1,48,,22718,23,,,1,10,,22725,23,,,1,9,,22739,23,,,1,10,,22746,23,,,1,9,,22755,23,,,1,9,,22767,23,,,1,50,,22776,23,,,1,9,,22638,23,,,1,10,,22652,23,,,1,9,,22657,23,,,1,10,,22665,23,,,1,10,,22676,23,,,1,9,,22687,23,,,1,50,,22695,23,,,1,10,,22703,23,,,1,10,,22711,23,,,1,9,,22726,23,,,1,10,,22740,23,,,1,10,,22747,23,,,1,50,,22756,23,,,1,10,,22768,23,,,1,10,,22777,23,,,1,14,,22639,23,,,1
201,'GLOBAUX-01-F1',557,,22877,23,,,1,49,,22890,23,,,1,10,,22898,23,,,1,9,,22906,23,,,1,9,,22911,23,,,1,10,,22784,23,,,1,9,,22792,23,,,1,49,,22809,23,,,1,10,,22817,23,,,1,9,,22825,23,,,1,10,,22833,23,,,1,9,,22841,23,,,1,9,,22846,23,,,1,10,,22859,23,,,1,49,,22862,23,,,1,10,,22878,23,,,1,9,,22891,23,,,1,9,,22899,23,,,1,10,,22907,23,,,1,9,,22912,23,,,1,49,,22785,23,,,1,9,,22793,23,,,1,9,,22803,23,,,1,9,,22810,23,,,1,8,,22818,23,,,1,9,,22826,23,,,1,9,,22834,23,,,1,49,,22842,23,,,1,8,,22847,23,,,1,9,,22860,23,,,1,8,,22863,23,,,1,9,,22870,23,,,1,9,,22879,23,,,1,8,,22892,23,,,1,49,,22900,23,,,1,8,,22908,23,,,1,9,,22913,23,,,1,9,,22786,23,,,1,8,,22794,23,,,1,9,,22804,23,,,1,9,,22811,23,,,1,48,,22819,23,,,1,9,,22827,23,,,1,8,,22835,23,,,1,8,,22843,23,,,1,8,,22848,23,,,1,8,,22861,23,,,1,8,,22864,23,,,1,48,,22871,23,,,1,8,,22880,23,,,1,7,,22886,23,,,1,7,,22893,23,,,1,7,,22901,23,,,1,7,,22909,23,,,1,6,,22914,23,,,1,7,,22919,23,,,1,7,,22787,23,,,1,47,,22795,23,,,1,7,,22798,23,,,1,7,,22805,23,,,1,6,,22812,23,,,1,7,,22820,23,,,1,7,,22828,23,,,1,7,,22836,23,,,1,7,,22844,23,,,1,47,,22849,23,,,1,7,,22854,23,,,1,6,,22865,23,,,1,7,,22872,23,,,1,7,,22881,23,,,1,7,,22887,23,,,1,7,,22894,23,,,1,7,,22902,23,,,1,7,,22910,23,,,1,46,,22915,23,,,1,7,,22920,23,,,1,7,,22788,23,,,1,7,,22796,23,,,1,7,,22799,23,,,1,7,,22806,23,,,1,7,,22813,23,,,1,8,,22821,23,,,1,7,,22829,23,,,1,47,,22837,23,,,1,8,,22845,23,,,1,7,,22850,23,,,1,7,,22855,23,,,1,8,,22866,23,,,1,7,,22873,23,,,1,7,,22882,23,,,1,8,,22888,23,,,1,47,,22895,23,,,1,7,,22903,23,,,1,8,,22916,23,,,1,8,,22921,23,,,1,7,,22789,23,,,1,8,,22797,23,,,1,8,,22800,23,,,1,8,,22807,23,,,1,47,,22814,23,,,1,8,,22822,23,,,1,8,,22830,23,,,1,8,,22838,23,,,1,7,,22851,23,,,1,8,,22856,23,,,1,8,,22867,23,,,1,48,,22874,23,,,1,8,,22883,23,,,1,8,,22889,23,,,1,8,,22896,23,,,1,8,,22904,23,,,1,9,,22917,23,,,1,8,,22922,23,,,1,9,,22790,23,,,1,48,,22801,23,,,1,9,,22808,23,,,1,8,,22815,23,,,1,9,,22823,23,,,1,9,,22831,23,,,1,8,,22839,23,,,1,9,,22852,23,,,1,49,,22857,23,,,1,9,,22868,23,,,1,10,,22875,23,,,1,10,,22884,23,,,1,10,,22897,23,,,1,10,,22905,23,,,1,50,,22918,23,,,1,10,,22923,23,,,1,10,,22791,23,,,1,10,,22802,23,,,1,10,,22816,23,,,1,10,,22824,23,,,1,50,,22832,23,,,1,10,,22840,23,,,1,10,,22853,23,,,1,10,,22858,23,,,1,10,,22869,23,,,1,10,,22876,23,,,1,53,,22885,23,,,1
201,'GLOBAUX-01-F2',557,,23017,23,,,1,49,,23030,23,,,1,10,,23038,23,,,1,9,,23046,23,,,1,9,,23051,23,,,1,10,,22924,23,,,1,9,,22932,23,,,1,49,,22949,23,,,1,10,,22957,23,,,1,9,,22965,23,,,1,10,,22973,23,,,1,9,,22981,23,,,1,9,,22986,23,,,1,10,,22999,23,,,1,49,,23002,23,,,1,10,,23018,23,,,1,9,,23031,23,,,1,9,,23039,23,,,1,10,,23047,23,,,1,9,,23052,23,,,1,49,,22925,23,,,1,9,,22933,23,,,1,9,,22943,23,,,1,9,,22950,23,,,1,8,,22958,23,,,1,9,,22966,23,,,1,9,,22974,23,,,1,49,,22982,23,,,1,8,,22987,23,,,1,9,,23000,23,,,1,8,,23003,23,,,1,9,,23010,23,,,1,9,,23019,23,,,1,8,,23032,23,,,1,49,,23040,23,,,1,8,,23048,23,,,1,9,,23053,23,,,1,9,,22926,23,,,1,8,,22934,23,,,1,9,,22944,23,,,1,9,,22951,23,,,1,48,,22959,23,,,1,9,,22967,23,,,1,8,,22975,23,,,1,8,,22983,23,,,1,8,,22988,23,,,1,8,,23001,23,,,1,8,,23004,23,,,1,48,,23011,23,,,1,8,,23020,23,,,1,7,,23026,23,,,1,7,,23033,23,,,1,7,,23041,23,,,1,7,,23049,23,,,1,6,,23054,23,,,1,7,,23059,23,,,1,7,,22927,23,,,1,47,,22935,23,,,1,7,,22938,23,,,1,7,,22945,23,,,1,6,,22952,23,,,1,7,,22960,23,,,1,7,,22968,23,,,1,7,,22976,23,,,1,7,,22984,23,,,1,47,,22989,23,,,1,7,,22994,23,,,1,6,,23005,23,,,1,7,,23012,23,,,1,7,,23021,23,,,1,7,,23027,23,,,1,7,,23034,23,,,1,7,,23042,23,,,1,7,,23050,23,,,1,46,,23055,23,,,1,7,,23060,23,,,1,7,,22928,23,,,1,7,,22936,23,,,1,7,,22939,23,,,1,7,,22946,23,,,1,7,,22953,23,,,1,8,,22961,23,,,1,7,,22969,23,,,1,47,,22977,23,,,1,8,,22985,23,,,1,7,,22990,23,,,1,7,,22995,23,,,1,8,,23006,23,,,1,7,,23013,23,,,1,7,,23022,23,,,1,8,,23028,23,,,1,47,,23035,23,,,1,7,,23043,23,,,1,8,,23056,23,,,1,8,,23061,23,,,1,7,,22929,23,,,1,8,,22937,23,,,1,8,,22940,23,,,1,8,,22947,23,,,1,47,,22954,23,,,1,8,,22962,23,,,1,8,,22970,23,,,1,8,,22978,23,,,1,7,,22991,23,,,1,8,,22996,23,,,1,8,,23007,23,,,1,48,,23014,23,,,1,8,,23023,23,,,1,8,,23029,23,,,1,8,,23036,23,,,1,8,,23044,23,,,1,9,,23057,23,,,1,8,,23062,23,,,1,9,,22930,23,,,1,48,,22941,23,,,1,9,,22948,23,,,1,8,,22955,23,,,1,9,,22963,23,,,1,9,,22971,23,,,1,8,,22979,23,,,1,9,,22992,23,,,1,49,,22997,23,,,1,9,,23008,23,,,1,10,,23015,23,,,1,10,,23024,23,,,1,10,,23037,23,,,1,10,,23045,23,,,1,50,,23058,23,,,1,10,,23063,23,,,1,10,,22931,23,,,1,10,,22942,23,,,1,10,,22956,23,,,1,10,,22964,23,,,1,50,,22972,23,,,1,10,,22980,23,,,1,10,,22993,23,,,1,10,,22998,23,,,1,10,,23009,23,,,1,10,,23016,23,,,1,53,,23025,23,,,1
201,'GLOBAUX-01-I',557,,23157,23,,,1,49,,23170,23,,,1,10,,23178,23,,,1,9,,23186,23,,,1,9,,23191,23,,,1,10,,23064,23,,,1,9,,23072,23,,,1,49,,23089,23,,,1,10,,23097,23,,,1,9,,23105,23,,,1,10,,23113,23,,,1,9,,23121,23,,,1,9,,23126,23,,,1,10,,23139,23,,,1,49,,23142,23,,,1,10,,23158,23,,,1,9,,23171,23,,,1,9,,23179,23,,,1,10,,23187,23,,,1,9,,23192,23,,,1,49,,23065,23,,,1,9,,23073,23,,,1,9,,23083,23,,,1,9,,23090,23,,,1,8,,23098,23,,,1,9,,23106,23,,,1,9,,23114,23,,,1,49,,23122,23,,,1,8,,23127,23,,,1,9,,23140,23,,,1,8,,23143,23,,,1,9,,23150,23,,,1,9,,23159,23,,,1,8,,23172,23,,,1,49,,23180,23,,,1,8,,23188,23,,,1,9,,23193,23,,,1,9,,23066,23,,,1,8,,23074,23,,,1,9,,23084,23,,,1,9,,23091,23,,,1,48,,23099,23,,,1,9,,23107,23,,,1,8,,23115,23,,,1,8,,23123,23,,,1,8,,23128,23,,,1,8,,23141,23,,,1,8,,23144,23,,,1,48,,23151,23,,,1,8,,23160,23,,,1,7,,23166,23,,,1,7,,23173,23,,,1,7,,23181,23,,,1,7,,23189,23,,,1,6,,23194,23,,,1,7,,23199,23,,,1,7,,23067,23,,,1,47,,23075,23,,,1,7,,23078,23,,,1,7,,23085,23,,,1,6,,23092,23,,,1,7,,23100,23,,,1,7,,23108,23,,,1,7,,23116,23,,,1,7,,23124,23,,,1,47,,23129,23,,,1,7,,23134,23,,,1,6,,23145,23,,,1,7,,23152,23,,,1,7,,23161,23,,,1,7,,23167,23,,,1,7,,23174,23,,,1,7,,23182,23,,,1,7,,23190,23,,,1,46,,23195,23,,,1,7,,23200,23,,,1,7,,23068,23,,,1,7,,23076,23,,,1,7,,23079,23,,,1,7,,23086,23,,,1,7,,23093,23,,,1,8,,23101,23,,,1,7,,23109,23,,,1,47,,23117,23,,,1,8,,23125,23,,,1,7,,23130,23,,,1,7,,23135,23,,,1,8,,23146,23,,,1,7,,23153,23,,,1,7,,23162,23,,,1,8,,23168,23,,,1,47,,23175,23,,,1,7,,23183,23,,,1,8,,23196,23,,,1,8,,23201,23,,,1,7,,23069,23,,,1,8,,23077,23,,,1,8,,23080,23,,,1,8,,23087,23,,,1,47,,23094,23,,,1,8,,23102,23,,,1,8,,23110,23,,,1,8,,23118,23,,,1,7,,23131,23,,,1,8,,23136,23,,,1,8,,23147,23,,,1,48,,23154,23,,,1,8,,23163,23,,,1,8,,23169,23,,,1,8,,23176,23,,,1,8,,23184,23,,,1,9,,23197,23,,,1,8,,23202,23,,,1,9,,23070,23,,,1,48,,23081,23,,,1,9,,23088,23,,,1,8,,23095,23,,,1,9,,23103,23,,,1,9,,23111,23,,,1,8,,23119,23,,,1,9,,23132,23,,,1,49,,23137,23,,,1,9,,23148,23,,,1,10,,23155,23,,,1,10,,23164,23,,,1,10,,23177,23,,,1,10,,23185,23,,,1,50,,23198,23,,,1,10,,23203,23,,,1,10,,23071,23,,,1,10,,23082,23,,,1,10,,23096,23,,,1,10,,23104,23,,,1,50,,23112,23,,,1,10,,23120,23,,,1,10,,23133,23,,,1,10,,23138,23,,,1,10,,23149,23,,,1,10,,23156,23,,,1,53,,23165,23,,,1
201,'GLOBAUX-01-S',556,,23391,23,,,1,46,,23405,23,,,1,6,,23411,23,,,1,6,,23418,23,,,1,6,,23424,23,,,1,6,,23204,23,,,1,6,,23206,23,,,1,6,,23224,23,,,1,6,,23226,23,,,1,6,,23238,23,,,1,5,,23243,23,,,1,45,,23251,23,,,1,5,,23276,23,,,1,4,,23277,23,,,1,4,,23279,23,,,1,4,,23288,23,,,1,4,,23297,23,,,1,4,,23305,23,,,1,4,,23308,23,,,1,3,,23313,23,,,1,4,,23322,23,,,1,3,,23327,23,,,1,3,,23331,23,,,1,3,,23339,23,,,1,3,,23344,23,,,1,3,,23346,23,,,1,3,,23351,23,,,1,3,,23366,23,,,1,44,,23375,20,,,1,2,,23383,23,,,1,3,,23384,23,,,1,3,,23385,20,,,1,3,,23390,23,,,1,3,,23392,23,,,1,3,,23394,23,,,1,3,,23401,20,,,1,3,,23406,23,,,1,3,,23412,23,,,1,3,,23417,23,,,1,3,,23419,23,,,1,3,,23425,23,,,1,3,,23434,23,,,1,3,,23442,20,,,1,3,,23205,23,,,1,2,,23207,23,,,1,3,,23216,23,,,1,3,,23225,23,,,1,3,,23227,23,,,1,2,,23234,20,,,1,44,,23235,23,,,1,2,,23239,23,,,1,3,,23244,23,,,1,3,,23252,23,,,1,3,,23259,23,,,1,3,,23260,23,,,1,3,,23271,23,,,1,3,,23278,23,,,1,3,,23280,23,,,1,3,,23289,23,,,1,4,,23298,23,,,1,3,,23306,23,,,1,4,,23309,23,,,1,3,,23314,23,,,1,4,,23318,23,,,1,4,,23323,23,,,1,4,,23328,23,,,1,3,,23332,23,,,1,44,,23340,23,,,1,5,,23345,23,,,1,5,,23352,23,,,1,5,,23367,23,,,1,5,,23376,23,,,1,5,,23386,23,,,1,5,,23395,23,,,1,6,,23407,23,,,1,6,,23413,23,,,1,6,,23426,23,,,1,6,,23435,23,,,1,46,,23208,23,,,1,6,,23217,23,,,1,6,,23228,23,,,1,6,,23240,23,,,1,6,,23253,23,,,1,6,,23261,23,,,1,6,,23272,23,,,1,6,,23281,23,,,1,6,,23290,23,,,1,6,,23299,23,,,1,46,,23310,23,,,1,6,,23319,23,,,1,6,,23324,23,,,1,6,,23333,23,,,1,6,,23341,23,,,1,6,,23353,23,,,1,6,,23368,23,,,1,6,,23377,23,,,1,6,,23387,23,,,1,6,,23396,23,,,1,46,,23408,23,,,1,6,,23414,23,,,1,6,,23427,23,,,1,6,,23436,23,,,1,6,,23209,23,,,1,6,,23218,23,,,1,6,,23229,23,,,1,6,,23241,23,,,1,6,,23254,23,,,1,6,,23262,23,,,1,46,,23273,23,,,1,6,,23282,23,,,1,6,,23291,23,,,1,6,,23300,23,,,1,6,,23311,23,,,1,6,,23320,23,,,1,6,,23325,23,,,1,6,,23334,23,,,1,6,,23342,23,,,1,6,,23354,23,,,1,46,,23369,23,,,1,6,,23378,23,,,1,6,,23388,23,,,1,6,,23397,23,,,1,6,,23409,23,,,1,5,,23415,23,,,1,6,,23428,23,,,1,5,,23437,23,,,1,5,,23210,23,,,1,4,,23212,23,,,1,5,,23219,23,,,1,4,,23230,23,,,1,44,,23236,23,,,1,3,,23242,23,,,1,4,,23248,23,,,1,3,,23255,23,,,1,3,,23263,23,,,1,4,,23267,23,,,1,3,,23274,23,,,1,3,,23283,23,,,1,3,,23284,23,,,1,4,,23292,23,,,1,3,,23296,23,,,1,3,,23301,23,,,1,3,,23307,23,,,1,4,,23312,23,,,1,3,,23315,23,,,1,3,,23321,23,,,1,3,,23326,23,,,1,4,,23329,23,,,1,43,,23335,23,,,1,3,,23343,23,,,1,3,,23347,23,,,1,3,,23355,23,,,1,3,,23358,23,,,1,4,,23362,23,,,1,3,,23370,23,,,1,3,,23374,23,,,1,3,,23379,23,,,1,3,,23389,23,,,1,4,,23393,23,,,1,3,,23398,23,,,1,3,,23402,23,,,1,3,,23410,23,,,1,3,,23416,23,,,1,3,,23420,23,,,1,4,,23429,23,,,1,3,,23430,23,,,1,3,,23438,23,,,1,44,,23211,23,,,1,4,,23213,23,,,1,4,,23220,23,,,1,4,,23231,23,,,1,3,,23237,23,,,1,4,,23245,23,,,1,4,,23249,23,,,1,4,,23256,23,,,1,5,,23264,23,,,1,5,,23268,23,,,1,4,,23275,23,,,1,5,,23285,23,,,1,5,,23293,23,,,1,4,,23302,23,,,1,45,,23316,23,,,1,5,,23330,23,,,1,5,,23336,23,,,1,5,,23348,23,,,1,5,,23356,23,,,1,5,,23359,23,,,1,5,,23363,23,,,1,6,,23371,23,,,1,6,,23380,23,,,1,6,,23399,23,,,1,6,,23403,23,,,1,46,,23421,23,,,1,6,,23431,23,,,1,6,,23439,23,,,1,6,,23214,23,,,1,6,,23221,23,,,1,6,,23232,23,,,1,6,,23246,23,,,1,6,,23250,23,,,1,6,,23257,23,,,1,6,,23265,23,,,1,46,,23269,23,,,1,6,,23286,23,,,1,6,,23294,23,,,1,6,,23303,23,,,1,6,,23317,23,,,1,6,,23337,23,,,1,6,,23349,23,,,1,6,,23357,23,,,1,6,,23360,23,,,1,6,,23364,23,,,1,46,,23372,23,,,1,6,,23381,23,,,1,6,,23400,23,,,1,6,,23404,23,,,1,6,,23422,23,,,1,6,,23432,23,,,1,6,,23440,23,,,1,6,,23215,23,,,1,6,,23222,23,,,1,6,,23233,23,,,1,47,,23247,23,,,1,7,,23258,23,,,1,7,,23266,23,,,1,7,,23270,23,,,1,7,,23287,23,,,1,7,,23295,23,,,1,7,,23304,23,,,1,7,,23338,23,,,1,48,,23350,23,,,1,8,,23361,23,,,1,8,,23365,23,,,1,8,,23373,23,,,1,8,,23382,23,,,1,8,,23423,23,,,1,8,,23433,23,,,1,8,,23441,23,,,1,52,,23223,23,,,1
