100,'GLOBAUX-01-A',547,,20201,14,,,1,10,,20211,14,,,1,50,,20229,14,,,1,11,,20236,14,,,1,10,,20246,14,,,1,10,,20269,14,,,1,10,,20287,14,,,1,10,,20297,14,,,1,50,,20304,14,,,1,10,,20314,14,,,1,10,,20331,14,,,1,10,,20341,14,,,1,10,,20202,14,,,1,10,,20212,14,,,1,50,,20230,14,,,1,10,,20237,14,,,1,10,,20247,14,,,1,10,,20270,14,,,1,9,,20278,14,,,1,9,,20288,14,,,1,50,,20298,14,,,1,8,,20305,14,,,1,9,,20315,14,,,1,8,,20332,14,,,1,8,,20342,14,,,1,9,,20203,14,,,1,8,,20213,14,,,1,49,,20221,14,,,1,8,,20231,14,,,1,9,,20238,14,,,1,8,,20248,14,,,1,8,,20263,14,,,1,7,,20271,14,,,1,8,,20279,14,,,1,48,,20289,14,,,1,7,,20299,14,,,1,8,,20306,14,,,1,8,,20316,14,,,1,7,,20333,14,,,1,8,,20343,14,,,1,8,,20204,14,,,1,7,,20214,14,,,1,48,,20222,14,,,1,8,,20232,14,,,1,7,,20239,14,,,1,6,,20249,14,,,1,7,,20256,14,,,1,6,,20264,14,,,1,7,,20272,14,,,1,6,,20280,14,,,1,7,,20290,14,,,1,46,,20300,14,,,1,7,,20307,14,,,1,6,,20317,14,,,1,7,,20324,14,,,1,6,,20334,14,,,1,7,,20344,14,,,1,6,,20205,14,,,1,7,,20215,14,,,1,6,,20223,14,,,1,47,,20233,14,,,1,7,,20240,14,,,1,6,,20250,14,,,1,6,,20257,14,,,1,7,,20265,14,,,1,6,,20273,14,,,1,7,,20281,14,,,1,6,,20291,14,,,1,7,,20301,14,,,1,6,,20308,14,,,1,47,,20318,14,,,1,6,,20325,14,,,1,7,,20335,14,,,1,6,,20345,14,,,1,7,,20206,14,,,1,6,,20216,14,,,1,7,,20224,14,,,1,6,,20234,14,,,1,7,,20241,14,,,1,47,,20251,14,,,1,6,,20258,14,,,1,7,,20266,14,,,1,6,,20274,14,,,1,7,,20282,14,,,1,6,,20292,14,,,1,7,,20302,14,,,1,6,,20309,14,,,1,7,,20319,14,,,1,46,,20326,14,,,1,7,,20336,14,,,1,6,,20346,14,,,1,7,,20207,14,,,1,6,,20217,14,,,1,7,,20225,14,,,1,6,,20235,14,,,1,7,,20242,14,,,1,6,,20252,14,,,1,47,,20259,14,,,1,6,,20267,14,,,1,7,,20275,14,,,1,6,,20283,14,,,1,6,,20293,14,,,1,7,,20303,14,,,1,6,,20310,14,,,1,7,,20320,14,,,1,7,,20327,14,,,1,48,,20337,14,,,1,7,,20347,14,,,1,8,,20208,14,,,1,8,,20218,14,,,1,7,,20226,14,,,1,8,,20243,14,,,1,8,,20253,14,,,1,7,,20260,14,,,1,48,,20268,14,,,1,7,,20276,14,,,1,8,,20284,14,,,1,8,,20294,14,,,1,9,,20311,14,,,1,8,,20321,14,,,1,8,,20328,14,,,1,49,,20338,14,,,1,8,,20348,14,,,1,9,,20209,14,,,1,8,,20219,14,,,1,9,,20227,14,,,1,8,,20244,14,,,1,8,,20254,14,,,1,9,,20261,14,,,1,48,,20277,14,,,1,9,,20285,14,,,1,8,,20295,14,,,1,10,,20312,14,,,1,9,,20322,14,,,1,10,,20329,14,,,1,50,,20339,14,,,1,10,,20349,14,,,1,10,,20210,14,,,1,10,,20220,14,,,1,10,,20228,14,,,1,10,,20245,14,,,1,50,,20255,14,,,1,10,,20262,14,,,1,10,,20286,14,,,1,10,,20296,14,,,1,10,,20313,14,,,1,10,,20323,14,,,1,50,,20330,14,,,1,10,,20340,14,,,1,10,,20350,14,,,1
100,'GLOBAUX-01-F1',547,,20351,14,,,1,10,,20361,14,,,1,50,,20368,14,,,1,11,,20393,14,,,1,10,,20403,14,,,1,10,,20413,14,,,1,10,,20435,14,,,1,10,,20445,14,,,1,50,,20454,14,,,1,10,,20463,14,,,1,10,,20472,14,,,1,10,,20481,14,,,1,10,,20352,14,,,1,10,,20362,14,,,1,50,,20369,14,,,1,10,,20394,14,,,1,9,,20404,14,,,1,10,,20414,14,,,1,9,,20429,14,,,1,9,,20436,14,,,1,50,,20446,14,,,1,9,,20455,14,,,1,9,,20464,14,,,1,10,,20473,14,,,1,8,,20482,14,,,1,9,,20353,14,,,1,8,,20363,14,,,1,49,,20370,14,,,1,8,,20385,14,,,1,8,,20395,14,,,1,9,,20405,14,,,1,8,,20415,14,,,1,9,,20430,14,,,1,8,,20437,14,,,1,49,,20447,14,,,1,8,,20456,14,,,1,9,,20465,14,,,1,8,,20474,14,,,1,8,,20483,14,,,1,9,,20354,14,,,1,8,,20364,14,,,1,47,,20371,14,,,1,8,,20378,14,,,1,8,,20386,14,,,1,7,,20396,14,,,1,8,,20406,14,,,1,8,,20416,14,,,1,7,,20431,14,,,1,8,,20438,14,,,1,48,,20448,14,,,1,7,,20457,14,,,1,8,,20466,14,,,1,8,,20475,14,,,1,7,,20484,14,,,1,8,,20355,14,,,1,8,,20365,14,,,1,7,,20372,14,,,1,48,,20379,14,,,1,8,,20387,14,,,1,7,,20397,14,,,1,8,,20407,14,,,1,7,,20417,14,,,1,7,,20423,14,,,1,7,,20432,14,,,1,7,,20439,14,,,1,47,,20449,14,,,1,7,,20458,14,,,1,7,,20467,14,,,1,7,,20476,14,,,1,7,,20485,14,,,1,7,,20356,14,,,1,7,,20366,14,,,1,7,,20373,14,,,1,47,,20380,14,,,1,7,,20388,14,,,1,7,,20398,14,,,1,7,,20408,14,,,1,7,,20418,14,,,1,7,,20424,14,,,1,7,,20433,14,,,1,7,,20440,14,,,1,7,,20450,14,,,1,47,,20459,14,,,1,7,,20468,14,,,1,7,,20477,14,,,1,7,,20486,14,,,1,7,,20357,14,,,1,7,,20367,14,,,1,7,,20374,14,,,1,7,,20381,14,,,1,7,,20389,14,,,1,47,,20399,14,,,1,7,,20409,14,,,1,7,,20419,14,,,1,7,,20425,14,,,1,6,,20434,14,,,1,7,,20441,14,,,1,7,,20451,14,,,1,9,,20460,14,,,1,48,,20469,14,,,1,9,,20478,14,,,1,8,,20487,14,,,1,8,,20358,14,,,1,9,,20375,14,,,1,8,,20382,14,,,1,9,,20390,14,,,1,48,,20400,14,,,1,9,,20410,14,,,1,8,,20420,14,,,1,8,,20426,14,,,1,9,,20442,14,,,1,8,,20452,14,,,1,9,,20461,14,,,1,48,,20470,14,,,1,8,,20479,14,,,1,9,,20488,14,,,1,8,,20359,14,,,1,9,,20376,14,,,1,8,,20383,14,,,1,8,,20391,14,,,1,49,,20401,14,,,1,9,,20411,14,,,1,9,,20421,14,,,1,9,,20427,14,,,1,9,,20443,14,,,1,9,,20453,14,,,1,9,,20462,14,,,1,49,,20471,14,,,1,9,,20480,14,,,1,10,,20489,14,,,1,10,,20360,14,,,1,10,,20377,14,,,1,10,,20384,14,,,1,50,,20392,14,,,1,10,,20402,14,,,1,10,,20412,14,,,1,10,,20422,14,,,1,10,,20428,14,,,1,10,,20444,14,,,1
100,'GLOBAUX-01-F2',547,,20490,14,,,1,10,,20500,14,,,1,50,,20507,14,,,1,11,,20532,14,,,1,10,,20542,14,,,1,10,,20552,14,,,1,10,,20574,14,,,1,10,,20584,14,,,1,50,,20593,14,,,1,10,,20602,14,,,1,10,,20611,14,,,1,10,,20620,14,,,1,10,,20491,14,,,1,10,,20501,14,,,1,50,,20508,14,,,1,10,,20533,14,,,1,9,,20543,14,,,1,10,,20553,14,,,1,9,,20568,14,,,1,9,,20575,14,,,1,50,,20585,14,,,1,9,,20594,14,,,1,9,,20603,14,,,1,10,,20612,14,,,1,8,,20621,14,,,1,9,,20492,14,,,1,8,,20502,14,,,1,49,,20509,14,,,1,8,,20524,14,,,1,8,,20534,14,,,1,9,,20544,14,,,1,8,,20554,14,,,1,9,,20569,14,,,1,8,,20576,14,,,1,49,,20586,14,,,1,8,,20595,14,,,1,9,,20604,14,,,1,8,,20613,14,,,1,8,,20622,14,,,1,9,,20493,14,,,1,8,,20503,14,,,1,47,,20510,14,,,1,8,,20517,14,,,1,8,,20525,14,,,1,7,,20535,14,,,1,8,,20545,14,,,1,8,,20555,14,,,1,7,,20570,14,,,1,8,,20577,14,,,1,48,,20587,14,,,1,7,,20596,14,,,1,8,,20605,14,,,1,8,,20614,14,,,1,7,,20623,14,,,1,8,,20494,14,,,1,8,,20504,14,,,1,7,,20511,14,,,1,48,,20518,14,,,1,8,,20526,14,,,1,7,,20536,14,,,1,8,,20546,14,,,1,7,,20556,14,,,1,7,,20562,14,,,1,7,,20571,14,,,1,7,,20578,14,,,1,47,,20588,14,,,1,7,,20597,14,,,1,7,,20606,14,,,1,7,,20615,14,,,1,7,,20624,14,,,1,7,,20495,14,,,1,7,,20505,14,,,1,7,,20512,14,,,1,47,,20519,14,,,1,7,,20527,14,,,1,7,,20537,14,,,1,7,,20547,14,,,1,7,,20557,14,,,1,7,,20563,14,,,1,7,,20572,14,,,1,7,,20579,14,,,1,7,,20589,14,,,1,47,,20598,14,,,1,7,,20607,14,,,1,7,,20616,14,,,1,7,,20625,14,,,1,7,,20496,14,,,1,7,,20506,14,,,1,7,,20513,14,,,1,7,,20520,14,,,1,7,,20528,14,,,1,47,,20538,14,,,1,7,,20548,14,,,1,7,,20558,14,,,1,7,,20564,14,,,1,6,,20573,14,,,1,7,,20580,14,,,1,7,,20590,14,,,1,9,,20599,14,,,1,48,,20608,14,,,1,9,,20617,14,,,1,8,,20626,14,,,1,8,,20497,14,,,1,9,,20514,14,,,1,8,,20521,14,,,1,9,,20529,14,,,1,48,,20539,14,,,1,9,,20549,14,,,1,8,,20559,14,,,1,8,,20565,14,,,1,9,,20581,14,,,1,8,,20591,14,,,1,9,,20600,14,,,1,48,,20609,14,,,1,8,,20618,14,,,1,9,,20627,14,,,1,8,,20498,14,,,1,9,,20515,14,,,1,8,,20522,14,,,1,8,,20530,14,,,1,49,,20540,14,,,1,9,,20550,14,,,1,9,,20560,14,,,1,9,,20566,14,,,1,9,,20582,14,,,1,9,,20592,14,,,1,9,,20601,14,,,1,49,,20610,14,,,1,9,,20619,14,,,1,10,,20628,14,,,1,10,,20499,14,,,1,10,,20516,14,,,1,10,,20523,14,,,1,50,,20531,14,,,1,10,,20541,14,,,1,10,,20551,14,,,1,10,,20561,14,,,1,10,,20567,14,,,1,10,,20583,14,,,1
100,'GLOBAUX-01-I',547,,20629,14,,,1,10,,20639,14,,,1,50,,20646,14,,,1,11,,20671,14,,,1,10,,20681,14,,,1,10,,20691,14,,,1,10,,20713,14,,,1,10,,20723,14,,,1,50,,20732,14,,,1,10,,20741,14,,,1,10,,20750,14,,,1,10,,20759,14,,,1,10,,20630,14,,,1,10,,20640,14,,,1,50,,20647,14,,,1,10,,20672,14,,,1,9,,20682,14,,,1,10,,20692,14,,,1,9,,20707,14,,,1,9,,20714,14,,,1,50,,20724,14,,,1,9,,20733,14,,,1,9,,20742,14,,,1,10,,20751,14,,,1,8,,20760,14,,,1,9,,20631,14,,,1,8,,20641,14,,,1,49,,20648,14,,,1,8,,20663,14,,,1,8,,20673,14,,,1,9,,20683,14,,,1,8,,20693,14,,,1,9,,20708,14,,,1,8,,20715,14,,,1,49,,20725,14,,,1,8,,20734,14,,,1,9,,20743,14,,,1,8,,20752,14,,,1,8,,20761,14,,,1,9,,20632,14,,,1,8,,20642,14,,,1,47,,20649,14,,,1,8,,20656,14,,,1,8,,20664,14,,,1,7,,20674,14,,,1,8,,20684,14,,,1,8,,20694,14,,,1,7,,20709,14,,,1,8,,20716,14,,,1,48,,20726,14,,,1,7,,20735,14,,,1,8,,20744,14,,,1,8,,20753,14,,,1,7,,20762,14,,,1,8,,20633,14,,,1,8,,20643,14,,,1,7,,20650,14,,,1,48,,20657,14,,,1,8,,20665,14,,,1,7,,20675,14,,,1,8,,20685,14,,,1,7,,20695,14,,,1,7,,20701,14,,,1,7,,20710,14,,,1,7,,20717,14,,,1,47,,20727,14,,,1,7,,20736,14,,,1,7,,20745,14,,,1,7,,20754,14,,,1,7,,20763,14,,,1,7,,20634,14,,,1,7,,20644,14,,,1,7,,20651,14,,,1,47,,20658,14,,,1,7,,20666,14,,,1,7,,20676,14,,,1,7,,20686,14,,,1,7,,20696,14,,,1,7,,20702,14,,,1,7,,20711,14,,,1,7,,20718,14,,,1,7,,20728,14,,,1,47,,20737,14,,,1,7,,20746,14,,,1,7,,20755,14,,,1,7,,20764,14,,,1,7,,20635,14,,,1,7,,20645,14,,,1,7,,20652,14,,,1,7,,20659,14,,,1,7,,20667,14,,,1,47,,20677,14,,,1,7,,20687,14,,,1,7,,20697,14,,,1,7,,20703,14,,,1,6,,20712,14,,,1,7,,20719,14,,,1,7,,20729,14,,,1,9,,20738,14,,,1,48,,20747,14,,,1,9,,20756,14,,,1,8,,20765,14,,,1,8,,20636,14,,,1,9,,20653,14,,,1,8,,20660,14,,,1,9,,20668,14,,,1,48,,20678,14,,,1,9,,20688,14,,,1,8,,20698,14,,,1,8,,20704,14,,,1,9,,20720,14,,,1,8,,20730,14,,,1,9,,20739,14,,,1,48,,20748,14,,,1,8,,20757,14,,,1,9,,20766,14,,,1,8,,20637,14,,,1,9,,20654,14,,,1,8,,20661,14,,,1,8,,20669,14,,,1,49,,20679,14,,,1,9,,20689,14,,,1,9,,20699,14,,,1,9,,20705,14,,,1,9,,20721,14,,,1,9,,20731,14,,,1,9,,20740,14,,,1,49,,20749,14,,,1,9,,20758,14,,,1,10,,20767,14,,,1,10,,20638,14,,,1,10,,20655,14,,,1,10,,20662,14,,,1,50,,20670,14,,,1,10,,20680,14,,,1,10,,20690,14,,,1,10,,20700,14,,,1,10,,20706,14,,,1,10,,20722,14,,,1
100,'GLOBAUX-01-S',548,,20768,14,,,1,7,,20796,14,,,1,46,,20806,14,,,1,7,,20826,14,,,1,7,,20848,14,,,1,7,,20852,14,,,1,6,,20859,14,,,1,7,,20870,14,,,1,5,,20876,14,,,1,4,,20893,14,,,1,4,,20902,14,,,1,4,,20905,14,,,1,4,,20913,14,,,1,44,,20930,14,,,1,3,,20936,14,,,1,3,,20946,14,,,1,3,,20948,14,,,1,4,,20950,14,,,1,3,,20952,14,,,1,3,,20968,14,,,1,3,,20977,14,,,1,4,,20979,14,,,1,3,,20997,14,,,1,3,,21003,14,,,1,4,,21004,14,,,1,3,,20769,14,,,1,3,,20787,14,,,1,3,,20789,14,,,1,4,,20797,14,,,1,3,,20807,14,,,1,3,,20808,14,,,1,3,,20809,14,,,1,43,,20811,14,,,1,3,,20812,14,,,1,3,,20827,14,,,1,3,,20833,14,,,1,3,,20839,14,,,1,3,,20849,14,,,1,3,,20853,14,,,1,3,,20860,14,,,1,3,,20865,14,,,1,3,,20871,14,,,1,3,,20877,14,,,1,4,,20894,14,,,1,3,,20903,14,,,1,3,,20906,14,,,1,3,,20912,14,,,1,3,,20914,14,,,1,3,,20931,14,,,1,4,,20937,14,,,1,3,,20947,14,,,1,43,,20949,14,,,1,3,,20951,14,,,1,4,,20955,14,,,1,3,,20960,14,,,1,4,,20969,14,,,1,3,,20978,14,,,1,4,,20984,14,,,1,4,,20998,14,,,1,3,,21005,14,,,1,4,,20770,14,,,1,4,,20780,14,,,1,5,,20790,14,,,1,5,,20798,14,,,1,5,,20810,14,,,1,5,,20813,14,,,1,45,,20828,14,,,1,6,,20840,14,,,1,6,,20854,14,,,1,6,,20866,14,,,1,6,,20878,14,,,1,6,,20895,14,,,1,6,,20907,14,,,1,6,,20915,14,,,1,6,,20932,14,,,1,6,,20938,14,,,1,46,,20956,14,,,1,6,,20961,14,,,1,6,,20970,14,,,1,6,,20985,14,,,1,6,,20999,14,,,1,6,,20771,14,,,1,6,,20781,14,,,1,6,,20791,14,,,1,6,,20799,14,,,1,6,,20814,14,,,1,46,,20829,14,,,1,6,,20841,14,,,1,6,,20855,14,,,1,6,,20867,14,,,1,6,,20879,14,,,1,6,,20896,14,,,1,6,,20908,14,,,1,6,,20916,14,,,1,6,,20933,14,,,1,6,,20939,14,,,1,46,,20957,14,,,1,6,,20962,14,,,1,6,,20971,14,,,1,6,,20986,14,,,1,6,,21000,14,,,1,6,,20772,14,,,1,6,,20782,14,,,1,6,,20792,14,,,1,6,,20800,14,,,1,6,,20815,14,,,1,46,,20830,14,,,1,6,,20842,14,,,1,6,,20856,14,,,1,6,,20868,14,,,1,6,,20880,14,,,1,6,,20897,14,,,1,6,,20909,14,,,1,6,,20917,14,,,1,6,,20934,14,,,1,6,,20940,14,,,1,46,,20958,14,,,1,6,,20963,14,,,1,6,,20972,14,,,1,5,,20987,14,,,1,5,,20989,14,,,1,4,,21001,14,,,1,4,,20773,14,,,1,4,,20775,14,,,1,4,,20783,14,,,1,4,,20793,14,,,1,4,,20795,14,,,1,4,,20801,14,,,1,4,,20816,14,,,1,3,,20821,14,,,1,43,,20831,14,,,1,4,,20834,14,,,1,3,,20843,14,,,1,3,,20850,14,,,1,3,,20857,14,,,1,4,,20869,14,,,1,3,,20872,14,,,1,3,,20881,14,,,1,3,,20886,14,,,1,3,,20891,14,,,1,3,,20898,14,,,1,3,,20904,14,,,1,3,,20910,14,,,1,2,,20918,14,,,1,3,,20923,14,,,1,3,,20925,14,,,1,3,,20935,14,,,1,2,,20941,14,,,1,3,,20953,14,,,1,3,,20954,14,,,1,43,,20959,14,,,1,2,,20964,14,,,1,3,,20973,14,,,1,3,,20980,14,,,1,3,,20983,14,,,1,2,,20988,14,,,1,3,,20990,14,,,1,3,,20993,14,,,1,3,,21002,14,,,1,2,,20774,14,,,1,3,,20776,14,,,1,3,,20784,14,,,1,3,,20788,14,,,1,4,,20794,14,,,1,3,,20802,14,,,1,3,,20817,14,,,1,4,,20822,14,,,1,3,,20832,14,,,1,4,,20835,14,,,1,4,,20844,14,,,1,43,,20851,14,,,1,4,,20858,14,,,1,3,,20861,14,,,1,4,,20873,14,,,1,4,,20882,14,,,1,4,,20887,14,,,1,4,,20892,14,,,1,4,,20899,14,,,1,4,,20911,14,,,1,4,,20919,14,,,1,4,,20924,14,,,1,5,,20926,14,,,1,4,,20942,14,,,1,5,,20965,14,,,1,46,,20974,14,,,1,6,,20981,14,,,1,5,,20991,14,,,1,6,,20994,14,,,1,6,,20777,14,,,1,6,,20785,14,,,1,6,,20803,14,,,1,6,,20818,14,,,1,6,,20823,14,,,1,6,,20836,14,,,1,46,,20845,14,,,1,6,,20862,14,,,1,6,,20874,14,,,1,6,,20883,14,,,1,6,,20888,14,,,1,6,,20900,14,,,1,6,,20920,14,,,1,6,,20927,14,,,1,7,,20943,14,,,1,6,,20966,14,,,1,46,,20975,14,,,1,6,,20982,14,,,1,6,,20992,14,,,1,6,,20995,14,,,1,6,,20778,14,,,1,6,,20786,14,,,1,6,,20804,14,,,1,6,,20819,14,,,1,6,,20824,14,,,1,6,,20837,14,,,1,46,,20846,14,,,1,6,,20863,14,,,1,6,,20875,14,,,1,6,,20884,14,,,1,7,,20889,14,,,1,6,,20901,14,,,1,7,,20921,14,,,1,6,,20928,14,,,1,8,,20944,14,,,1,48,,20967,14,,,1,8,,20976,14,,,1,8,,20996,14,,,1,8,,20779,14,,,1,8,,20805,14,,,1,8,,20820,14,,,1,8,,20825,14,,,1,8,,20838,14,,,1,48,,20847,14,,,1,8,,20864,14,,,1,8,,20885,14,,,1,8,,20890,14,,,1,8,,20922,14,,,1,8,,20929,14,,,1,7,,20945,14,,,1
101,'GLOBAUX-01-A',547,,21092,14,,,1,10,,21102,14,,,1,50,,21109,14,,,1,10,,21119,14,,,1,10,,21136,14,,,1,10,,21146,14,,,1,10,,21006,14,,,1,10,,21016,14,,,1,50,,21035,14,,,1,10,,21042,14,,,1,10,,21052,14,,,1,10,,21074,14,,,1,9,,21082,14,,,1,10,,21093,14,,,1,49,,21103,14,,,1,9,,21110,14,,,1,10,,21120,14,,,1,8,,21137,14,,,1,9,,21147,14,,,1,8,,21007,14,,,1,9,,21017,14,,,1,48,,21026,14,,,1,9,,21036,14,,,1,8,,21043,14,,,1,8,,21053,14,,,1,9,,21075,14,,,1,8,,21083,14,,,1,9,,21094,14,,,1,48,,21104,14,,,1,9,,21111,14,,,1,8,,21121,14,,,1,8,,21138,14,,,1,9,,21148,14,,,1,8,,21008,14,,,1,9,,21018,14,,,1,47,,21027,14,,,1,8,,21037,14,,,1,8,,21044,14,,,1,7,,21054,14,,,1,8,,21069,14,,,1,8,,21076,14,,,1,7,,21084,14,,,1,8,,21095,14,,,1,48,,21105,14,,,1,7,,21112,14,,,1,7,,21122,14,,,1,7,,21129,14,,,1,6,,21139,14,,,1,7,,21149,14,,,1,6,,21009,14,,,1,7,,21019,14,,,1,6,,21028,14,,,1,47,,21038,14,,,1,6,,21045,14,,,1,7,,21055,14,,,1,6,,21062,14,,,1,7,,21070,14,,,1,6,,21077,14,,,1,7,,21085,14,,,1,6,,21096,14,,,1,7,,21106,14,,,1,46,,21113,14,,,1,7,,21123,14,,,1,6,,21130,14,,,1,7,,21140,14,,,1,6,,21150,14,,,1,7,,21010,14,,,1,6,,21020,14,,,1,7,,21029,14,,,1,6,,21039,14,,,1,47,,21046,14,,,1,6,,21056,14,,,1,7,,21063,14,,,1,6,,21071,14,,,1,7,,21078,14,,,1,6,,21086,14,,,1,7,,21097,14,,,1,6,,21107,14,,,1,7,,21114,14,,,1,46,,21124,14,,,1,7,,21131,14,,,1,6,,21141,14,,,1,7,,21151,14,,,1,6,,21011,14,,,1,7,,21021,14,,,1,6,,21030,14,,,1,7,,21040,14,,,1,6,,21047,14,,,1,7,,21057,14,,,1,46,,21064,14,,,1,7,,21072,14,,,1,6,,21079,14,,,1,7,,21087,14,,,1,6,,21098,14,,,1,7,,21108,14,,,1,6,,21115,14,,,1,7,,21125,14,,,1,6,,21132,14,,,1,47,,21142,14,,,1,6,,21152,14,,,1,7,,21012,14,,,1,6,,21022,14,,,1,7,,21031,14,,,1,6,,21041,14,,,1,7,,21048,14,,,1,7,,21058,14,,,1,7,,21065,14,,,1,48,,21073,14,,,1,8,,21080,14,,,1,7,,21088,14,,,1,8,,21099,14,,,1,8,,21116,14,,,1,7,,21126,14,,,1,8,,21133,14,,,1,49,,21143,14,,,1,8,,21153,14,,,1,9,,21013,14,,,1,8,,21023,14,,,1,8,,21032,14,,,1,9,,21049,14,,,1,8,,21059,14,,,1,9,,21066,14,,,1,48,,21081,14,,,1,8,,21089,14,,,1,9,,21100,14,,,1,8,,21117,14,,,1,9,,21127,14,,,1,8,,21134,14,,,1,9,,21144,14,,,1,50,,21154,14,,,1,9,,21014,14,,,1,10,,21024,14,,,1,9,,21033,14,,,1,10,,21050,14,,,1,9,,21060,14,,,1,50,,21067,14,,,1,10,,21090,14,,,1,10,,21101,14,,,1,10,,21118,14,,,1,10,,21128,14,,,1,10,,21135,14,,,1,50,,21145,14,,,1,10,,21155,14,,,1,10,,21015,14,,,1,10,,21025,14,,,1,10,,21034,14,,,1,10,,21051,14,,,1,50,,21061,14,,,1,10,,21068,14,,,1,14,,21091,14,,,1
101,'GLOBAUX-01-F1',547,,21236,14,,,1,10,,21246,14,,,1,50,,21255,14,,,1,10,,21265,14,,,1,10,,21275,14,,,1,10,,21285,14,,,1,10,,21156,14,,,1,10,,21166,14,,,1,50,,21173,14,,,1,10,,21198,14,,,1,10,,21207,14,,,1,10,,21216,14,,,1,9,,21230,14,,,1,10,,21237,14,,,1,49,,21247,14,,,1,9,,21256,14,,,1,10,,21266,14,,,1,9,,21276,14,,,1,9,,21286,14,,,1,8,,21157,14,,,1,8,,21167,14,,,1,49,,21174,14,,,1,8,,21190,14,,,1,9,,21199,14,,,1,8,,21208,14,,,1,9,,21217,14,,,1,8,,21231,14,,,1,8,,21238,14,,,1,49,,21248,14,,,1,8,,21257,14,,,1,9,,21267,14,,,1,8,,21277,14,,,1,8,,21287,14,,,1,9,,21158,14,,,1,8,,21168,14,,,1,49,,21175,14,,,1,8,,21191,14,,,1,9,,21200,14,,,1,8,,21209,14,,,1,9,,21218,14,,,1,8,,21232,14,,,1,9,,21239,14,,,1,48,,21249,14,,,1,8,,21258,14,,,1,9,,21268,14,,,1,8,,21278,14,,,1,8,,21288,14,,,1,8,,21159,14,,,1,7,,21169,14,,,1,48,,21176,14,,,1,8,,21183,14,,,1,7,,21192,14,,,1,8,,21201,14,,,1,8,,21210,14,,,1,7,,21219,14,,,1,8,,21233,14,,,1,8,,21240,14,,,1,47,,21250,14,,,1,8,,21259,14,,,1,8,,21269,14,,,1,7,,21279,14,,,1,8,,21289,14,,,1,8,,21160,14,,,1,7,,21170,14,,,1,8,,21177,14,,,1,47,,21184,14,,,1,8,,21193,14,,,1,7,,21202,14,,,1,7,,21211,14,,,1,7,,21220,14,,,1,7,,21225,14,,,1,7,,21234,14,,,1,7,,21241,14,,,1,7,,21251,14,,,1,47,,21260,14,,,1,7,,21270,14,,,1,7,,21280,14,,,1,7,,21290,14,,,1,7,,21161,14,,,1,7,,21171,14,,,1,7,,21178,14,,,1,7,,21185,14,,,1,47,,21194,14,,,1,7,,21203,14,,,1,7,,21212,14,,,1,7,,21221,14,,,1,7,,21226,14,,,1,7,,21235,14,,,1,7,,21242,14,,,1,7,,21252,14,,,1,7,,21261,14,,,1,47,,21271,14,,,1,7,,21281,14,,,1,7,,21291,14,,,1,7,,21162,14,,,1,7,,21172,14,,,1,7,,21179,14,,,1,7,,21186,14,,,1,8,,21195,14,,,1,49,,21204,14,,,1,8,,21213,14,,,1,8,,21222,14,,,1,9,,21227,14,,,1,8,,21243,14,,,1,9,,21253,14,,,1,8,,21262,14,,,1,49,,21272,14,,,1,8,,21282,14,,,1,8,,21292,14,,,1,9,,21163,14,,,1,8,,21180,14,,,1,9,,21187,14,,,1,8,,21196,14,,,1,48,,21205,14,,,1,9,,21214,14,,,1,8,,21223,14,,,1,9,,21228,14,,,1,8,,21244,14,,,1,8,,21254,14,,,1,9,,21263,14,,,1,48,,21273,14,,,1,9,,21283,14,,,1,8,,21293,14,,,1,8,,21164,14,,,1,10,,21181,14,,,1,10,,21188,14,,,1,10,,21197,14,,,1,50,,21206,14,,,1,10,,21215,14,,,1,10,,21224,14,,,1,10,,21229,14,,,1,10,,21245,14,,,1,10,,21264,14,,,1,50,,21274,14,,,1,10,,21284,14,,,1,10,,21294,14,,,1,10,,21165,14,,,1,10,,21182,14,,,1,14,,21189,14,,,1
101,'GLOBAUX-01-F2',547,,21375,14,,,1,10,,21385,14,,,1,50,,21394,14,,,1,10,,21404,14,,,1,10,,21414,14,,,1,10,,21424,14,,,1,10,,21295,14,,,1,10,,21305,14,,,1,50,,21312,14,,,1,10,,21337,14,,,1,10,,21346,14,,,1,10,,21355,14,,,1,9,,21369,14,,,1,10,,21376,14,,,1,49,,21386,14,,,1,9,,21395,14,,,1,10,,21405,14,,,1,9,,21415,14,,,1,9,,21425,14,,,1,8,,21296,14,,,1,8,,21306,14,,,1,49,,21313,14,,,1,8,,21329,14,,,1,9,,21338,14,,,1,8,,21347,14,,,1,9,,21356,14,,,1,8,,21370,14,,,1,8,,21377,14,,,1,49,,21387,14,,,1,8,,21396,14,,,1,9,,21406,14,,,1,8,,21416,14,,,1,8,,21426,14,,,1,9,,21297,14,,,1,8,,21307,14,,,1,49,,21314,14,,,1,8,,21330,14,,,1,9,,21339,14,,,1,8,,21348,14,,,1,9,,21357,14,,,1,8,,21371,14,,,1,9,,21378,14,,,1,48,,21388,14,,,1,8,,21397,14,,,1,9,,21407,14,,,1,8,,21417,14,,,1,8,,21427,14,,,1,8,,21298,14,,,1,7,,21308,14,,,1,48,,21315,14,,,1,8,,21322,14,,,1,7,,21331,14,,,1,8,,21340,14,,,1,8,,21349,14,,,1,7,,21358,14,,,1,8,,21372,14,,,1,8,,21379,14,,,1,47,,21389,14,,,1,8,,21398,14,,,1,8,,21408,14,,,1,7,,21418,14,,,1,8,,21428,14,,,1,8,,21299,14,,,1,7,,21309,14,,,1,8,,21316,14,,,1,47,,21323,14,,,1,8,,21332,14,,,1,7,,21341,14,,,1,7,,21350,14,,,1,7,,21359,14,,,1,7,,21364,14,,,1,7,,21373,14,,,1,7,,21380,14,,,1,7,,21390,14,,,1,47,,21399,14,,,1,7,,21409,14,,,1,7,,21419,14,,,1,7,,21429,14,,,1,7,,21300,14,,,1,7,,21310,14,,,1,7,,21317,14,,,1,7,,21324,14,,,1,47,,21333,14,,,1,7,,21342,14,,,1,7,,21351,14,,,1,7,,21360,14,,,1,7,,21365,14,,,1,7,,21374,14,,,1,7,,21381,14,,,1,7,,21391,14,,,1,7,,21400,14,,,1,47,,21410,14,,,1,7,,21420,14,,,1,7,,21430,14,,,1,7,,21301,14,,,1,7,,21311,14,,,1,7,,21318,14,,,1,7,,21325,14,,,1,8,,21334,14,,,1,49,,21343,14,,,1,8,,21352,14,,,1,8,,21361,14,,,1,9,,21366,14,,,1,8,,21382,14,,,1,9,,21392,14,,,1,8,,21401,14,,,1,49,,21411,14,,,1,8,,21421,14,,,1,8,,21431,14,,,1,9,,21302,14,,,1,8,,21319,14,,,1,9,,21326,14,,,1,8,,21335,14,,,1,48,,21344,14,,,1,9,,21353,14,,,1,8,,21362,14,,,1,9,,21367,14,,,1,8,,21383,14,,,1,8,,21393,14,,,1,9,,21402,14,,,1,48,,21412,14,,,1,9,,21422,14,,,1,8,,21432,14,,,1,8,,21303,14,,,1,10,,21320,14,,,1,10,,21327,14,,,1,10,,21336,14,,,1,50,,21345,14,,,1,10,,21354,14,,,1,10,,21363,14,,,1,10,,21368,14,,,1,10,,21384,14,,,1,10,,21403,14,,,1,50,,21413,14,,,1,10,,21423,14,,,1,10,,21433,14,,,1,10,,21304,14,,,1,10,,21321,14,,,1,14,,21328,14,,,1
101,'GLOBAUX-01-I',547,,21514,14,,,1,10,,21524,14,,,1,50,,21533,14,,,1,10,,21543,14,,,1,10,,21553,14,,,1,10,,21563,14,,,1,10,,21434,14,,,1,10,,21444,14,,,1,50,,21451,14,,,1,10,,21476,14,,,1,10,,21485,14,,,1,10,,21494,14,,,1,9,,21508,14,,,1,10,,21515,14,,,1,49,,21525,14,,,1,9,,21534,14,,,1,10,,21544,14,,,1,9,,21554,14,,,1,9,,21564,14,,,1,8,,21435,14,,,1,8,,21445,14,,,1,49,,21452,14,,,1,8,,21468,14,,,1,9,,21477,14,,,1,8,,21486,14,,,1,9,,21495,14,,,1,8,,21509,14,,,1,8,,21516,14,,,1,49,,21526,14,,,1,8,,21535,14,,,1,9,,21545,14,,,1,8,,21555,14,,,1,8,,21565,14,,,1,9,,21436,14,,,1,8,,21446,14,,,1,49,,21453,14,,,1,8,,21469,14,,,1,9,,21478,14,,,1,8,,21487,14,,,1,9,,21496,14,,,1,8,,21510,14,,,1,9,,21517,14,,,1,48,,21527,14,,,1,8,,21536,14,,,1,9,,21546,14,,,1,8,,21556,14,,,1,8,,21566,14,,,1,8,,21437,14,,,1,7,,21447,14,,,1,48,,21454,14,,,1,8,,21461,14,,,1,7,,21470,14,,,1,8,,21479,14,,,1,8,,21488,14,,,1,7,,21497,14,,,1,8,,21511,14,,,1,8,,21518,14,,,1,47,,21528,14,,,1,8,,21537,14,,,1,8,,21547,14,,,1,7,,21557,14,,,1,8,,21567,14,,,1,8,,21438,14,,,1,7,,21448,14,,,1,8,,21455,14,,,1,47,,21462,14,,,1,8,,21471,14,,,1,7,,21480,14,,,1,7,,21489,14,,,1,7,,21498,14,,,1,7,,21503,14,,,1,7,,21512,14,,,1,7,,21519,14,,,1,7,,21529,14,,,1,47,,21538,14,,,1,7,,21548,14,,,1,7,,21558,14,,,1,7,,21568,14,,,1,7,,21439,14,,,1,7,,21449,14,,,1,7,,21456,14,,,1,7,,21463,14,,,1,47,,21472,14,,,1,7,,21481,14,,,1,7,,21490,14,,,1,7,,21499,14,,,1,7,,21504,14,,,1,7,,21513,14,,,1,7,,21520,14,,,1,7,,21530,14,,,1,7,,21539,14,,,1,47,,21549,14,,,1,7,,21559,14,,,1,7,,21569,14,,,1,7,,21440,14,,,1,7,,21450,14,,,1,7,,21457,14,,,1,7,,21464,14,,,1,8,,21473,14,,,1,49,,21482,14,,,1,8,,21491,14,,,1,8,,21500,14,,,1,9,,21505,14,,,1,8,,21521,14,,,1,9,,21531,14,,,1,8,,21540,14,,,1,49,,21550,14,,,1,8,,21560,14,,,1,8,,21570,14,,,1,9,,21441,14,,,1,8,,21458,14,,,1,9,,21465,14,,,1,8,,21474,14,,,1,48,,21483,14,,,1,9,,21492,14,,,1,8,,21501,14,,,1,9,,21506,14,,,1,8,,21522,14,,,1,8,,21532,14,,,1,9,,21541,14,,,1,48,,21551,14,,,1,9,,21561,14,,,1,8,,21571,14,,,1,8,,21442,14,,,1,10,,21459,14,,,1,10,,21466,14,,,1,10,,21475,14,,,1,50,,21484,14,,,1,10,,21493,14,,,1,10,,21502,14,,,1,10,,21507,14,,,1,10,,21523,14,,,1,10,,21542,14,,,1,50,,21552,14,,,1,10,,21562,14,,,1,10,,21572,14,,,1,10,,21443,14,,,1,10,,21460,14,,,1,14,,21467,14,,,1
101,'GLOBAUX-01-S',547,,21696,14,,,1,8,,21708,14,,,1,47,,21732,14,,,1,7,,21749,14,,,1,7,,21753,14,,,1,7,,21772,14,,,1,7,,21802,14,,,1,7,,21809,14,,,1,5,,21573,14,,,1,5,,21595,14,,,1,5,,21602,14,,,1,5,,21612,14,,,1,45,,21616,14,,,1,5,,21618,14,,,1,4,,21633,14,,,1,4,,21640,14,,,1,3,,21655,14,,,1,4,,21659,14,,,1,3,,21665,14,,,1,4,,21670,14,,,1,4,,21676,14,,,1,3,,21681,14,,,1,4,,21697,14,,,1,3,,21705,14,,,1,3,,21709,14,,,1,3,,21717,14,,,1,4,,21733,14,,,1,3,,21739,14,,,1,3,,21740,14,,,1,42,,21750,14,,,1,3,,21752,14,,,1,3,,21754,14,,,1,2,,21755,14,,,1,3,,21757,14,,,1,3,,21763,14,,,1,3,,21773,14,,,1,2,,21782,14,,,1,3,,21783,14,,,1,2,,21788,14,,,1,3,,21803,14,,,1,2,,21808,14,,,1,3,,21810,14,,,1,2,,21574,14,,,1,3,,21585,14,,,1,2,,21593,14,,,1,3,,21596,14,,,1,2,,21603,14,,,1,3,,21613,14,,,1,3,,21614,14,,,1,2,,21615,14,,,1,3,,21617,14,,,1,3,,21619,14,,,1,43,,21634,14,,,1,3,,21641,14,,,1,3,,21647,14,,,1,3,,21656,14,,,1,4,,21660,14,,,1,3,,21671,14,,,1,4,,21677,14,,,1,3,,21682,14,,,1,4,,21698,14,,,1,3,,21706,14,,,1,4,,21710,14,,,1,4,,21716,14,,,1,3,,21718,14,,,1,4,,21734,14,,,1,4,,21741,14,,,1,5,,21751,14,,,1,45,,21758,14,,,1,5,,21764,14,,,1,6,,21774,14,,,1,6,,21789,14,,,1,6,,21804,14,,,1,6,,21575,14,,,1,6,,21586,14,,,1,6,,21597,14,,,1,6,,21604,14,,,1,6,,21620,14,,,1,46,,21635,14,,,1,6,,21648,14,,,1,6,,21661,14,,,1,6,,21672,14,,,1,6,,21683,14,,,1,6,,21699,14,,,1,6,,21711,14,,,1,6,,21719,14,,,1,6,,21735,14,,,1,6,,21742,14,,,1,46,,21759,14,,,1,6,,21765,14,,,1,6,,21775,14,,,1,6,,21790,14,,,1,6,,21805,14,,,1,6,,21576,14,,,1,6,,21587,14,,,1,6,,21598,14,,,1,6,,21605,14,,,1,6,,21621,14,,,1,46,,21636,14,,,1,6,,21649,14,,,1,6,,21662,14,,,1,6,,21673,14,,,1,6,,21684,14,,,1,6,,21700,14,,,1,6,,21712,14,,,1,6,,21720,14,,,1,6,,21736,14,,,1,6,,21743,14,,,1,46,,21760,14,,,1,6,,21766,14,,,1,6,,21776,14,,,1,6,,21791,14,,,1,6,,21806,14,,,1,6,,21577,14,,,1,6,,21588,14,,,1,6,,21599,14,,,1,6,,21606,14,,,1,6,,21622,14,,,1,46,,21637,14,,,1,6,,21650,14,,,1,6,,21663,14,,,1,6,,21674,14,,,1,6,,21685,14,,,1,5,,21694,14,,,1,5,,21701,14,,,1,4,,21713,14,,,1,4,,21721,14,,,1,4,,21726,14,,,1,4,,21737,14,,,1,4,,21744,14,,,1,4,,21756,14,,,1,43,,21761,14,,,1,4,,21767,14,,,1,4,,21777,14,,,1,4,,21787,14,,,1,3,,21792,14,,,1,4,,21794,14,,,1,4,,21807,14,,,1,3,,21578,14,,,1,4,,21580,14,,,1,4,,21589,14,,,1,4,,21600,14,,,1,3,,21601,14,,,1,3,,21607,14,,,1,3,,21623,14,,,1,4,,21628,14,,,1,3,,21638,14,,,1,3,,21642,14,,,1,43,,21651,14,,,1,3,,21657,14,,,1,3,,21664,14,,,1,3,,21666,14,,,1,3,,21675,14,,,1,3,,21678,14,,,1,3,,21686,14,,,1,4,,21690,14,,,1,3,,21695,14,,,1,3,,21702,14,,,1,3,,21707,14,,,1,3,,21714,14,,,1,3,,21722,14,,,1,4,,21727,14,,,1,3,,21728,14,,,1,3,,21738,14,,,1,4,,21745,14,,,1,3,,21762,14,,,1,4,,21768,14,,,1,43,,21778,14,,,1,3,,21784,14,,,1,4,,21793,14,,,1,4,,21795,14,,,1,4,,21798,14,,,1,4,,21579,14,,,1,4,,21581,14,,,1,4,,21590,14,,,1,4,,21594,14,,,1,4,,21608,14,,,1,4,,21624,14,,,1,4,,21629,14,,,1,4,,21639,14,,,1,4,,21643,14,,,1,4,,21652,14,,,1,44,,21658,14,,,1,5,,21667,14,,,1,5,,21679,14,,,1,5,,21687,14,,,1,5,,21691,14,,,1,5,,21703,14,,,1,5,,21715,14,,,1,6,,21723,14,,,1,5,,21729,14,,,1,6,,21746,14,,,1,6,,21769,14,,,1,5,,21779,14,,,1,46,,21785,14,,,1,6,,21796,14,,,1,6,,21799,14,,,1,6,,21582,14,,,1,6,,21591,14,,,1,6,,21609,14,,,1,6,,21625,14,,,1,6,,21630,14,,,1,6,,21644,14,,,1,6,,21653,14,,,1,46,,21668,14,,,1,6,,21680,14,,,1,6,,21688,14,,,1,6,,21692,14,,,1,6,,21704,14,,,1,6,,21724,14,,,1,6,,21730,14,,,1,7,,21747,14,,,1,6,,21770,14,,,1,46,,21780,14,,,1,6,,21786,14,,,1,6,,21797,14,,,1,6,,21800,14,,,1,6,,21583,14,,,1,6,,21592,14,,,1,6,,21610,14,,,1,6,,21626,14,,,1,6,,21631,14,,,1,7,,21645,14,,,1,48,,21654,14,,,1,8,,21669,14,,,1,8,,21689,14,,,1,8,,21693,14,,,1,8,,21725,14,,,1,8,,21731,14,,,1,8,,21748,14,,,1,8,,21771,14,,,1,48,,21781,14,,,1,8,,21801,14,,,1,8,,21584,14,,,1,8,,21611,14,,,1,8,,21627,14,,,1,8,,21632,14,,,1,12,,21646,14,,,1
