200,'GLOBAUX-01-A',551,,21847,15,,,1,49,,21851,15,,,1,10,,21872,15,,,1,10,,21881,15,,,1,10,,21890,15,,,1,10,,21905,15,,,1,9,,21919,15,,,1,10,,21927,15,,,1,50,,21933,15,,,1,10,,21941,15,,,1,10,,21952,15,,,1,9,,21960,15,,,1,10,,21811,15,,,1,9,,21825,15,,,1,49,,21839,15,,,1,9,,21848,15,,,1,9,,21852,15,,,1,9,,21860,15,,,1,8,,21873,15,,,1,9,,21882,15,,,1,9,,21891,15,,,1,48,,21898,15,,,1,9,,21906,15,,,1,8,,21913,15,,,1,9,,21920,15,,,1,8,,21934,15,,,1,9,,21942,15,,,1,8,,21953,15,,,1,49,,21961,15,,,1,8,,21812,15,,,1,8,,21826,15,,,1,9,,21840,15,,,1,8,,21849,15,,,1,9,,21853,15,,,1,8,,21861,15,,,1,49,,21874,15,,,1,8,,21883,15,,,1,9,,21892,15,,,1,8,,21899,15,,,1,7,,21907,15,,,1,8,,21914,15,,,1,8,,21921,15,,,1,47,,21935,15,,,1,8,,21943,15,,,1,8,,21954,15,,,1,7,,21962,15,,,1,8,,21813,15,,,1,8,,21819,15,,,1,7,,21827,15,,,1,7,,21841,15,,,1,48,,21850,15,,,1,7,,21854,15,,,1,7,,21862,15,,,1,7,,21866,15,,,1,8,,21875,15,,,1,6,,21884,15,,,1,6,,21893,15,,,1,7,,21900,15,,,1,6,,21908,15,,,1,47,,21915,15,,,1,6,,21922,15,,,1,7,,21928,15,,,1,6,,21936,15,,,1,6,,21944,15,,,1,7,,21947,15,,,1,6,,21955,15,,,1,7,,21963,15,,,1,6,,21814,15,,,1,47,,21820,15,,,1,6,,21828,15,,,1,7,,21833,15,,,1,6,,21842,15,,,1,7,,21855,15,,,1,6,,21863,15,,,1,7,,21867,15,,,1,6,,21876,15,,,1,6,,21885,15,,,1,7,,21894,15,,,1,46,,21901,15,,,1,7,,21909,15,,,1,6,,21916,15,,,1,7,,21923,15,,,1,6,,21929,15,,,1,6,,21937,15,,,1,7,,21945,15,,,1,6,,21948,15,,,1,7,,21956,15,,,1,46,,21964,15,,,1,7,,21815,15,,,1,6,,21821,15,,,1,6,,21829,15,,,1,7,,21834,15,,,1,6,,21843,15,,,1,7,,21856,15,,,1,6,,21864,15,,,1,6,,21868,15,,,1,47,,21877,15,,,1,6,,21886,15,,,1,6,,21895,15,,,1,7,,21902,15,,,1,6,,21910,15,,,1,6,,21917,15,,,1,7,,21924,15,,,1,6,,21930,15,,,1,7,,21938,15,,,1,6,,21946,15,,,1,46,,21949,15,,,1,7,,21957,15,,,1,6,,21965,15,,,1,6,,21816,15,,,1,7,,21822,15,,,1,6,,21830,15,,,1,7,,21835,15,,,1,6,,21844,15,,,1,7,,21857,15,,,1,48,,21865,15,,,1,7,,21869,15,,,1,8,,21878,15,,,1,7,,21887,15,,,1,7,,21896,15,,,1,8,,21903,15,,,1,7,,21911,15,,,1,8,,21918,15,,,1,47,,21925,15,,,1,8,,21931,15,,,1,7,,21939,15,,,1,7,,21950,15,,,1,8,,21958,15,,,1,7,,21817,15,,,1,8,,21823,15,,,1,8,,21831,15,,,1,48,,21836,15,,,1,7,,21845,15,,,1,9,,21858,15,,,1,9,,21870,15,,,1,8,,21879,15,,,1,9,,21888,15,,,1,9,,21897,15,,,1,49,,21904,15,,,1,9,,21912,15,,,1,10,,21926,15,,,1,9,,21932,15,,,1,10,,21940,15,,,1,10,,21951,15,,,1,49,,21959,15,,,1,10,,21818,15,,,1,9,,21832,15,,,1,10,,21837,15,,,1,10,,21846,15,,,1,10,,21859,15,,,1,50,,21871,15,,,1,10,,21880,15,,,1,10,,21889,15,,,1
200,'GLOBAUX-01-F1',550,,22001,15,,,1,50,,22009,15,,,1,9,,22017,15,,,1,9,,22025,15,,,1,9,,22031,15,,,1,10,,22043,15,,,1,9,,22047,15,,,1,9,,22062,15,,,1,49,,22074,15,,,1,10,,22082,15,,,1,9,,22090,15,,,1,9,,22095,15,,,1,10,,21966,15,,,1,9,,21975,15,,,1,49,,21993,15,,,1,9,,22002,15,,,1,10,,22010,15,,,1,9,,22018,15,,,1,9,,22026,15,,,1,10,,22032,15,,,1,9,,22044,15,,,1,49,,22048,15,,,1,8,,22055,15,,,1,9,,22063,15,,,1,9,,22075,15,,,1,8,,22083,15,,,1,9,,22091,15,,,1,8,,22096,15,,,1,49,,21967,15,,,1,9,,21976,15,,,1,8,,21986,15,,,1,9,,21994,15,,,1,8,,22003,15,,,1,9,,22011,15,,,1,9,,22019,15,,,1,48,,22027,15,,,1,9,,22033,15,,,1,8,,22045,15,,,1,9,,22049,15,,,1,8,,22056,15,,,1,9,,22064,15,,,1,9,,22076,15,,,1,48,,22084,15,,,1,9,,22092,15,,,1,9,,22097,15,,,1,8,,21968,15,,,1,8,,21977,15,,,1,8,,21987,15,,,1,8,,21995,15,,,1,48,,22004,15,,,1,8,,22012,15,,,1,8,,22020,15,,,1,8,,22028,15,,,1,8,,22034,15,,,1,8,,22046,15,,,1,8,,22050,15,,,1,8,,22057,15,,,1,48,,22065,15,,,1,7,,22070,15,,,1,7,,22077,15,,,1,7,,22085,15,,,1,7,,22093,15,,,1,7,,22098,15,,,1,7,,22103,15,,,1,7,,21969,15,,,1,47,,21978,15,,,1,6,,21981,15,,,1,7,,21988,15,,,1,7,,21996,15,,,1,7,,22005,15,,,1,7,,22013,15,,,1,7,,22021,15,,,1,6,,22029,15,,,1,7,,22035,15,,,1,47,,22039,15,,,1,7,,22051,15,,,1,7,,22058,15,,,1,7,,22066,15,,,1,6,,22071,15,,,1,7,,22078,15,,,1,7,,22086,15,,,1,7,,22094,15,,,1,7,,22099,15,,,1,47,,22104,15,,,1,7,,21970,15,,,1,6,,21979,15,,,1,7,,21982,15,,,1,7,,21989,15,,,1,7,,21997,15,,,1,7,,22006,15,,,1,8,,22014,15,,,1,47,,22022,15,,,1,7,,22030,15,,,1,8,,22036,15,,,1,7,,22040,15,,,1,7,,22052,15,,,1,7,,22059,15,,,1,8,,22067,15,,,1,7,,22072,15,,,1,47,,22079,15,,,1,8,,22087,15,,,1,8,,22100,15,,,1,8,,22105,15,,,1,8,,21971,15,,,1,7,,21980,15,,,1,8,,21983,15,,,1,8,,21990,15,,,1,48,,21998,15,,,1,8,,22007,15,,,1,7,,22015,15,,,1,8,,22023,15,,,1,8,,22037,15,,,1,8,,22041,15,,,1,8,,22053,15,,,1,8,,22060,15,,,1,48,,22068,15,,,1,8,,22073,15,,,1,8,,22080,15,,,1,9,,22088,15,,,1,8,,22101,15,,,1,9,,22106,15,,,1,8,,21972,15,,,1,49,,21984,15,,,1,8,,21991,15,,,1,9,,21999,15,,,1,9,,22008,15,,,1,10,,22016,15,,,1,10,,22024,15,,,1,50,,22038,15,,,1,10,,22042,15,,,1,10,,22054,15,,,1,10,,22061,15,,,1,10,,22069,15,,,1,10,,22081,15,,,1,50,,22089,15,,,1,10,,22102,15,,,1,10,,22107,15,,,1,10,,21973,15,,,1,10,,21985,15,,,1,10,,22000,15,,,1
200,'GLOBAUX-01-F2',550,,22143,15,,,1,50,,22151,15,,,1,9,,22159,15,,,1,9,,22167,15,,,1,9,,22173,15,,,1,10,,22185,15,,,1,9,,22189,15,,,1,9,,22204,15,,,1,49,,22216,15,,,1,10,,22224,15,,,1,9,,22232,15,,,1,9,,22237,15,,,1,10,,22108,15,,,1,9,,22117,15,,,1,49,,22135,15,,,1,9,,22144,15,,,1,10,,22152,15,,,1,9,,22160,15,,,1,9,,22168,15,,,1,10,,22174,15,,,1,9,,22186,15,,,1,49,,22190,15,,,1,8,,22197,15,,,1,9,,22205,15,,,1,9,,22217,15,,,1,8,,22225,15,,,1,9,,22233,15,,,1,8,,22238,15,,,1,49,,22109,15,,,1,9,,22118,15,,,1,8,,22128,15,,,1,9,,22136,15,,,1,8,,22145,15,,,1,9,,22153,15,,,1,9,,22161,15,,,1,48,,22169,15,,,1,9,,22175,15,,,1,8,,22187,15,,,1,9,,22191,15,,,1,8,,22198,15,,,1,9,,22206,15,,,1,9,,22218,15,,,1,48,,22226,15,,,1,9,,22234,15,,,1,9,,22239,15,,,1,8,,22110,15,,,1,8,,22119,15,,,1,8,,22129,15,,,1,8,,22137,15,,,1,48,,22146,15,,,1,8,,22154,15,,,1,8,,22162,15,,,1,8,,22170,15,,,1,8,,22176,15,,,1,8,,22188,15,,,1,8,,22192,15,,,1,8,,22199,15,,,1,48,,22207,15,,,1,7,,22212,15,,,1,7,,22219,15,,,1,7,,22227,15,,,1,7,,22235,15,,,1,7,,22240,15,,,1,7,,22245,15,,,1,7,,22111,15,,,1,47,,22120,15,,,1,6,,22123,15,,,1,7,,22130,15,,,1,7,,22138,15,,,1,7,,22147,15,,,1,7,,22155,15,,,1,7,,22163,15,,,1,6,,22171,15,,,1,7,,22177,15,,,1,47,,22181,15,,,1,7,,22193,15,,,1,7,,22200,15,,,1,7,,22208,15,,,1,6,,22213,15,,,1,7,,22220,15,,,1,7,,22228,15,,,1,7,,22236,15,,,1,7,,22241,15,,,1,47,,22246,15,,,1,7,,22112,15,,,1,6,,22121,15,,,1,7,,22124,15,,,1,7,,22131,15,,,1,7,,22139,15,,,1,7,,22148,15,,,1,8,,22156,15,,,1,47,,22164,15,,,1,7,,22172,15,,,1,8,,22178,15,,,1,7,,22182,15,,,1,7,,22194,15,,,1,7,,22201,15,,,1,8,,22209,15,,,1,7,,22214,15,,,1,47,,22221,15,,,1,8,,22229,15,,,1,8,,22242,15,,,1,8,,22247,15,,,1,8,,22113,15,,,1,7,,22122,15,,,1,8,,22125,15,,,1,8,,22132,15,,,1,48,,22140,15,,,1,8,,22149,15,,,1,7,,22157,15,,,1,8,,22165,15,,,1,8,,22179,15,,,1,8,,22183,15,,,1,8,,22195,15,,,1,8,,22202,15,,,1,48,,22210,15,,,1,8,,22215,15,,,1,8,,22222,15,,,1,9,,22230,15,,,1,8,,22243,15,,,1,9,,22248,15,,,1,8,,22114,15,,,1,49,,22126,15,,,1,8,,22133,15,,,1,9,,22141,15,,,1,9,,22150,15,,,1,10,,22158,15,,,1,10,,22166,15,,,1,50,,22180,15,,,1,10,,22184,15,,,1,10,,22196,15,,,1,10,,22203,15,,,1,10,,22211,15,,,1,10,,22223,15,,,1,50,,22231,15,,,1,10,,22244,15,,,1,10,,22249,15,,,1,10,,22115,15,,,1,10,,22127,15,,,1,10,,22142,15,,,1
200,'GLOBAUX-01-I',550,,22285,15,,,1,50,,22293,15,,,1,9,,22301,15,,,1,9,,22309,15,,,1,9,,22315,15,,,1,10,,22327,15,,,1,9,,22331,15,,,1,9,,22346,15,,,1,49,,22358,15,,,1,10,,22366,15,,,1,9,,22374,15,,,1,9,,22379,15,,,1,10,,22250,15,,,1,9,,22259,15,,,1,49,,22277,15,,,1,9,,22286,15,,,1,10,,22294,15,,,1,9,,22302,15,,,1,9,,22310,15,,,1,10,,22316,15,,,1,9,,22328,15,,,1,49,,22332,15,,,1,8,,22339,15,,,1,9,,22347,15,,,1,9,,22359,15,,,1,8,,22367,15,,,1,9,,22375,15,,,1,8,,22380,15,,,1,49,,22251,15,,,1,9,,22260,15,,,1,8,,22270,15,,,1,9,,22278,15,,,1,8,,22287,15,,,1,9,,22295,15,,,1,9,,22303,15,,,1,48,,22311,15,,,1,9,,22317,15,,,1,8,,22329,15,,,1,9,,22333,15,,,1,8,,22340,15,,,1,9,,22348,15,,,1,9,,22360,15,,,1,48,,22368,15,,,1,9,,22376,15,,,1,9,,22381,15,,,1,8,,22252,15,,,1,8,,22261,15,,,1,8,,22271,15,,,1,8,,22279,15,,,1,48,,22288,15,,,1,8,,22296,15,,,1,8,,22304,15,,,1,8,,22312,15,,,1,8,,22318,15,,,1,8,,22330,15,,,1,8,,22334,15,,,1,8,,22341,15,,,1,48,,22349,15,,,1,7,,22354,15,,,1,7,,22361,15,,,1,7,,22369,15,,,1,7,,22377,15,,,1,7,,22382,15,,,1,7,,22387,15,,,1,7,,22253,15,,,1,47,,22262,15,,,1,6,,22265,15,,,1,7,,22272,15,,,1,7,,22280,15,,,1,7,,22289,15,,,1,7,,22297,15,,,1,7,,22305,15,,,1,6,,22313,15,,,1,7,,22319,15,,,1,47,,22323,15,,,1,7,,22335,15,,,1,7,,22342,15,,,1,7,,22350,15,,,1,6,,22355,15,,,1,7,,22362,15,,,1,7,,22370,15,,,1,7,,22378,15,,,1,7,,22383,15,,,1,47,,22388,15,,,1,7,,22254,15,,,1,6,,22263,15,,,1,7,,22266,15,,,1,7,,22273,15,,,1,7,,22281,15,,,1,7,,22290,15,,,1,8,,22298,15,,,1,47,,22306,15,,,1,7,,22314,15,,,1,8,,22320,15,,,1,7,,22324,15,,,1,7,,22336,15,,,1,7,,22343,15,,,1,8,,22351,15,,,1,7,,22356,15,,,1,47,,22363,15,,,1,8,,22371,15,,,1,8,,22384,15,,,1,8,,22389,15,,,1,8,,22255,15,,,1,7,,22264,15,,,1,8,,22267,15,,,1,8,,22274,15,,,1,48,,22282,15,,,1,8,,22291,15,,,1,7,,22299,15,,,1,8,,22307,15,,,1,8,,22321,15,,,1,8,,22325,15,,,1,8,,22337,15,,,1,8,,22344,15,,,1,48,,22352,15,,,1,8,,22357,15,,,1,8,,22364,15,,,1,9,,22372,15,,,1,8,,22385,15,,,1,9,,22390,15,,,1,8,,22256,15,,,1,49,,22268,15,,,1,8,,22275,15,,,1,9,,22283,15,,,1,9,,22292,15,,,1,10,,22300,15,,,1,10,,22308,15,,,1,50,,22322,15,,,1,10,,22326,15,,,1,10,,22338,15,,,1,10,,22345,15,,,1,10,,22353,15,,,1,10,,22365,15,,,1,50,,22373,15,,,1,10,,22386,15,,,1,10,,22391,15,,,1,10,,22257,15,,,1,10,,22269,15,,,1,10,,22284,15,,,1
200,'GLOBAUX-01-S',550,,22463,15,,,1,6,,22473,15,,,1,46,,22483,15,,,1,6,,22498,15,,,1,6,,22509,15,,,1,6,,22518,15,,,1,6,,22532,15,,,1,6,,22534,15,,,1,5,,22554,15,,,1,5,,22571,15,,,1,5,,22573,15,,,1,5,,22580,15,,,1,5,,22582,15,,,1,44,,22594,15,,,1,4,,22600,15,,,1,4,,22606,15,,,1,4,,22607,15,,,1,4,,22613,15,,,1,3,,22622,15,,,1,4,,22392,15,,,1,3,,22393,15,,,1,4,,22403,15,,,1,3,,22411,15,,,1,4,,22412,15,,,1,3,,22421,15,,,1,4,,22423,15,,,1,3,,22428,15,,,1,3,,22436,15,,,1,4,,22444,15,,,1,3,,22456,15,,,1,43,,22461,15,,,1,3,,22462,15,,,1,4,,22464,15,,,1,3,,22474,15,,,1,3,,22484,15,,,1,4,,22492,15,,,1,3,,22494,15,,,1,3,,22499,15,,,1,3,,22504,15,,,1,4,,22510,15,,,1,3,,22515,15,,,1,3,,22519,15,,,1,3,,22527,15,,,1,4,,22533,15,,,1,3,,22535,15,,,1,3,,22540,15,,,1,3,,22555,15,,,1,4,,22564,15,,,1,43,,22572,15,,,1,4,,22574,15,,,1,3,,22575,15,,,1,4,,22583,15,,,1,4,,22590,15,,,1,3,,22595,15,,,1,4,,22601,15,,,1,4,,22608,15,,,1,4,,22614,15,,,1,4,,22623,15,,,1,3,,22630,15,,,1,4,,22394,15,,,1,4,,22404,15,,,1,4,,22413,15,,,1,4,,22420,15,,,1,4,,22424,15,,,1,45,,22437,15,,,1,5,,22445,15,,,1,5,,22457,15,,,1,6,,22465,15,,,1,6,,22475,15,,,1,6,,22485,15,,,1,6,,22495,15,,,1,6,,22505,15,,,1,6,,22511,15,,,1,6,,22520,15,,,1,46,,22528,15,,,1,6,,22541,15,,,1,6,,22556,15,,,1,6,,22565,15,,,1,6,,22576,15,,,1,6,,22584,15,,,1,6,,22596,15,,,1,6,,22602,15,,,1,6,,22615,15,,,1,6,,22624,15,,,1,46,,22395,15,,,1,6,,22405,15,,,1,6,,22414,15,,,1,6,,22425,15,,,1,6,,22438,15,,,1,6,,22446,15,,,1,6,,22458,15,,,1,6,,22466,15,,,1,6,,22476,15,,,1,6,,22486,15,,,1,46,,22496,15,,,1,6,,22506,15,,,1,6,,22512,15,,,1,6,,22521,15,,,1,6,,22529,15,,,1,6,,22542,15,,,1,6,,22557,15,,,1,6,,22566,15,,,1,6,,22577,15,,,1,6,,22585,15,,,1,46,,22597,15,,,1,6,,22603,15,,,1,6,,22616,15,,,1,6,,22625,15,,,1,6,,22396,15,,,1,6,,22406,15,,,1,6,,22415,15,,,1,6,,22426,15,,,1,6,,22439,15,,,1,7,,22447,15,,,1,46,,22459,15,,,1,6,,22467,15,,,1,5,,22477,15,,,1,5,,22487,15,,,1,4,,22497,15,,,1,5,,22500,15,,,1,4,,22507,15,,,1,5,,22513,15,,,1,4,,22516,15,,,1,4,,22522,15,,,1,4,,22530,15,,,1,4,,22536,15,,,1,3,,22543,15,,,1,3,,22547,15,,,1,43,,22558,15,,,1,4,,22562,15,,,1,3,,22567,15,,,1,2,,22578,15,,,1,3,,22581,15,,,1,3,,22586,15,,,1,3,,22591,15,,,1,3,,22598,15,,,1,3,,22604,15,,,1,3,,22609,15,,,1,3,,22617,15,,,1,3,,22618,15,,,1,3,,22626,15,,,1,3,,22397,15,,,1,3,,22398,15,,,1,3,,22399,15,,,1,2,,22400,15,,,1,3,,22407,15,,,1,3,,22416,15,,,1,3,,22422,15,,,1,3,,22427,15,0,5,1,43,,22429,15,,,1,3,,22433,15,,,1,3,,22440,15,,,1,3,,22448,15,0,5,1,3,,22449,15,,,1,3,,22453,15,,,1,2,,22460,15,,,1,3,,22468,15,0,5,1,3,,22469,15,,,1,3,,22478,15,,,1,3,,22482,15,0,5,1,3,,22488,15,,,1,3,,22493,15,0,5,1,3,,22501,15,,,1,3,,22508,15,,,1,3,,22514,15,,,1,4,,22517,15,,,1,3,,22523,15,,,1,4,,22531,15,,,1,43,,22537,15,,,1,3,,22544,15,,,1,4,,22548,15,,,1,4,,22551,15,,,1,4,,22559,15,,,1,4,,22563,15,,,1,3,,22568,15,,,1,4,,22579,15,,,1,4,,22587,15,,,1,4,,22592,15,,,1,4,,22599,15,,,1,4,,22605,15,,,1,4,,22610,15,,,1,4,,22619,15,,,1,5,,22627,15,,,1,45,,22401,15,,,1,5,,22408,15,,,1,5,,22417,15,,,1,5,,22430,15,,,1,6,,22434,15,,,1,6,,22441,15,,,1,6,,22450,15,,,1,6,,22454,15,,,1,6,,22470,15,,,1,6,,22479,15,,,1,6,,22489,15,,,1,46,,22502,15,,,1,6,,22524,15,,,1,6,,22538,15,,,1,6,,22545,15,,,1,6,,22549,15,,,1,6,,22552,15,,,1,6,,22560,15,,,1,6,,22569,15,,,1,6,,22588,15,,,1,6,,22593,15,,,1,46,,22611,15,,,1,6,,22620,15,,,1,6,,22628,15,,,1,6,,22402,15,,,1,6,,22409,15,,,1,6,,22418,15,,,1,6,,22431,15,,,1,6,,22435,15,,,1,6,,22442,15,,,1,6,,22451,15,,,1,46,,22455,15,,,1,6,,22471,15,,,1,6,,22480,15,,,1,6,,22490,15,,,1,6,,22503,15,,,1,6,,22525,15,,,1,6,,22539,15,,,1,6,,22546,15,,,1,5,,22550,15,,,1,7,,22553,15,,,1,47,,22561,15,,,1,7,,22570,15,,,1,7,,22589,15,,,1,7,,22612,15,,,1,7,,22621,15,,,1,7,,22629,15,,,1,7,,22410,15,,,1,8,,22419,15,,,1,48,,22432,15,,,1,8,,22443,15,,,1,8,,22452,15,,,1,8,,22472,15,,,1,8,,22481,15,,,1,8,,22491,15,,,1,8,,22526,15,,,1
201,'GLOBAUX-01-A',549,,22741,17,,,1,10,,22748,17,,,1,49,,22757,17,,,1,10,,22769,17,,,1,10,,22778,17,,,1,9,,22631,17,,,1,10,,22645,17,,,1,10,,22658,17,,,1,49,,22666,17,,,1,10,,22669,17,,,1,10,,22688,17,,,1,10,,22696,17,,,1,9,,22704,17,,,1,9,,22712,17,,,1,50,,22719,17,,,1,9,,22727,17,,,1,9,,22733,17,,,1,9,,22749,17,,,1,9,,22758,17,,,1,8,,22770,17,,,1,9,,22779,17,,,1,49,,22632,17,,,1,8,,22646,17,,,1,9,,22659,17,,,1,9,,22667,17,,,1,8,,22670,17,,,1,9,,22677,17,,,1,8,,22689,17,,,1,49,,22697,17,,,1,9,,22705,17,,,1,9,,22713,17,,,1,8,,22720,17,,,1,9,,22728,17,,,1,9,,22734,17,,,1,8,,22750,17,,,1,47,,22759,17,,,1,8,,22771,17,,,1,8,,22780,17,,,1,7,,22633,17,,,1,8,,22640,17,,,1,7,,22647,17,,,1,7,,22660,17,,,1,7,,22668,17,,,1,47,,22671,17,,,1,7,,22678,17,,,1,7,,22682,17,,,1,7,,22690,17,,,1,7,,22698,17,,,1,7,,22706,17,,,1,7,,22714,17,,,1,7,,22721,17,,,1,6,,22729,17,,,1,47,,22735,17,,,1,6,,22742,17,,,1,6,,22751,17,,,1,7,,22760,17,,,1,6,,22763,17,,,1,7,,22772,17,,,1,6,,22781,17,,,1,7,,22634,17,,,1,6,,22641,17,,,1,46,,22648,17,,,1,7,,22653,17,,,1,6,,22661,17,,,1,7,,22672,17,,,1,6,,22679,17,,,1,7,,22683,17,,,1,6,,22691,17,,,1,6,,22699,17,,,1,7,,22707,17,,,1,46,,22715,17,,,1,7,,22722,17,,,1,6,,22730,17,,,1,6,,22736,17,,,1,7,,22743,17,,,1,6,,22752,17,,,1,7,,22761,17,,,1,6,,22764,17,,,1,6,,22773,17,,,1,7,,22782,17,,,1,46,,22635,17,,,1,7,,22642,17,,,1,6,,22649,17,,,1,7,,22654,17,,,1,6,,22662,17,,,1,6,,22673,17,,,1,7,,22680,17,,,1,6,,22684,17,,,1,7,,22692,17,,,1,46,,22700,17,,,1,6,,22708,17,,,1,7,,22716,17,,,1,6,,22723,17,,,1,7,,22731,17,,,1,6,,22737,17,,,1,7,,22744,17,,,1,6,,22753,17,,,1,6,,22762,17,,,1,47,,22765,17,,,1,6,,22774,17,,,1,7,,22783,17,,,1,6,,22636,17,,,1,6,,22643,17,,,1,7,,22650,17,,,1,6,,22655,17,,,1,6,,22663,17,,,1,7,,22674,17,,,1,6,,22681,17,,,1,48,,22685,17,,,1,7,,22693,17,,,1,7,,22701,17,,,1,7,,22709,17,,,1,8,,22717,17,,,1,7,,22724,17,,,1,7,,22732,17,,,1,8,,22738,17,,,1,47,,22745,17,,,1,7,,22754,17,,,1,8,,22766,17,,,1,8,,22775,17,,,1,8,,22637,17,,,1,7,,22644,17,,,1,8,,22651,17,,,1,8,,22656,17,,,1,48,,22664,17,,,1,8,,22675,17,,,1,8,,22686,17,,,1,8,,22694,17,,,1,8,,22702,17,,,1,8,,22710,17,,,1,9,,22718,17,,,1,49,,22725,17,,,1,10,,22739,17,,,1,9,,22746,17,,,1,9,,22755,17,,,1,10,,22767,17,,,1,9,,22776,17,,,1,50,,22638,17,,,1,9,,22652,17,,,1,10,,22657,17,,,1,9,,22665,17,,,1,10,,22676,17,,,1,10,,22687,17,,,1,10,,22695,17,,,1,49,,22703,17,,,1,10,,22711,17,,,1,10,,22726,17,,,1,10,,22740,17,,,1,10,,22747,17,,,1,10,,22756,17,,,1,50,,22768,17,,,1,10,,22777,17,,,1,13,,22639,17,,,1
201,'GLOBAUX-01-F1',549,,22877,17,,,1,9,,22890,17,,,1,49,,22898,17,,,1,10,,22906,17,,,1,9,,22911,17,,,1,9,,22784,17,,,1,10,,22792,17,,,1,9,,22809,17,,,1,50,,22817,17,,,1,9,,22825,17,,,1,9,,22833,17,,,1,10,,22841,17,,,1,9,,22846,17,,,1,9,,22859,17,,,1,50,,22862,17,,,1,9,,22878,17,,,1,9,,22891,17,,,1,10,,22899,17,,,1,9,,22907,17,,,1,9,,22912,17,,,1,10,,22785,17,,,1,49,,22793,17,,,1,8,,22803,17,,,1,9,,22810,17,,,1,9,,22818,17,,,1,9,,22826,17,,,1,9,,22834,17,,,1,8,,22842,17,,,1,49,,22847,17,,,1,8,,22860,17,,,1,9,,22863,17,,,1,9,,22870,17,,,1,8,,22879,17,,,1,9,,22892,17,,,1,8,,22900,17,,,1,49,,22908,17,,,1,9,,22913,17,,,1,8,,22786,17,,,1,9,,22794,17,,,1,8,,22804,17,,,1,9,,22811,17,,,1,9,,22819,17,,,1,48,,22827,17,,,1,9,,22835,17,,,1,8,,22843,17,,,1,8,,22848,17,,,1,8,,22861,17,,,1,8,,22864,17,,,1,8,,22871,17,,,1,48,,22880,17,,,1,6,,22886,17,,,1,7,,22893,17,,,1,7,,22901,17,,,1,7,,22909,17,,,1,7,,22914,17,,,1,7,,22919,17,,,1,6,,22787,17,,,1,7,,22795,17,,,1,47,,22798,17,,,1,7,,22805,17,,,1,7,,22812,17,,,1,7,,22820,17,,,1,6,,22828,17,,,1,7,,22836,17,,,1,7,,22844,17,,,1,7,,22849,17,,,1,7,,22854,17,,,1,47,,22865,17,,,1,7,,22872,17,,,1,6,,22881,17,,,1,7,,22887,17,,,1,7,,22894,17,,,1,7,,22902,17,,,1,7,,22910,17,,,1,7,,22915,17,,,1,46,,22920,17,,,1,7,,22788,17,,,1,7,,22796,17,,,1,7,,22799,17,,,1,7,,22806,17,,,1,7,,22813,17,,,1,8,,22821,17,,,1,7,,22829,17,,,1,7,,22837,17,,,1,48,,22845,17,,,1,7,,22850,17,,,1,7,,22855,17,,,1,8,,22866,17,,,1,7,,22873,17,,,1,7,,22882,17,,,1,8,,22888,17,,,1,7,,22895,17,,,1,48,,22903,17,,,1,7,,22916,17,,,1,8,,22921,17,,,1,8,,22789,17,,,1,8,,22797,17,,,1,7,,22800,17,,,1,8,,22807,17,,,1,8,,22814,17,,,1,48,,22822,17,,,1,7,,22830,17,,,1,8,,22838,17,,,1,8,,22851,17,,,1,8,,22856,17,,,1,8,,22867,17,,,1,7,,22874,17,,,1,48,,22883,17,,,1,8,,22889,17,,,1,8,,22896,17,,,1,9,,22904,17,,,1,8,,22917,17,,,1,9,,22922,17,,,1,8,,22790,17,,,1,9,,22801,17,,,1,48,,22808,17,,,1,9,,22815,17,,,1,8,,22823,17,,,1,9,,22831,17,,,1,9,,22839,17,,,1,9,,22852,17,,,1,8,,22857,17,,,1,49,,22868,17,,,1,10,,22875,17,,,1,10,,22884,17,,,1,10,,22897,17,,,1,10,,22905,17,,,1,10,,22918,17,,,1,50,,22923,17,,,1,10,,22791,17,,,1,10,,22802,17,,,1,10,,22816,17,,,1,10,,22824,17,,,1,10,,22832,17,,,1,50,,22840,17,,,1,10,,22853,17,,,1,10,,22858,17,,,1,10,,22869,17,,,1,10,,22876,17,,,1,53,,22885,17,,,1
201,'GLOBAUX-01-F2',549,,23017,17,,,1,9,,23030,17,,,1,49,,23038,17,,,1,10,,23046,17,,,1,9,,23051,17,,,1,9,,22924,17,,,1,10,,22932,17,,,1,9,,22949,17,,,1,50,,22957,17,,,1,9,,22965,17,,,1,9,,22973,17,,,1,10,,22981,17,,,1,9,,22986,17,,,1,9,,22999,17,,,1,50,,23002,17,,,1,9,,23018,17,,,1,9,,23031,17,,,1,10,,23039,17,,,1,9,,23047,17,,,1,9,,23052,17,,,1,10,,22925,17,,,1,49,,22933,17,,,1,8,,22943,17,,,1,9,,22950,17,,,1,9,,22958,17,,,1,9,,22966,17,,,1,9,,22974,17,,,1,8,,22982,17,,,1,49,,22987,17,,,1,8,,23000,17,,,1,9,,23003,17,,,1,9,,23010,17,,,1,8,,23019,17,,,1,9,,23032,17,,,1,8,,23040,17,,,1,49,,23048,17,,,1,9,,23053,17,,,1,8,,22926,17,,,1,9,,22934,17,,,1,8,,22944,17,,,1,9,,22951,17,,,1,9,,22959,17,,,1,48,,22967,17,,,1,9,,22975,17,,,1,8,,22983,17,,,1,8,,22988,17,,,1,8,,23001,17,,,1,8,,23004,17,,,1,8,,23011,17,,,1,48,,23020,17,,,1,6,,23026,17,,,1,7,,23033,17,,,1,7,,23041,17,,,1,7,,23049,17,,,1,7,,23054,17,,,1,7,,23059,17,,,1,6,,22927,17,,,1,7,,22935,17,,,1,47,,22938,17,,,1,7,,22945,17,,,1,7,,22952,17,,,1,7,,22960,17,,,1,6,,22968,17,,,1,7,,22976,17,,,1,7,,22984,17,,,1,7,,22989,17,,,1,7,,22994,17,,,1,47,,23005,17,,,1,7,,23012,17,,,1,6,,23021,17,,,1,7,,23027,17,,,1,7,,23034,17,,,1,7,,23042,17,,,1,7,,23050,17,,,1,7,,23055,17,,,1,46,,23060,17,,,1,7,,22928,17,,,1,7,,22936,17,,,1,7,,22939,17,,,1,7,,22946,17,,,1,7,,22953,17,,,1,8,,22961,17,,,1,7,,22969,17,,,1,7,,22977,17,,,1,48,,22985,17,,,1,7,,22990,17,,,1,7,,22995,17,,,1,8,,23006,17,,,1,7,,23013,17,,,1,7,,23022,17,,,1,8,,23028,17,,,1,7,,23035,17,,,1,48,,23043,17,,,1,7,,23056,17,,,1,8,,23061,17,,,1,8,,22929,17,,,1,8,,22937,17,,,1,7,,22940,17,,,1,8,,22947,17,,,1,8,,22954,17,,,1,48,,22962,17,,,1,7,,22970,17,,,1,8,,22978,17,,,1,8,,22991,17,,,1,8,,22996,17,,,1,8,,23007,17,,,1,7,,23014,17,,,1,48,,23023,17,,,1,8,,23029,17,,,1,8,,23036,17,,,1,9,,23044,17,,,1,8,,23057,17,,,1,9,,23062,17,,,1,8,,22930,17,,,1,9,,22941,17,,,1,48,,22948,17,,,1,9,,22955,17,,,1,8,,22963,17,,,1,9,,22971,17,,,1,9,,22979,17,,,1,9,,22992,17,,,1,8,,22997,17,,,1,49,,23008,17,,,1,10,,23015,17,,,1,10,,23024,17,,,1,10,,23037,17,,,1,10,,23045,17,,,1,10,,23058,17,,,1,50,,23063,17,,,1,10,,22931,17,,,1,10,,22942,17,,,1,10,,22956,17,,,1,10,,22964,17,,,1,10,,22972,17,,,1,50,,22980,17,,,1,10,,22993,17,,,1,10,,22998,17,,,1,10,,23009,17,,,1,10,,23016,17,,,1,53,,23025,17,,,1
201,'GLOBAUX-01-I',549,,23157,17,,,1,9,,23170,17,,,1,49,,23178,17,,,1,10,,23186,17,,,1,9,,23191,17,,,1,9,,23064,17,,,1,10,,23072,17,,,1,9,,23089,17,,,1,50,,23097,17,,,1,9,,23105,17,,,1,9,,23113,17,,,1,10,,23121,17,,,1,9,,23126,17,,,1,9,,23139,17,,,1,50,,23142,17,,,1,9,,23158,17,,,1,9,,23171,17,,,1,10,,23179,17,,,1,9,,23187,17,,,1,9,,23192,17,,,1,10,,23065,17,,,1,49,,23073,17,,,1,8,,23083,17,,,1,9,,23090,17,,,1,9,,23098,17,,,1,9,,23106,17,,,1,9,,23114,17,,,1,8,,23122,17,,,1,49,,23127,17,,,1,8,,23140,17,,,1,9,,23143,17,,,1,9,,23150,17,,,1,8,,23159,17,,,1,9,,23172,17,,,1,8,,23180,17,,,1,49,,23188,17,,,1,9,,23193,17,,,1,8,,23066,17,,,1,9,,23074,17,,,1,8,,23084,17,,,1,9,,23091,17,,,1,9,,23099,17,,,1,48,,23107,17,,,1,9,,23115,17,,,1,8,,23123,17,,,1,8,,23128,17,,,1,8,,23141,17,,,1,8,,23144,17,,,1,8,,23151,17,,,1,48,,23160,17,,,1,6,,23166,17,,,1,7,,23173,17,,,1,7,,23181,17,,,1,7,,23189,17,,,1,7,,23194,17,,,1,7,,23199,17,,,1,6,,23067,17,,,1,7,,23075,17,,,1,47,,23078,17,,,1,7,,23085,17,,,1,7,,23092,17,,,1,7,,23100,17,,,1,6,,23108,17,,,1,7,,23116,17,,,1,7,,23124,17,,,1,7,,23129,17,,,1,7,,23134,17,,,1,47,,23145,17,,,1,7,,23152,17,,,1,6,,23161,17,,,1,7,,23167,17,,,1,7,,23174,17,,,1,7,,23182,17,,,1,7,,23190,17,,,1,7,,23195,17,,,1,46,,23200,17,,,1,7,,23068,17,,,1,7,,23076,17,,,1,7,,23079,17,,,1,7,,23086,17,,,1,7,,23093,17,,,1,8,,23101,17,,,1,7,,23109,17,,,1,7,,23117,17,,,1,48,,23125,17,,,1,7,,23130,17,,,1,7,,23135,17,,,1,8,,23146,17,,,1,7,,23153,17,,,1,7,,23162,17,,,1,8,,23168,17,,,1,7,,23175,17,,,1,48,,23183,17,,,1,7,,23196,17,,,1,8,,23201,17,,,1,8,,23069,17,,,1,8,,23077,17,,,1,7,,23080,17,,,1,8,,23087,17,,,1,8,,23094,17,,,1,48,,23102,17,,,1,7,,23110,17,,,1,8,,23118,17,,,1,8,,23131,17,,,1,8,,23136,17,,,1,8,,23147,17,,,1,7,,23154,17,,,1,48,,23163,17,,,1,8,,23169,17,,,1,8,,23176,17,,,1,9,,23184,17,,,1,8,,23197,17,,,1,9,,23202,17,,,1,8,,23070,17,,,1,9,,23081,17,,,1,48,,23088,17,,,1,9,,23095,17,,,1,8,,23103,17,,,1,9,,23111,17,,,1,9,,23119,17,,,1,9,,23132,17,,,1,8,,23137,17,,,1,49,,23148,17,,,1,10,,23155,17,,,1,10,,23164,17,,,1,10,,23177,17,,,1,10,,23185,17,,,1,10,,23198,17,,,1,50,,23203,17,,,1,10,,23071,17,,,1,10,,23082,17,,,1,10,,23096,17,,,1,10,,23104,17,,,1,10,,23112,17,,,1,50,,23120,17,,,1,10,,23133,17,,,1,10,,23138,17,,,1,10,,23149,17,,,1,10,,23156,17,,,1,53,,23165,17,,,1
201,'GLOBAUX-01-S',548,,23391,17,,,1,6,,23405,17,,,1,46,,23411,17,,,1,6,,23418,17,,,1,6,,23424,17,,,1,6,,23204,17,,,1,6,,23206,17,,,1,6,,23224,17,,,1,6,,23226,17,,,1,5,,23238,17,,,1,5,,23243,17,,,1,5,,23251,17,,,1,6,,23276,17,,,1,44,,23277,17,,,1,4,,23279,17,,,1,4,,23288,17,,,1,4,,23297,17,,,1,4,,23305,17,,,1,3,,23308,17,,,1,4,,23313,17,,,1,3,,23322,17,,,1,4,,23327,17,,,1,3,,23331,17,,,1,3,,23339,17,,,1,3,,23344,17,,,1,3,,23346,17,,,1,3,,23351,17,,,1,3,,23366,17,,,1,3,,23375,14,,,1,2,,23383,17,,,1,4,,23384,17,,,1,43,,23385,14,,,1,3,,23390,17,,,1,3,,23392,17,,,1,2,,23394,17,,,1,4,,23401,14,,,1,2,,23406,17,,,1,3,,23412,17,,,1,3,,23417,17,,,1,3,,23419,17,,,1,3,,23425,17,,,1,3,,23434,17,,,1,3,,23442,14,,,1,3,,23205,17,,,1,3,,23207,17,,,1,2,,23216,17,,,1,3,,23225,17,,,1,3,,23227,17,,,1,3,,23234,14,,,1,3,,23235,17,,,1,3,,23239,17,,,1,3,,23244,17,,,1,42,,23252,17,,,1,3,,23259,17,,,1,4,,23260,17,,,1,2,,23271,17,,,1,3,,23278,17,,,1,4,,23280,17,,,1,3,,23289,17,,,1,3,,23298,17,,,1,4,,23306,17,,,1,3,,23309,17,,,1,4,,23314,17,,,1,4,,23318,17,,,1,3,,23323,17,,,1,4,,23328,17,,,1,4,,23332,17,,,1,4,,23340,17,,,1,5,,23345,17,,,1,45,,23352,17,,,1,5,,23367,17,,,1,5,,23376,17,,,1,5,,23386,17,,,1,5,,23395,17,,,1,5,,23407,17,,,1,6,,23413,17,,,1,6,,23426,17,,,1,6,,23435,17,,,1,6,,23208,17,,,1,6,,23217,17,,,1,46,,23228,17,,,1,6,,23240,17,,,1,6,,23253,17,,,1,6,,23261,17,,,1,7,,23272,17,,,1,6,,23281,17,,,1,6,,23290,17,,,1,6,,23299,17,,,1,6,,23310,17,,,1,6,,23319,17,,,1,46,,23324,17,,,1,6,,23333,17,,,1,6,,23341,17,,,1,6,,23353,17,,,1,6,,23368,17,,,1,6,,23377,17,,,1,6,,23387,17,,,1,6,,23396,17,,,1,6,,23408,17,,,1,6,,23414,17,,,1,46,,23427,17,,,1,6,,23436,17,,,1,6,,23209,17,,,1,6,,23218,17,,,1,6,,23229,17,,,1,6,,23241,17,,,1,6,,23254,17,,,1,6,,23262,17,,,1,6,,23273,17,,,1,6,,23282,17,,,1,46,,23291,17,,,1,6,,23300,17,,,1,6,,23311,17,,,1,6,,23320,17,,,1,6,,23325,17,,,1,6,,23334,17,,,1,6,,23342,17,,,1,6,,23354,17,,,1,6,,23369,17,,,1,6,,23378,17,,,1,46,,23388,17,,,1,6,,23397,17,,,1,6,,23409,17,,,1,5,,23415,17,,,1,5,,23428,17,,,1,5,,23437,17,,,1,5,,23210,17,,,1,5,,23212,17,,,1,4,,23219,17,,,1,5,,23230,17,,,1,3,,23236,17,,,1,4,,23242,17,,,1,43,,23248,17,,,1,4,,23255,17,,,1,3,,23263,17,,,1,3,,23267,17,,,1,3,,23274,17,,,1,4,,23283,17,,,1,3,,23284,17,,,1,3,,23292,17,,,1,3,,23296,17,,,1,4,,23301,17,,,1,3,,23307,17,,,1,3,,23312,17,,,1,3,,23315,17,,,1,4,,23321,17,,,1,3,,23326,17,,,1,3,,23329,17,,,1,3,,23335,17,,,1,3,,23343,17,,,1,3,,23347,17,,,1,44,,23355,17,,,1,3,,23358,17,,,1,3,,23362,17,,,1,3,,23370,17,,,1,3,,23374,17,,,1,4,,23379,17,,,1,3,,23389,17,,,1,3,,23393,17,,,1,3,,23398,17,,,1,3,,23402,17,,,1,3,,23410,17,,,1,4,,23416,17,,,1,3,,23420,17,,,1,3,,23429,17,,,1,3,,23430,17,,,1,4,,23438,17,,,1,4,,23211,17,,,1,3,,23213,17,,,1,44,,23220,17,,,1,4,,23231,17,,,1,4,,23237,17,,,1,4,,23245,17,,,1,3,,23249,17,,,1,5,,23256,17,,,1,4,,23264,17,,,1,5,,23268,17,,,1,5,,23275,17,,,1,5,,23285,17,,,1,4,,23293,17,,,1,5,,23302,17,,,1,5,,23316,17,,,1,45,,23330,17,,,1,5,,23336,17,,,1,5,,23348,17,,,1,5,,23356,17,,,1,5,,23359,17,,,1,5,,23363,17,,,1,6,,23371,17,,,1,6,,23380,17,,,1,6,,23399,17,,,1,6,,23403,17,,,1,6,,23421,17,,,1,46,,23431,17,,,1,6,,23439,17,,,1,6,,23214,17,,,1,6,,23221,17,,,1,6,,23232,17,,,1,6,,23246,17,,,1,6,,23250,17,,,1,6,,23257,17,,,1,6,,23265,17,,,1,6,,23269,17,,,1,46,,23286,17,,,1,6,,23294,17,,,1,6,,23303,17,,,1,6,,23317,17,,,1,6,,23337,17,,,1,6,,23349,17,,,1,6,,23357,17,,,1,6,,23360,17,,,1,6,,23364,17,,,1,6,,23372,17,,,1,46,,23381,17,,,1,6,,23400,17,,,1,6,,23404,17,,,1,6,,23422,17,,,1,6,,23432,17,,,1,6,,23440,17,,,1,6,,23215,17,,,1,6,,23222,17,,,1,6,,23233,17,,,1,7,,23247,17,,,1,47,,23258,17,,,1,7,,23266,17,,,1,7,,23270,17,,,1,7,,23287,17,,,1,7,,23295,17,,,1,7,,23304,17,,,1,7,,23338,17,,,1,8,,23350,17,,,1,48,,23361,17,,,1,8,,23365,17,,,1,8,,23373,17,,,1,8,,23382,17,,,1,8,,23423,17,,,1,8,,23433,17,,,1,8,,23441,17,,,1,52,,23223,17,,,1
