100,'GLOBAUX-01-A',556,,20201,21,,,1,50,,20211,21,,,1,11,,20229,21,,,1,10,,20236,21,,,1,10,,20246,21,,,1,10,,20269,21,,,1,10,,20287,21,,,1,50,,20297,21,,,1,10,,20304,21,,,1,10,,20314,21,,,1,10,,20331,21,,,1,10,,20341,21,,,1,10,,20202,21,,,1,50,,20212,21,,,1,10,,20230,21,,,1,11,,20237,21,,,1,10,,20247,21,,,1,9,,20270,21,,,1,9,,20278,21,,,1,50,,20288,21,,,1,9,,20298,21,,,1,9,,20305,21,,,1,8,,20315,21,,,1,8,,20332,21,,,1,9,,20342,21,,,1,8,,20203,21,,,1,49,,20213,21,,,1,8,,20221,21,,,1,9,,20231,21,,,1,8,,20238,21,,,1,9,,20248,21,,,1,7,,20263,21,,,1,8,,20271,21,,,1,48,,20279,21,,,1,7,,20289,21,,,1,8,,20299,21,,,1,8,,20306,21,,,1,7,,20316,21,,,1,8,,20333,21,,,1,8,,20343,21,,,1,7,,20204,21,,,1,48,,20214,21,,,1,8,,20222,21,,,1,7,,20232,21,,,1,7,,20239,21,,,1,7,,20249,21,,,1,7,,20256,21,,,1,6,,20264,21,,,1,7,,20272,21,,,1,6,,20280,21,,,1,47,,20290,21,,,1,6,,20300,21,,,1,7,,20307,21,,,1,6,,20317,21,,,1,7,,20324,21,,,1,6,,20334,21,,,1,7,,20344,21,,,1,6,,20205,21,,,1,7,,20215,21,,,1,46,,20223,21,,,1,7,,20233,21,,,1,6,,20240,21,,,1,7,,20250,21,,,1,6,,20257,21,,,1,7,,20265,21,,,1,6,,20273,21,,,1,7,,20281,21,,,1,6,,20291,21,,,1,47,,20301,21,,,1,6,,20308,21,,,1,7,,20318,21,,,1,6,,20325,21,,,1,7,,20335,21,,,1,6,,20345,21,,,1,7,,20206,21,,,1,6,,20216,21,,,1,7,,20224,21,,,1,46,,20234,21,,,1,7,,20241,21,,,1,6,,20251,21,,,1,7,,20258,21,,,1,6,,20266,21,,,1,7,,20274,21,,,1,6,,20282,21,,,1,7,,20292,21,,,1,7,,20302,21,,,1,46,,20309,21,,,1,7,,20319,21,,,1,6,,20326,21,,,1,7,,20336,21,,,1,6,,20346,21,,,1,7,,20207,21,,,1,6,,20217,21,,,1,7,,20225,21,,,1,6,,20235,21,,,1,7,,20242,21,,,1,46,,20252,21,,,1,7,,20259,21,,,1,6,,20267,21,,,1,6,,20275,21,,,1,7,,20283,21,,,1,6,,20293,21,,,1,7,,20303,21,,,1,6,,20310,21,,,1,7,,20320,21,,,1,47,,20327,21,,,1,8,,20337,21,,,1,7,,20347,21,,,1,8,,20208,21,,,1,8,,20218,21,,,1,7,,20226,21,,,1,8,,20243,21,,,1,7,,20253,21,,,1,48,,20260,21,,,1,8,,20268,21,,,1,7,,20276,21,,,1,8,,20284,21,,,1,8,,20294,21,,,1,8,,20311,21,,,1,9,,20321,21,,,1,48,,20328,21,,,1,9,,20338,21,,,1,8,,20348,21,,,1,8,,20209,21,,,1,9,,20219,21,,,1,8,,20227,21,,,1,9,,20244,21,,,1,48,,20254,21,,,1,9,,20261,21,,,1,8,,20277,21,,,1,8,,20285,21,,,1,9,,20295,21,,,1,9,,20312,21,,,1,10,,20322,21,,,1,50,,20329,21,,,1,10,,20339,21,,,1,10,,20349,21,,,1,10,,20210,21,,,1,10,,20220,21,,,1,10,,20228,21,,,1,50,,20245,21,,,1,10,,20255,21,,,1,10,,20262,21,,,1,10,,20286,21,,,1,9,,20296,21,,,1,10,,20313,21,,,1,50,,20323,21,,,1,10,,20330,21,,,1,10,,20340,21,,,1,14,,20350,21,,,1
100,'GLOBAUX-01-F1',556,,20351,21,,,1,50,,20361,21,,,1,11,,20368,21,,,1,10,,20393,21,,,1,10,,20403,21,,,1,10,,20413,21,,,1,10,,20435,21,,,1,50,,20445,21,,,1,10,,20454,21,,,1,10,,20463,21,,,1,10,,20472,21,,,1,10,,20481,21,,,1,10,,20352,21,,,1,50,,20362,21,,,1,10,,20369,21,,,1,10,,20394,21,,,1,10,,20404,21,,,1,9,,20414,21,,,1,9,,20429,21,,,1,50,,20436,21,,,1,9,,20446,21,,,1,9,,20455,21,,,1,10,,20464,21,,,1,9,,20473,21,,,1,9,,20482,21,,,1,8,,20353,21,,,1,49,,20363,21,,,1,8,,20370,21,,,1,8,,20385,21,,,1,9,,20395,21,,,1,8,,20405,21,,,1,9,,20415,21,,,1,8,,20430,21,,,1,49,,20437,21,,,1,8,,20447,21,,,1,9,,20456,21,,,1,8,,20465,21,,,1,9,,20474,21,,,1,8,,20483,21,,,1,8,,20354,21,,,1,48,,20364,21,,,1,8,,20371,21,,,1,8,,20378,21,,,1,7,,20386,21,,,1,8,,20396,21,,,1,8,,20406,21,,,1,7,,20416,21,,,1,8,,20431,21,,,1,48,,20438,21,,,1,7,,20448,21,,,1,8,,20457,21,,,1,8,,20466,21,,,1,7,,20475,21,,,1,8,,20484,21,,,1,8,,20355,21,,,1,48,,20365,21,,,1,7,,20372,21,,,1,8,,20379,21,,,1,7,,20387,21,,,1,8,,20397,21,,,1,8,,20407,21,,,1,7,,20417,21,,,1,7,,20423,21,,,1,47,,20432,21,,,1,7,,20439,21,,,1,7,,20449,21,,,1,7,,20458,21,,,1,7,,20467,21,,,1,7,,20476,21,,,1,7,,20485,21,,,1,7,,20356,21,,,1,7,,20366,21,,,1,47,,20373,21,,,1,7,,20380,21,,,1,7,,20388,21,,,1,7,,20398,21,,,1,7,,20408,21,,,1,7,,20418,21,,,1,7,,20424,21,,,1,7,,20433,21,,,1,7,,20440,21,,,1,47,,20450,21,,,1,7,,20459,21,,,1,7,,20468,21,,,1,7,,20477,21,,,1,7,,20486,21,,,1,7,,20357,21,,,1,7,,20367,21,,,1,7,,20374,21,,,1,47,,20381,21,,,1,7,,20389,21,,,1,7,,20399,21,,,1,7,,20409,21,,,1,6,,20419,21,,,1,7,,20425,21,,,1,7,,20434,21,,,1,7,,20441,21,,,1,7,,20451,21,,,1,49,,20460,21,,,1,8,,20469,21,,,1,8,,20478,21,,,1,9,,20487,21,,,1,8,,20358,21,,,1,9,,20375,21,,,1,8,,20382,21,,,1,48,,20390,21,,,1,9,,20400,21,,,1,8,,20410,21,,,1,9,,20420,21,,,1,8,,20426,21,,,1,8,,20442,21,,,1,9,,20452,21,,,1,48,,20461,21,,,1,9,,20470,21,,,1,8,,20479,21,,,1,8,,20488,21,,,1,9,,20359,21,,,1,8,,20376,21,,,1,8,,20383,21,,,1,49,,20391,21,,,1,9,,20401,21,,,1,9,,20411,21,,,1,9,,20421,21,,,1,9,,20427,21,,,1,9,,20443,21,,,1,9,,20453,21,,,1,49,,20462,21,,,1,9,,20471,21,,,1,9,,20480,21,,,1,9,,20489,21,,,1,10,,20360,21,,,1,10,,20377,21,,,1,50,,20384,21,,,1,10,,20392,21,,,1,10,,20402,21,,,1,10,,20412,21,,,1,10,,20422,21,,,1,10,,20428,21,,,1,54,,20444,21,,,1
100,'GLOBAUX-01-F2',556,,20490,21,,,1,50,,20500,21,,,1,11,,20507,21,,,1,10,,20532,21,,,1,10,,20542,21,,,1,10,,20552,21,,,1,10,,20574,21,,,1,50,,20584,21,,,1,10,,20593,21,,,1,10,,20602,21,,,1,10,,20611,21,,,1,10,,20620,21,,,1,10,,20491,21,,,1,50,,20501,21,,,1,10,,20508,21,,,1,10,,20533,21,,,1,10,,20543,21,,,1,9,,20553,21,,,1,9,,20568,21,,,1,50,,20575,21,,,1,9,,20585,21,,,1,9,,20594,21,,,1,10,,20603,21,,,1,9,,20612,21,,,1,9,,20621,21,,,1,8,,20492,21,,,1,49,,20502,21,,,1,8,,20509,21,,,1,8,,20524,21,,,1,9,,20534,21,,,1,8,,20544,21,,,1,9,,20554,21,,,1,8,,20569,21,,,1,49,,20576,21,,,1,8,,20586,21,,,1,9,,20595,21,,,1,8,,20604,21,,,1,9,,20613,21,,,1,8,,20622,21,,,1,8,,20493,21,,,1,48,,20503,21,,,1,8,,20510,21,,,1,8,,20517,21,,,1,7,,20525,21,,,1,8,,20535,21,,,1,8,,20545,21,,,1,7,,20555,21,,,1,8,,20570,21,,,1,48,,20577,21,,,1,7,,20587,21,,,1,8,,20596,21,,,1,8,,20605,21,,,1,7,,20614,21,,,1,8,,20623,21,,,1,8,,20494,21,,,1,48,,20504,21,,,1,7,,20511,21,,,1,8,,20518,21,,,1,7,,20526,21,,,1,8,,20536,21,,,1,8,,20546,21,,,1,7,,20556,21,,,1,7,,20562,21,,,1,47,,20571,21,,,1,7,,20578,21,,,1,7,,20588,21,,,1,7,,20597,21,,,1,7,,20606,21,,,1,7,,20615,21,,,1,7,,20624,21,,,1,7,,20495,21,,,1,7,,20505,21,,,1,47,,20512,21,,,1,7,,20519,21,,,1,7,,20527,21,,,1,7,,20537,21,,,1,7,,20547,21,,,1,7,,20557,21,,,1,7,,20563,21,,,1,7,,20572,21,,,1,7,,20579,21,,,1,47,,20589,21,,,1,7,,20598,21,,,1,7,,20607,21,,,1,7,,20616,21,,,1,7,,20625,21,,,1,7,,20496,21,,,1,7,,20506,21,,,1,7,,20513,21,,,1,47,,20520,21,,,1,7,,20528,21,,,1,7,,20538,21,,,1,7,,20548,21,,,1,6,,20558,21,,,1,7,,20564,21,,,1,7,,20573,21,,,1,7,,20580,21,,,1,7,,20590,21,,,1,49,,20599,21,,,1,8,,20608,21,,,1,8,,20617,21,,,1,9,,20626,21,,,1,8,,20497,21,,,1,9,,20514,21,,,1,8,,20521,21,,,1,48,,20529,21,,,1,9,,20539,21,,,1,8,,20549,21,,,1,9,,20559,21,,,1,8,,20565,21,,,1,8,,20581,21,,,1,9,,20591,21,,,1,48,,20600,21,,,1,9,,20609,21,,,1,8,,20618,21,,,1,8,,20627,21,,,1,9,,20498,21,,,1,8,,20515,21,,,1,8,,20522,21,,,1,49,,20530,21,,,1,9,,20540,21,,,1,9,,20550,21,,,1,9,,20560,21,,,1,9,,20566,21,,,1,9,,20582,21,,,1,9,,20592,21,,,1,49,,20601,21,,,1,9,,20610,21,,,1,9,,20619,21,,,1,9,,20628,21,,,1,10,,20499,21,,,1,10,,20516,21,,,1,50,,20523,21,,,1,10,,20531,21,,,1,10,,20541,21,,,1,10,,20551,21,,,1,10,,20561,21,,,1,10,,20567,21,,,1,54,,20583,21,,,1
100,'GLOBAUX-01-I',556,,20629,21,,,1,50,,20639,21,,,1,11,,20646,21,,,1,10,,20671,21,,,1,10,,20681,21,,,1,10,,20691,21,,,1,10,,20713,21,,,1,50,,20723,21,,,1,10,,20732,21,,,1,10,,20741,21,,,1,10,,20750,21,,,1,10,,20759,21,,,1,10,,20630,21,,,1,50,,20640,21,,,1,10,,20647,21,,,1,10,,20672,21,,,1,10,,20682,21,,,1,9,,20692,21,,,1,9,,20707,21,,,1,50,,20714,21,,,1,9,,20724,21,,,1,9,,20733,21,,,1,10,,20742,21,,,1,9,,20751,21,,,1,9,,20760,21,,,1,8,,20631,21,,,1,49,,20641,21,,,1,8,,20648,21,,,1,8,,20663,21,,,1,9,,20673,21,,,1,8,,20683,21,,,1,9,,20693,21,,,1,8,,20708,21,,,1,49,,20715,21,,,1,8,,20725,21,,,1,9,,20734,21,,,1,8,,20743,21,,,1,9,,20752,21,,,1,8,,20761,21,,,1,8,,20632,21,,,1,48,,20642,21,,,1,8,,20649,21,,,1,8,,20656,21,,,1,7,,20664,21,,,1,8,,20674,21,,,1,8,,20684,21,,,1,7,,20694,21,,,1,8,,20709,21,,,1,48,,20716,21,,,1,7,,20726,21,,,1,8,,20735,21,,,1,8,,20744,21,,,1,7,,20753,21,,,1,8,,20762,21,,,1,8,,20633,21,,,1,48,,20643,21,,,1,7,,20650,21,,,1,8,,20657,21,,,1,7,,20665,21,,,1,8,,20675,21,,,1,8,,20685,21,,,1,7,,20695,21,,,1,7,,20701,21,,,1,47,,20710,21,,,1,7,,20717,21,,,1,7,,20727,21,,,1,7,,20736,21,,,1,7,,20745,21,,,1,7,,20754,21,,,1,7,,20763,21,,,1,7,,20634,21,,,1,7,,20644,21,,,1,47,,20651,21,,,1,7,,20658,21,,,1,7,,20666,21,,,1,7,,20676,21,,,1,7,,20686,21,,,1,7,,20696,21,,,1,7,,20702,21,,,1,7,,20711,21,,,1,7,,20718,21,,,1,47,,20728,21,,,1,7,,20737,21,,,1,7,,20746,21,,,1,7,,20755,21,,,1,7,,20764,21,,,1,7,,20635,21,,,1,7,,20645,21,,,1,7,,20652,21,,,1,47,,20659,21,,,1,7,,20667,21,,,1,7,,20677,21,,,1,7,,20687,21,,,1,6,,20697,21,,,1,7,,20703,21,,,1,7,,20712,21,,,1,7,,20719,21,,,1,7,,20729,21,,,1,49,,20738,21,,,1,8,,20747,21,,,1,8,,20756,21,,,1,9,,20765,21,,,1,8,,20636,21,,,1,9,,20653,21,,,1,8,,20660,21,,,1,48,,20668,21,,,1,9,,20678,21,,,1,8,,20688,21,,,1,9,,20698,21,,,1,8,,20704,21,,,1,8,,20720,21,,,1,9,,20730,21,,,1,48,,20739,21,,,1,9,,20748,21,,,1,8,,20757,21,,,1,8,,20766,21,,,1,9,,20637,21,,,1,8,,20654,21,,,1,8,,20661,21,,,1,49,,20669,21,,,1,9,,20679,21,,,1,9,,20689,21,,,1,9,,20699,21,,,1,9,,20705,21,,,1,9,,20721,21,,,1,9,,20731,21,,,1,49,,20740,21,,,1,9,,20749,21,,,1,9,,20758,21,,,1,9,,20767,21,,,1,10,,20638,21,,,1,10,,20655,21,,,1,50,,20662,21,,,1,10,,20670,21,,,1,10,,20680,21,,,1,10,,20690,21,,,1,10,,20700,21,,,1,10,,20706,21,,,1,54,,20722,21,,,1
100,'GLOBAUX-01-S',557,,20768,21,,,1,47,,20796,21,,,1,7,,20806,21,,,1,7,,20826,21,,,1,6,,20848,21,,,1,7,,20852,21,,,1,7,,20859,21,,,1,7,,20870,21,,,1,5,,20876,21,,,1,4,,20893,21,,,1,4,,20902,21,,,1,44,,20905,21,,,1,3,,20913,21,,,1,4,,20930,21,,,1,3,,20936,21,,,1,4,,20946,21,,,1,3,,20948,21,,,1,3,,20950,21,,,1,3,,20952,21,,,1,4,,20968,21,,,1,3,,20977,21,,,1,3,,20979,21,,,1,3,,20997,21,,,1,4,,21003,21,,,1,3,,21004,21,,,1,3,,20769,21,,,1,4,,20787,21,,,1,3,,20789,21,,,1,3,,20797,21,,,1,43,,20807,21,,,1,4,,20808,21,,,1,3,,20809,21,,,1,3,,20811,21,,,1,3,,20812,21,,,1,3,,20827,21,,,1,3,,20833,21,,,1,3,,20839,21,,,1,3,,20849,21,,,1,3,,20853,21,,,1,3,,20860,21,,,1,3,,20865,21,,,1,3,,20871,21,,,1,3,,20877,21,,,1,3,,20894,21,,,1,3,,20903,21,,,1,3,,20906,21,,,1,4,,20912,21,,,1,3,,20914,21,,,1,43,,20931,21,,,1,3,,20937,21,,,1,3,,20947,21,,,1,4,,20949,21,,,1,3,,20951,21,,,1,3,,20955,21,,,1,4,,20960,21,,,1,3,,20969,21,,,1,4,,20978,21,,,1,3,,20984,21,,,1,4,,20998,21,,,1,4,,21005,21,,,1,3,,20770,21,,,1,5,,20780,21,,,1,4,,20790,21,,,1,5,,20798,21,,,1,45,,20810,21,,,1,5,,20813,21,,,1,5,,20828,21,,,1,6,,20840,21,,,1,6,,20854,21,,,1,6,,20866,21,,,1,6,,20878,21,,,1,6,,20895,21,,,1,7,,20907,21,,,1,6,,20915,21,,,1,6,,20932,21,,,1,46,,20938,21,,,1,6,,20956,21,,,1,5,,20961,21,,,1,6,,20970,21,,,1,6,,20985,21,,,1,6,,20999,21,,,1,6,,20771,21,,,1,6,,20781,21,,,1,6,,20791,21,,,1,6,,20799,21,,,1,46,,20814,21,,,1,6,,20829,21,,,1,7,,20841,21,,,1,6,,20855,21,,,1,6,,20867,21,,,1,6,,20879,21,,,1,6,,20896,21,,,1,6,,20908,21,,,1,6,,20916,21,,,1,6,,20933,21,,,1,46,,20939,21,,,1,6,,20957,21,,,1,6,,20962,21,,,1,6,,20971,21,,,1,6,,20986,21,,,1,6,,21000,21,,,1,6,,20772,21,,,1,6,,20782,21,,,1,6,,20792,21,,,1,6,,20800,21,,,1,46,,20815,21,,,1,6,,20830,21,,,1,6,,20842,21,,,1,6,,20856,21,,,1,6,,20868,21,,,1,6,,20880,21,,,1,6,,20897,21,,,1,6,,20909,21,,,1,6,,20917,21,,,1,6,,20934,21,,,1,46,,20940,21,,,1,6,,20958,21,,,1,6,,20963,21,,,1,6,,20972,21,,,1,5,,20987,21,,,1,5,,20989,21,,,1,4,,21001,21,,,1,4,,20773,21,,,1,4,,20775,21,,,1,4,,20783,21,,,1,4,,20793,21,,,1,4,,20795,21,,,1,44,,20801,21,,,1,3,,20816,21,,,1,4,,20821,21,,,1,3,,20831,21,,,1,4,,20834,21,,,1,3,,20843,21,,,1,3,,20850,21,,,1,3,,20857,21,,,1,4,,20869,21,,,1,3,,20872,21,,,1,3,,20881,21,,,1,3,,20886,21,,,1,3,,20891,21,,,1,3,,20898,21,,,1,3,,20904,21,,,1,2,,20910,21,,,1,3,,20918,21,,,1,3,,20923,21,,,1,3,,20925,21,,,1,2,,20935,21,,,1,43,,20941,21,,,1,3,,20953,21,,,1,3,,20954,21,,,1,2,,20959,21,,,1,3,,20964,21,,,1,3,,20973,21,,,1,3,,20980,21,,,1,2,,20983,21,,,1,3,,20988,21,,,1,3,,20990,21,,,1,3,,20993,21,,,1,2,,21002,21,,,1,3,,20774,21,,,1,3,,20776,21,,,1,3,,20784,21,,,1,3,,20788,21,,,1,3,,20794,21,,,1,3,,20802,21,,,1,4,,20817,21,,,1,3,,20822,21,,,1,44,,20832,21,,,1,4,,20835,21,,,1,3,,20844,21,,,1,4,,20851,21,,,1,3,,20858,21,,,1,4,,20861,21,,,1,4,,20873,21,,,1,4,,20882,21,,,1,4,,20887,21,,,1,4,,20892,21,,,1,4,,20899,21,,,1,4,,20911,21,,,1,4,,20919,21,,,1,4,,20924,21,,,1,4,,20926,21,,,1,4,,20942,21,,,1,46,,20965,21,,,1,6,,20974,21,,,1,5,,20981,21,,,1,6,,20991,21,,,1,6,,20994,21,,,1,6,,20777,21,,,1,6,,20785,21,,,1,6,,20803,21,,,1,6,,20818,21,,,1,6,,20823,21,,,1,46,,20836,21,,,1,6,,20845,21,,,1,6,,20862,21,,,1,6,,20874,21,,,1,6,,20883,21,,,1,6,,20888,21,,,1,6,,20900,21,,,1,6,,20920,21,,,1,6,,20927,21,,,1,6,,20943,21,,,1,47,,20966,21,,,1,6,,20975,21,,,1,6,,20982,21,,,1,6,,20992,21,,,1,6,,20995,21,,,1,6,,20778,21,,,1,6,,20786,21,,,1,6,,20804,21,,,1,6,,20819,21,,,1,6,,20824,21,,,1,46,,20837,21,,,1,6,,20846,21,,,1,6,,20863,21,,,1,6,,20875,21,,,1,6,,20884,21,,,1,6,,20889,21,,,1,7,,20901,21,,,1,6,,20921,21,,,1,7,,20928,21,,,1,48,,20944,21,,,1,8,,20967,21,,,1,8,,20976,21,,,1,8,,20996,21,,,1,8,,20779,21,,,1,7,,20805,21,,,1,8,,20820,21,,,1,8,,20825,21,,,1,48,,20838,21,,,1,8,,20847,21,,,1,8,,20864,21,,,1,8,,20885,21,,,1,8,,20890,21,,,1,8,,20922,21,,,1,8,,20929,21,,,1,52,,20945,21,,,1
101,'GLOBAUX-01-A',538,,21092,7,,,1,10,,21102,7,,,1,10,,21109,7,,,1,50,,21119,7,,,1,10,,21136,7,,,1,10,,21146,7,,,1,10,,21006,7,,,1,10,,21016,7,,,1,10,,21035,7,,,1,50,,21042,7,,,1,10,,21052,7,,,1,10,,21074,7,,,1,9,,21082,7,,,1,9,,21093,7,,,1,10,,21103,7,,,1,49,,21110,7,,,1,9,,21120,7,,,1,9,,21137,7,,,1,8,,21147,7,,,1,9,,21007,7,,,1,8,,21017,7,,,1,9,,21026,7,,,1,48,,21036,7,,,1,8,,21043,7,,,1,9,,21053,7,,,1,8,,21075,7,,,1,9,,21083,7,,,1,8,,21094,7,,,1,9,,21104,7,,,1,48,,21111,7,,,1,8,,21121,7,,,1,9,,21138,7,,,1,8,,21148,7,,,1,9,,21008,7,,,1,8,,21018,7,,,1,8,,21027,7,,,1,47,,21037,7,,,1,8,,21044,7,,,1,8,,21054,7,,,1,7,,21069,7,,,1,8,,21076,7,,,1,8,,21084,7,,,1,7,,21095,7,,,1,8,,21105,7,,,1,48,,21112,7,,,1,7,,21122,7,,,1,6,,21129,7,,,1,7,,21139,7,,,1,6,,21149,7,,,1,7,,21009,7,,,1,6,,21019,7,,,1,7,,21028,7,,,1,6,,21038,7,,,1,47,,21045,7,,,1,6,,21055,7,,,1,7,,21062,7,,,1,6,,21070,7,,,1,7,,21077,7,,,1,6,,21085,7,,,1,7,,21096,7,,,1,6,,21106,7,,,1,7,,21113,7,,,1,46,,21123,7,,,1,7,,21130,7,,,1,6,,21140,7,,,1,7,,21150,7,,,1,6,,21010,7,,,1,7,,21020,7,,,1,6,,21029,7,,,1,7,,21039,7,,,1,6,,21046,7,,,1,7,,21056,7,,,1,46,,21063,7,,,1,7,,21071,7,,,1,6,,21078,7,,,1,7,,21086,7,,,1,6,,21097,7,,,1,7,,21107,7,,,1,6,,21114,7,,,1,7,,21124,7,,,1,6,,21131,7,,,1,47,,21141,7,,,1,6,,21151,7,,,1,7,,21011,7,,,1,6,,21021,7,,,1,7,,21030,7,,,1,6,,21040,7,,,1,7,,21047,7,,,1,6,,21057,7,,,1,7,,21064,7,,,1,46,,21072,7,,,1,7,,21079,7,,,1,6,,21087,7,,,1,7,,21098,7,,,1,6,,21108,7,,,1,7,,21115,7,,,1,6,,21125,7,,,1,7,,21132,7,,,1,6,,21142,7,,,1,47,,21152,7,,,1,6,,21012,7,,,1,7,,21022,7,,,1,6,,21031,7,,,1,7,,21041,7,,,1,6,,21048,7,,,1,7,,21058,7,,,1,8,,21065,7,,,1,7,,21073,7,,,1,48,,21080,7,,,1,8,,21088,7,,,1,7,,21099,7,,,1,8,,21116,7,,,1,8,,21126,7,,,1,8,,21133,7,,,1,8,,21143,7,,,1,9,,21153,7,,,1,48,,21013,7,,,1,9,,21023,7,,,1,8,,21032,7,,,1,8,,21049,7,,,1,9,,21059,7,,,1,8,,21066,7,,,1,9,,21081,7,,,1,48,,21089,7,,,1,8,,21100,7,,,1,9,,21117,7,,,1,8,,21127,7,,,1,9,,21134,7,,,1,9,,21144,7,,,1,9,,21154,7,,,1,50,,21014,7,,,1,9,,21024,7,,,1,10,,21033,7,,,1,9,,21050,7,,,1,10,,21060,7,,,1,10,,21067,7,,,1,50,,21090,7,,,1,10,,21101,7,,,1,10,,21118,7,,,1,10,,21128,7,,,1,10,,21135,7,,,1,10,,21145,7,,,1,50,,21155,7,,,1,10,,21015,7,,,1,10,,21025,7,,,1,10,,21034,7,,,1,10,,21051,7,,,1,10,,21061,7,,,1,50,,21068,7,,,1,10,,21091,7,,,1
101,'GLOBAUX-01-F1',538,,21236,7,,,1,10,,21246,7,,,1,10,,21255,7,,,1,50,,21265,7,,,1,10,,21275,7,,,1,10,,21285,7,,,1,10,,21156,7,,,1,10,,21166,7,,,1,10,,21173,7,,,1,50,,21198,7,,,1,10,,21207,7,,,1,10,,21216,7,,,1,9,,21230,7,,,1,9,,21237,7,,,1,10,,21247,7,,,1,49,,21256,7,,,1,9,,21266,7,,,1,10,,21276,7,,,1,8,,21286,7,,,1,8,,21157,7,,,1,9,,21167,7,,,1,8,,21174,7,,,1,49,,21190,7,,,1,8,,21199,7,,,1,9,,21208,7,,,1,8,,21217,7,,,1,8,,21231,7,,,1,9,,21238,7,,,1,8,,21248,7,,,1,49,,21257,7,,,1,8,,21267,7,,,1,9,,21277,7,,,1,8,,21287,7,,,1,8,,21158,7,,,1,9,,21168,7,,,1,8,,21175,7,,,1,49,,21191,7,,,1,8,,21200,7,,,1,9,,21209,7,,,1,8,,21218,7,,,1,8,,21232,7,,,1,9,,21239,7,,,1,8,,21249,7,,,1,49,,21258,7,,,1,8,,21268,7,,,1,9,,21278,7,,,1,7,,21288,7,,,1,8,,21159,7,,,1,8,,21169,7,,,1,7,,21176,7,,,1,8,,21183,7,,,1,47,,21192,7,,,1,8,,21201,7,,,1,8,,21210,7,,,1,7,,21219,7,,,1,8,,21233,7,,,1,8,,21240,7,,,1,7,,21250,7,,,1,8,,21259,7,,,1,48,,21269,7,,,1,7,,21279,7,,,1,8,,21289,7,,,1,8,,21160,7,,,1,7,,21170,7,,,1,8,,21177,7,,,1,8,,21184,7,,,1,47,,21193,7,,,1,7,,21202,7,,,1,7,,21211,7,,,1,7,,21220,7,,,1,7,,21225,7,,,1,7,,21234,7,,,1,7,,21241,7,,,1,7,,21251,7,,,1,7,,21260,7,,,1,47,,21270,7,,,1,7,,21280,7,,,1,7,,21290,7,,,1,7,,21161,7,,,1,7,,21171,7,,,1,7,,21178,7,,,1,7,,21185,7,,,1,7,,21194,7,,,1,7,,21203,7,,,1,47,,21212,7,,,1,7,,21221,7,,,1,7,,21226,7,,,1,7,,21235,7,,,1,7,,21242,7,,,1,7,,21252,7,,,1,7,,21261,7,,,1,7,,21271,7,,,1,47,,21281,7,,,1,7,,21291,7,,,1,7,,21162,7,,,1,7,,21172,7,,,1,7,,21179,7,,,1,7,,21186,7,,,1,9,,21195,7,,,1,8,,21204,7,,,1,49,,21213,7,,,1,8,,21222,7,,,1,8,,21227,7,,,1,9,,21243,7,,,1,8,,21253,7,,,1,9,,21262,7,,,1,8,,21272,7,,,1,48,,21282,7,,,1,9,,21292,7,,,1,8,,21163,7,,,1,9,,21180,7,,,1,8,,21187,7,,,1,9,,21196,7,,,1,8,,21205,7,,,1,48,,21214,7,,,1,9,,21223,7,,,1,8,,21228,7,,,1,9,,21244,7,,,1,8,,21254,7,,,1,8,,21263,7,,,1,9,,21273,7,,,1,8,,21283,7,,,1,49,,21293,7,,,1,8,,21164,7,,,1,10,,21181,7,,,1,10,,21188,7,,,1,10,,21197,7,,,1,10,,21206,7,,,1,50,,21215,7,,,1,10,,21224,7,,,1,10,,21229,7,,,1,10,,21245,7,,,1,10,,21264,7,,,1,10,,21274,7,,,1,50,,21284,7,,,1,10,,21294,7,,,1,10,,21165,7,,,1,10,,21182,7,,,1,10,,21189,7,,,1
101,'GLOBAUX-01-F2',538,,21375,7,,,1,10,,21385,7,,,1,10,,21394,7,,,1,50,,21404,7,,,1,10,,21414,7,,,1,10,,21424,7,,,1,10,,21295,7,,,1,10,,21305,7,,,1,10,,21312,7,,,1,50,,21337,7,,,1,10,,21346,7,,,1,10,,21355,7,,,1,9,,21369,7,,,1,9,,21376,7,,,1,10,,21386,7,,,1,49,,21395,7,,,1,9,,21405,7,,,1,10,,21415,7,,,1,8,,21425,7,,,1,8,,21296,7,,,1,9,,21306,7,,,1,8,,21313,7,,,1,49,,21329,7,,,1,8,,21338,7,,,1,9,,21347,7,,,1,8,,21356,7,,,1,8,,21370,7,,,1,9,,21377,7,,,1,8,,21387,7,,,1,49,,21396,7,,,1,8,,21406,7,,,1,9,,21416,7,,,1,8,,21426,7,,,1,8,,21297,7,,,1,9,,21307,7,,,1,8,,21314,7,,,1,49,,21330,7,,,1,8,,21339,7,,,1,9,,21348,7,,,1,8,,21357,7,,,1,8,,21371,7,,,1,9,,21378,7,,,1,8,,21388,7,,,1,49,,21397,7,,,1,8,,21407,7,,,1,9,,21417,7,,,1,7,,21427,7,,,1,8,,21298,7,,,1,8,,21308,7,,,1,7,,21315,7,,,1,8,,21322,7,,,1,47,,21331,7,,,1,8,,21340,7,,,1,8,,21349,7,,,1,7,,21358,7,,,1,8,,21372,7,,,1,8,,21379,7,,,1,7,,21389,7,,,1,8,,21398,7,,,1,48,,21408,7,,,1,7,,21418,7,,,1,8,,21428,7,,,1,8,,21299,7,,,1,7,,21309,7,,,1,8,,21316,7,,,1,8,,21323,7,,,1,47,,21332,7,,,1,7,,21341,7,,,1,7,,21350,7,,,1,7,,21359,7,,,1,7,,21364,7,,,1,7,,21373,7,,,1,7,,21380,7,,,1,7,,21390,7,,,1,7,,21399,7,,,1,47,,21409,7,,,1,7,,21419,7,,,1,7,,21429,7,,,1,7,,21300,7,,,1,7,,21310,7,,,1,7,,21317,7,,,1,7,,21324,7,,,1,7,,21333,7,,,1,7,,21342,7,,,1,47,,21351,7,,,1,7,,21360,7,,,1,7,,21365,7,,,1,7,,21374,7,,,1,7,,21381,7,,,1,7,,21391,7,,,1,7,,21400,7,,,1,7,,21410,7,,,1,47,,21420,7,,,1,7,,21430,7,,,1,7,,21301,7,,,1,7,,21311,7,,,1,7,,21318,7,,,1,7,,21325,7,,,1,9,,21334,7,,,1,8,,21343,7,,,1,49,,21352,7,,,1,8,,21361,7,,,1,8,,21366,7,,,1,9,,21382,7,,,1,8,,21392,7,,,1,9,,21401,7,,,1,8,,21411,7,,,1,48,,21421,7,,,1,9,,21431,7,,,1,8,,21302,7,,,1,9,,21319,7,,,1,8,,21326,7,,,1,9,,21335,7,,,1,8,,21344,7,,,1,48,,21353,7,,,1,9,,21362,7,,,1,8,,21367,7,,,1,9,,21383,7,,,1,8,,21393,7,,,1,8,,21402,7,,,1,9,,21412,7,,,1,8,,21422,7,,,1,49,,21432,7,,,1,8,,21303,7,,,1,10,,21320,7,,,1,10,,21327,7,,,1,10,,21336,7,,,1,10,,21345,7,,,1,50,,21354,7,,,1,10,,21363,7,,,1,10,,21368,7,,,1,10,,21384,7,,,1,10,,21403,7,,,1,10,,21413,7,,,1,50,,21423,7,,,1,10,,21433,7,,,1,10,,21304,7,,,1,10,,21321,7,,,1,10,,21328,7,,,1
101,'GLOBAUX-01-I',538,,21514,7,,,1,10,,21524,7,,,1,10,,21533,7,,,1,50,,21543,7,,,1,10,,21553,7,,,1,10,,21563,7,,,1,10,,21434,7,,,1,10,,21444,7,,,1,10,,21451,7,,,1,50,,21476,7,,,1,10,,21485,7,,,1,10,,21494,7,,,1,9,,21508,7,,,1,9,,21515,7,,,1,10,,21525,7,,,1,49,,21534,7,,,1,9,,21544,7,,,1,10,,21554,7,,,1,8,,21564,7,,,1,8,,21435,7,,,1,9,,21445,7,,,1,8,,21452,7,,,1,49,,21468,7,,,1,8,,21477,7,,,1,9,,21486,7,,,1,8,,21495,7,,,1,8,,21509,7,,,1,9,,21516,7,,,1,8,,21526,7,,,1,49,,21535,7,,,1,8,,21545,7,,,1,9,,21555,7,,,1,8,,21565,7,,,1,8,,21436,7,,,1,9,,21446,7,,,1,8,,21453,7,,,1,49,,21469,7,,,1,8,,21478,7,,,1,9,,21487,7,,,1,8,,21496,7,,,1,8,,21510,7,,,1,9,,21517,7,,,1,8,,21527,7,,,1,49,,21536,7,,,1,8,,21546,7,,,1,9,,21556,7,,,1,7,,21566,7,,,1,8,,21437,7,,,1,8,,21447,7,,,1,7,,21454,7,,,1,8,,21461,7,,,1,47,,21470,7,,,1,8,,21479,7,,,1,8,,21488,7,,,1,7,,21497,7,,,1,8,,21511,7,,,1,8,,21518,7,,,1,7,,21528,7,,,1,8,,21537,7,,,1,48,,21547,7,,,1,7,,21557,7,,,1,8,,21567,7,,,1,8,,21438,7,,,1,7,,21448,7,,,1,8,,21455,7,,,1,8,,21462,7,,,1,47,,21471,7,,,1,7,,21480,7,,,1,7,,21489,7,,,1,7,,21498,7,,,1,7,,21503,7,,,1,7,,21512,7,,,1,7,,21519,7,,,1,7,,21529,7,,,1,7,,21538,7,,,1,47,,21548,7,,,1,7,,21558,7,,,1,7,,21568,7,,,1,7,,21439,7,,,1,7,,21449,7,,,1,7,,21456,7,,,1,7,,21463,7,,,1,7,,21472,7,,,1,7,,21481,7,,,1,47,,21490,7,,,1,7,,21499,7,,,1,7,,21504,7,,,1,7,,21513,7,,,1,7,,21520,7,,,1,7,,21530,7,,,1,7,,21539,7,,,1,7,,21549,7,,,1,47,,21559,7,,,1,7,,21569,7,,,1,7,,21440,7,,,1,7,,21450,7,,,1,7,,21457,7,,,1,7,,21464,7,,,1,9,,21473,7,,,1,8,,21482,7,,,1,49,,21491,7,,,1,8,,21500,7,,,1,8,,21505,7,,,1,9,,21521,7,,,1,8,,21531,7,,,1,9,,21540,7,,,1,8,,21550,7,,,1,48,,21560,7,,,1,9,,21570,7,,,1,8,,21441,7,,,1,9,,21458,7,,,1,8,,21465,7,,,1,9,,21474,7,,,1,8,,21483,7,,,1,48,,21492,7,,,1,9,,21501,7,,,1,8,,21506,7,,,1,9,,21522,7,,,1,8,,21532,7,,,1,8,,21541,7,,,1,9,,21551,7,,,1,8,,21561,7,,,1,49,,21571,7,,,1,8,,21442,7,,,1,10,,21459,7,,,1,10,,21466,7,,,1,10,,21475,7,,,1,10,,21484,7,,,1,50,,21493,7,,,1,10,,21502,7,,,1,10,,21507,7,,,1,10,,21523,7,,,1,10,,21542,7,,,1,10,,21552,7,,,1,50,,21562,7,,,1,10,,21572,7,,,1,10,,21443,7,,,1,10,,21460,7,,,1,10,,21467,7,,,1
101,'GLOBAUX-01-S',538,,21696,7,,,1,8,,21708,7,,,1,7,,21732,7,,,1,47,,21749,7,,,1,7,,21753,7,,,1,7,,21772,7,,,1,7,,21802,7,,,1,7,,21809,7,,,1,5,,21573,7,,,1,5,,21595,7,,,1,5,,21602,7,,,1,5,,21612,7,,,1,5,,21616,7,,,1,4,,21618,7,,,1,44,,21633,7,,,1,4,,21640,7,,,1,4,,21655,7,,,1,3,,21659,7,,,1,4,,21665,7,,,1,3,,21670,7,,,1,4,,21676,7,,,1,4,,21681,7,,,1,3,,21697,7,,,1,3,,21705,7,,,1,4,,21709,7,,,1,3,,21717,7,,,1,3,,21733,7,,,1,3,,21739,7,,,1,3,,21740,7,,,1,3,,21750,7,,,1,2,,21752,7,,,1,3,,21754,7,,,1,43,,21755,7,,,1,3,,21757,7,,,1,2,,21763,7,,,1,3,,21773,7,,,1,2,,21782,7,,,1,3,,21783,7,,,1,2,,21788,7,,,1,3,,21803,7,,,1,2,,21808,7,,,1,3,,21810,7,,,1,2,,21574,7,,,1,3,,21585,7,,,1,2,,21593,7,,,1,3,,21596,7,,,1,2,,21603,7,,,1,3,,21613,7,,,1,3,,21614,7,,,1,3,,21615,7,,,1,3,,21617,7,,,1,3,,21619,7,,,1,3,,21634,7,,,1,3,,21641,7,,,1,3,,21647,7,,,1,43,,21656,7,,,1,3,,21660,7,,,1,4,,21671,7,,,1,3,,21677,7,,,1,3,,21682,7,,,1,4,,21698,7,,,1,4,,21706,7,,,1,3,,21710,7,,,1,4,,21716,7,,,1,4,,21718,7,,,1,3,,21734,7,,,1,5,,21741,7,,,1,5,,21751,7,,,1,5,,21758,7,,,1,5,,21764,7,,,1,46,,21774,7,,,1,6,,21789,7,,,1,6,,21804,7,,,1,6,,21575,7,,,1,6,,21586,7,,,1,6,,21597,7,,,1,6,,21604,7,,,1,6,,21620,7,,,1,6,,21635,7,,,1,6,,21648,7,,,1,46,,21661,7,,,1,6,,21672,7,,,1,6,,21683,7,,,1,6,,21699,7,,,1,6,,21711,7,,,1,6,,21719,7,,,1,6,,21735,7,,,1,6,,21742,7,,,1,6,,21759,7,,,1,6,,21765,7,,,1,46,,21775,7,,,1,6,,21790,7,,,1,6,,21805,7,,,1,6,,21576,7,,,1,6,,21587,7,,,1,6,,21598,7,,,1,6,,21605,7,,,1,6,,21621,7,,,1,6,,21636,7,,,1,6,,21649,7,,,1,46,,21662,7,,,1,6,,21673,7,,,1,6,,21684,7,,,1,6,,21700,7,,,1,6,,21712,7,,,1,6,,21720,7,,,1,6,,21736,7,,,1,6,,21743,7,,,1,6,,21760,7,,,1,6,,21766,7,,,1,46,,21776,7,,,1,6,,21791,7,,,1,6,,21806,7,,,1,6,,21577,7,,,1,6,,21588,7,,,1,6,,21599,7,,,1,6,,21606,7,,,1,6,,21622,7,,,1,6,,21637,7,,,1,6,,21650,7,,,1,46,,21663,7,,,1,6,,21674,7,,,1,6,,21685,7,,,1,5,,21694,7,,,1,5,,21701,7,,,1,4,,21713,7,,,1,4,,21721,7,,,1,4,,21726,7,,,1,4,,21737,7,,,1,3,,21744,7,,,1,4,,21756,7,,,1,4,,21761,7,,,1,4,,21767,7,,,1,3,,21777,7,,,1,44,,21787,7,,,1,4,,21792,7,,,1,3,,21794,7,,,1,4,,21807,7,,,1,4,,21578,7,,,1,4,,21580,7,,,1,3,,21589,7,,,1,4,,21600,7,,,1,3,,21601,7,,,1,4,,21607,7,,,1,3,,21623,7,,,1,3,,21628,7,,,1,3,,21638,7,,,1,3,,21642,7,,,1,4,,21651,7,,,1,3,,21657,7,,,1,3,,21664,7,,,1,43,,21666,7,,,1,3,,21675,7,,,1,3,,21678,7,,,1,3,,21686,7,,,1,3,,21690,7,,,1,3,,21695,7,,,1,3,,21702,7,,,1,3,,21707,7,,,1,4,,21714,7,,,1,3,,21722,7,,,1,3,,21727,7,,,1,3,,21728,7,,,1,4,,21738,7,,,1,3,,21745,7,,,1,4,,21762,7,,,1,3,,21768,7,,,1,4,,21778,7,,,1,3,,21784,7,,,1,44,,21793,7,,,1,4,,21795,7,,,1,4,,21798,7,,,1,3,,21579,7,,,1,4,,21581,7,,,1,4,,21590,7,,,1,4,,21594,7,,,1,4,,21608,7,,,1,4,,21624,7,,,1,4,,21629,7,,,1,5,,21639,7,,,1,4,,21643,7,,,1,4,,21652,7,,,1,4,,21658,7,,,1,5,,21667,7,,,1,45,,21679,7,,,1,5,,21687,7,,,1,5,,21691,7,,,1,5,,21703,7,,,1,5,,21715,7,,,1,5,,21723,7,,,1,6,,21729,7,,,1,5,,21746,7,,,1,6,,21769,7,,,1,6,,21779,7,,,1,6,,21785,7,,,1,46,,21796,7,,,1,6,,21799,7,,,1,6,,21582,7,,,1,6,,21591,7,,,1,6,,21609,7,,,1,6,,21625,7,,,1,6,,21630,7,,,1,6,,21644,7,,,1,6,,21653,7,,,1,6,,21668,7,,,1,46,,21680,7,,,1,6,,21688,7,,,1,6,,21692,7,,,1,6,,21704,7,,,1,6,,21724,7,,,1,6,,21730,7,,,1,6,,21747,7,,,1,6,,21770,7,,,1,6,,21780,7,,,1,6,,21786,7,,,1,46,,21797,7,,,1,7,,21800,7,,,1,6,,21583,7,,,1,6,,21592,7,,,1,6,,21610,7,,,1,6,,21626,7,,,1,6,,21631,7,,,1,7,,21645,7,,,1,8,,21654,7,,,1,48,,21669,7,,,1,8,,21689,7,,,1,8,,21693,7,,,1,8,,21725,7,,,1,8,,21731,7,,,1,8,,21748,7,,,1,8,,21771,7,,,1,8,,21781,7,,,1,48,,21801,7,,,1,8,,21584,7,,,1,8,,21611,7,,,1,8,,21627,7,,,1,7,,21632,7,,,1,8,,21646,7,,,1
