500,'GLOBAUX-01-A',538,,24707,7,,,1,10,,24725,7,,,1,10,,24743,7,,,1,50,,24760,7,,,1,10,,24777,7,,,1,10,,24805,7,,,1,10,,24822,7,,,1,10,,24708,7,,,1,10,,24726,7,,,1,50,,24744,7,,,1,10,,24761,7,,,1,10,,24778,7,,,1,10,,24806,7,,,1,10,,24823,7,,,1,10,,24709,7,,,1,50,,24727,7,,,1,10,,24745,7,,,1,10,,24762,7,,,1,10,,24779,7,,,1,10,,24807,7,,,1,10,,24824,7,,,1,50,,24710,7,,,1,10,,24728,7,,,1,10,,24746,7,,,1,10,,24763,7,,,1,9,,24780,7,,,1,8,,24794,7,,,1,49,,24808,7,,,1,8,,24825,7,,,1,9,,24711,7,,,1,8,,24729,7,,,1,9,,24747,7,,,1,8,,24764,7,,,1,9,,24781,7,,,1,48,,24795,7,,,1,9,,24809,7,,,1,8,,24826,7,,,1,9,,24712,7,,,1,8,,24730,7,,,1,9,,24748,7,,,1,8,,24765,7,,,1,49,,24782,7,,,1,8,,24796,7,,,1,9,,24810,7,,,1,8,,24827,7,,,1,9,,24713,7,,,1,8,,24731,7,,,1,9,,24749,7,,,1,48,,24766,7,,,1,9,,24783,7,,,1,8,,24797,7,,,1,9,,24811,7,,,1,8,,24828,7,,,1,9,,24714,7,,,1,8,,24732,7,,,1,49,,24750,7,,,1,8,,24767,7,,,1,9,,24784,7,,,1,8,,24798,7,,,1,9,,24812,7,,,1,8,,24829,7,,,1,9,,24715,7,,,1,48,,24733,7,,,1,9,,24751,7,,,1,8,,24768,7,,,1,9,,24785,7,,,1,8,,24799,7,,,1,9,,24813,7,,,1,8,,24830,7,,,1,49,,24716,7,,,1,8,,24734,7,,,1,9,,24752,7,,,1,9,,24769,7,,,1,8,,24786,7,,,1,9,,24800,7,,,1,8,,24814,7,,,1,49,,24831,7,,,1,8,,24717,7,,,1,9,,24735,7,,,1,8,,24753,7,,,1,8,,24770,7,,,1,9,,24787,7,,,1,8,,24801,7,,,1,49,,24815,7,,,1,8,,24832,7,,,1,9,,24718,7,,,1,8,,24736,7,,,1,9,,24754,7,,,1,8,,24771,7,,,1,9,,24788,7,,,1,8,,24802,7,,,1,49,,24816,7,,,1,8,,24833,7,,,1,9,,24719,7,,,1,8,,24737,7,,,1,9,,24755,7,,,1,8,,24772,7,,,1,9,,24789,7,,,1,48,,24803,7,,,1,9,,24817,7,,,1,8,,24834,7,,,1,9,,24720,7,,,1,8,,24738,7,,,1,9,,24756,7,,,1,8,,24773,7,,,1,49,,24790,7,,,1,8,,24804,7,,,1,9,,24818,7,,,1,9,,24835,7,,,1,10,,24721,7,,,1,10,,24739,7,,,1,50,,24757,7,,,1,10,,24774,7,,,1,10,,24791,7,,,1,10,,24819,7,,,1,10,,24836,7,,,1,10,,24722,7,,,1,50,,24740,7,,,1,10,,24758,7,,,1,10,,24775,7,,,1,10,,24792,7,,,1,10,,24820,7,,,1,10,,24837,7,,,1,50,,24723,7,,,1,10,,24741,7,,,1,10,,24759,7,,,1,10,,24776,7,,,1,10,,24793,7,,,1,10,,24821,7,,,1,50,,24838,7,,,1,10,,24724,7,,,1,10,,24742,7,,,1
500,'GLOBAUX-01-F1',538,,24839,7,,,1,10,,24856,7,,,1,10,,24873,7,,,1,50,,24890,7,,,1,10,,24907,7,,,1,10,,24938,7,,,1,10,,24951,7,,,1,10,,24840,7,,,1,10,,24857,7,,,1,50,,24874,7,,,1,10,,24891,7,,,1,10,,24908,7,,,1,10,,24939,7,,,1,10,,24952,7,,,1,10,,24841,7,,,1,50,,24858,7,,,1,10,,24875,7,,,1,10,,24892,7,,,1,10,,24909,7,,,1,10,,24940,7,,,1,10,,24953,7,,,1,50,,24842,7,,,1,10,,24859,7,,,1,10,,24876,7,,,1,10,,24893,7,,,1,9,,24910,7,,,1,8,,24924,7,,,1,49,,24941,7,,,1,8,,24954,7,,,1,9,,24843,7,,,1,8,,24860,7,,,1,9,,24877,7,,,1,8,,24894,7,,,1,9,,24911,7,,,1,48,,24925,7,,,1,9,,24942,7,,,1,8,,24955,7,,,1,9,,24844,7,,,1,8,,24861,7,,,1,9,,24878,7,,,1,8,,24895,7,,,1,49,,24912,7,,,1,8,,24926,7,,,1,9,,24943,7,,,1,8,,24956,7,,,1,9,,24845,7,,,1,8,,24862,7,,,1,9,,24879,7,,,1,48,,24896,7,,,1,9,,24913,7,,,1,8,,24927,7,,,1,9,,24944,7,,,1,8,,24957,7,,,1,9,,24846,7,,,1,8,,24863,7,,,1,49,,24880,7,,,1,8,,24897,7,,,1,9,,24914,7,,,1,8,,24928,7,,,1,9,,24945,7,,,1,8,,24958,7,,,1,9,,24847,7,,,1,48,,24864,7,,,1,9,,24881,7,,,1,8,,24898,7,,,1,9,,24915,7,,,1,8,,24929,7,,,1,9,,24946,7,,,1,8,,24959,7,,,1,49,,24848,7,,,1,8,,24865,7,,,1,9,,24882,7,,,1,8,,24899,7,,,1,9,,24916,7,,,1,8,,24930,7,,,1,9,,24947,7,,,1,48,,24960,7,,,1,9,,24849,7,,,1,8,,24866,7,,,1,9,,24883,7,,,1,8,,24900,7,,,1,9,,24917,7,,,1,8,,24931,7,,,1,49,,24948,7,,,1,8,,24961,7,,,1,9,,24850,7,,,1,8,,24867,7,,,1,9,,24884,7,,,1,8,,24901,7,,,1,9,,24918,7,,,1,8,,24932,7,,,1,49,,24949,7,,,1,8,,24962,7,,,1,9,,24851,7,,,1,8,,24868,7,,,1,9,,24885,7,,,1,8,,24902,7,,,1,9,,24919,7,,,1,48,,24933,7,,,1,9,,24950,7,,,1,8,,24963,7,,,1,9,,24852,7,,,1,10,,24869,7,,,1,10,,24886,7,,,1,50,,24903,7,,,1,10,,24920,7,,,1,10,,24934,7,,,1,10,,24964,7,,,1,10,,24853,7,,,1,10,,24870,7,,,1,50,,24887,7,,,1,10,,24904,7,,,1,10,,24921,7,,,1,10,,24935,7,,,1,10,,24965,7,,,1,10,,24854,7,,,1,50,,24871,7,,,1,10,,24888,7,,,1,10,,24905,7,,,1,10,,24922,7,,,1,10,,24936,7,,,1,10,,24966,7,,,1,50,,24855,7,,,1,10,,24872,7,,,1,10,,24889,7,,,1,10,,24906,7,,,1,10,,24923,7,,,1,10,,24937,7,,,1
500,'GLOBAUX-01-F2',538,,24967,7,,,1,10,,24984,7,,,1,10,,25001,7,,,1,50,,25018,7,,,1,10,,25035,7,,,1,10,,25066,7,,,1,10,,25079,7,,,1,10,,24968,7,,,1,10,,24985,7,,,1,50,,25002,7,,,1,10,,25019,7,,,1,10,,25036,7,,,1,10,,25067,7,,,1,10,,25080,7,,,1,10,,24969,7,,,1,50,,24986,7,,,1,10,,25003,7,,,1,10,,25020,7,,,1,10,,25037,7,,,1,10,,25068,7,,,1,10,,25081,7,,,1,50,,24970,7,,,1,10,,24987,7,,,1,10,,25004,7,,,1,10,,25021,7,,,1,9,,25038,7,,,1,8,,25052,7,,,1,49,,25069,7,,,1,8,,25082,7,,,1,9,,24971,7,,,1,8,,24988,7,,,1,9,,25005,7,,,1,8,,25022,7,,,1,9,,25039,7,,,1,48,,25053,7,,,1,9,,25070,7,,,1,8,,25083,7,,,1,9,,24972,7,,,1,8,,24989,7,,,1,9,,25006,7,,,1,8,,25023,7,,,1,49,,25040,7,,,1,8,,25054,7,,,1,9,,25071,7,,,1,8,,25084,7,,,1,9,,24973,7,,,1,8,,24990,7,,,1,9,,25007,7,,,1,48,,25024,7,,,1,9,,25041,7,,,1,8,,25055,7,,,1,9,,25072,7,,,1,8,,25085,7,,,1,9,,24974,7,,,1,8,,24991,7,,,1,49,,25008,7,,,1,8,,25025,7,,,1,9,,25042,7,,,1,8,,25056,7,,,1,9,,25073,7,,,1,8,,25086,7,,,1,9,,24975,7,,,1,48,,24992,7,,,1,9,,25009,7,,,1,8,,25026,7,,,1,9,,25043,7,,,1,8,,25057,7,,,1,9,,25074,7,,,1,8,,25087,7,,,1,49,,24976,7,,,1,8,,24993,7,,,1,9,,25010,7,,,1,8,,25027,7,,,1,9,,25044,7,,,1,8,,25058,7,,,1,9,,25075,7,,,1,48,,25088,7,,,1,9,,24977,7,,,1,8,,24994,7,,,1,9,,25011,7,,,1,8,,25028,7,,,1,9,,25045,7,,,1,8,,25059,7,,,1,49,,25076,7,,,1,8,,25089,7,,,1,9,,24978,7,,,1,8,,24995,7,,,1,9,,25012,7,,,1,8,,25029,7,,,1,9,,25046,7,,,1,8,,25060,7,,,1,49,,25077,7,,,1,8,,25090,7,,,1,9,,24979,7,,,1,8,,24996,7,,,1,9,,25013,7,,,1,8,,25030,7,,,1,9,,25047,7,,,1,48,,25061,7,,,1,9,,25078,7,,,1,8,,25091,7,,,1,9,,24980,7,,,1,10,,24997,7,,,1,10,,25014,7,,,1,50,,25031,7,,,1,10,,25048,7,,,1,10,,25062,7,,,1,10,,25092,7,,,1,10,,24981,7,,,1,10,,24998,7,,,1,50,,25015,7,,,1,10,,25032,7,,,1,10,,25049,7,,,1,10,,25063,7,,,1,10,,25093,7,,,1,10,,24982,7,,,1,50,,24999,7,,,1,10,,25016,7,,,1,10,,25033,7,,,1,10,,25050,7,,,1,10,,25064,7,,,1,10,,25094,7,,,1,50,,24983,7,,,1,10,,25000,7,,,1,10,,25017,7,,,1,10,,25034,7,,,1,10,,25051,7,,,1,10,,25065,7,,,1
500,'GLOBAUX-01-I',538,,25095,7,,,1,10,,25112,7,,,1,10,,25129,7,,,1,50,,25146,7,,,1,10,,25163,7,,,1,10,,25194,7,,,1,10,,25207,7,,,1,10,,25096,7,,,1,10,,25113,7,,,1,50,,25130,7,,,1,10,,25147,7,,,1,10,,25164,7,,,1,10,,25195,7,,,1,10,,25208,7,,,1,10,,25097,7,,,1,50,,25114,7,,,1,10,,25131,7,,,1,10,,25148,7,,,1,10,,25165,7,,,1,10,,25196,7,,,1,10,,25209,7,,,1,50,,25098,7,,,1,10,,25115,7,,,1,10,,25132,7,,,1,10,,25149,7,,,1,9,,25166,7,,,1,8,,25180,7,,,1,49,,25197,7,,,1,8,,25210,7,,,1,9,,25099,7,,,1,8,,25116,7,,,1,9,,25133,7,,,1,8,,25150,7,,,1,9,,25167,7,,,1,48,,25181,7,,,1,9,,25198,7,,,1,8,,25211,7,,,1,9,,25100,7,,,1,8,,25117,7,,,1,9,,25134,7,,,1,8,,25151,7,,,1,49,,25168,7,,,1,8,,25182,7,,,1,9,,25199,7,,,1,8,,25212,7,,,1,9,,25101,7,,,1,8,,25118,7,,,1,9,,25135,7,,,1,48,,25152,7,,,1,9,,25169,7,,,1,8,,25183,7,,,1,9,,25200,7,,,1,8,,25213,7,,,1,9,,25102,7,,,1,8,,25119,7,,,1,49,,25136,7,,,1,8,,25153,7,,,1,9,,25170,7,,,1,8,,25184,7,,,1,9,,25201,7,,,1,8,,25214,7,,,1,9,,25103,7,,,1,48,,25120,7,,,1,9,,25137,7,,,1,8,,25154,7,,,1,9,,25171,7,,,1,8,,25185,7,,,1,9,,25202,7,,,1,8,,25215,7,,,1,49,,25104,7,,,1,8,,25121,7,,,1,9,,25138,7,,,1,8,,25155,7,,,1,9,,25172,7,,,1,8,,25186,7,,,1,9,,25203,7,,,1,48,,25216,7,,,1,9,,25105,7,,,1,8,,25122,7,,,1,9,,25139,7,,,1,8,,25156,7,,,1,9,,25173,7,,,1,8,,25187,7,,,1,49,,25204,7,,,1,8,,25217,7,,,1,9,,25106,7,,,1,8,,25123,7,,,1,9,,25140,7,,,1,8,,25157,7,,,1,9,,25174,7,,,1,8,,25188,7,,,1,49,,25205,7,,,1,8,,25218,7,,,1,9,,25107,7,,,1,8,,25124,7,,,1,9,,25141,7,,,1,8,,25158,7,,,1,9,,25175,7,,,1,48,,25189,7,,,1,9,,25206,7,,,1,8,,25219,7,,,1,9,,25108,7,,,1,10,,25125,7,,,1,10,,25142,7,,,1,50,,25159,7,,,1,10,,25176,7,,,1,10,,25190,7,,,1,10,,25220,7,,,1,10,,25109,7,,,1,10,,25126,7,,,1,50,,25143,7,,,1,10,,25160,7,,,1,10,,25177,7,,,1,10,,25191,7,,,1,10,,25221,7,,,1,10,,25110,7,,,1,50,,25127,7,,,1,10,,25144,7,,,1,10,,25161,7,,,1,10,,25178,7,,,1,10,,25192,7,,,1,10,,25222,7,,,1,50,,25111,7,,,1,10,,25128,7,,,1,10,,25145,7,,,1,10,,25162,7,,,1,10,,25179,7,,,1,10,,25193,7,,,1
500,'GLOBAUX-01-S',538,,25223,7,,,1,8,,25235,7,,,1,8,,25239,7,,,1,48,,25263,7,,,1,8,,25301,7,,,1,6,,25328,7,,,1,6,,25345,7,,,1,5,,25348,7,,,1,5,,25375,7,,,1,5,,25386,7,,,1,4,,25389,7,,,1,5,,25401,7,,,1,4,,25224,7,,,1,5,,25236,7,,,1,4,,25240,7,,,1,45,,25264,7,,,1,4,,25281,7,,,1,5,,25284,7,,,1,4,,25302,7,,,1,5,,25309,7,,,1,5,,25329,7,,,1,4,,25346,7,,,1,5,,25349,7,,,1,4,,25376,7,,,1,5,,25387,7,,,1,4,,25390,7,,,1,5,,25402,7,,,1,4,,25225,7,,,1,45,,25237,7,,,1,4,,25241,7,,,1,4,,25265,7,,,1,3,,25282,7,,,1,4,,25285,7,,,1,3,,25303,7,,,1,4,,25304,7,,,1,3,,25310,7,,,1,4,,25330,7,,,1,3,,25347,7,,,1,4,,25350,7,,,1,4,,25360,7,,,1,5,,25377,7,,,1,4,,25388,7,,,1,5,,25391,7,,,1,44,,25403,7,,,1,5,,25226,7,,,1,4,,25238,7,,,1,4,,25242,7,,,1,5,,25266,7,,,1,4,,25283,7,,,1,5,,25286,7,,,1,4,,25305,7,,,1,5,,25311,7,,,1,7,,25331,7,,,1,7,,25361,7,,,1,7,,25378,7,,,1,48,,25404,7,,,1,7,,25227,7,,,1,7,,25243,7,,,1,7,,25267,7,,,1,7,,25287,7,,,1,8,,25312,7,,,1,7,,25332,7,,,1,7,,25362,7,,,1,47,,25379,7,,,1,8,,25405,7,,,1,7,,25228,7,,,1,7,,25244,7,,,1,8,,25268,7,,,1,7,,25288,7,,,1,7,,25313,7,,,1,7,,25333,7,,,1,48,,25363,7,,,1,7,,25380,7,,,1,7,,25406,7,,,1,7,,25229,7,,,1,8,,25245,7,,,1,7,,25269,7,,,1,7,,25289,7,,,1,7,,25314,7,,,1,48,,25334,7,,,1,7,,25364,7,,,1,7,,25381,7,,,1,7,,25407,7,,,1,8,,25230,7,,,1,7,,25246,7,,,1,7,,25270,7,,,1,7,,25290,7,,,1,8,,25315,7,,,1,47,,25335,7,,,1,7,,25365,7,,,1,7,,25382,7,,,1,8,,25408,7,,,1,7,,25231,7,,,1,7,,25247,7,,,1,7,,25271,7,,,1,8,,25291,7,,,1,47,,25316,7,,,1,6,,25336,7,,,1,5,,25351,7,,,1,5,,25366,7,,,1,6,,25383,7,,,1,5,,25392,7,,,1,5,,25409,7,,,1,5,,25232,7,,,1,5,,25248,7,,,1,5,,25257,7,,,1,5,,25272,7,,,1,4,,25292,7,,,1,45,,25306,7,,,1,5,,25317,7,,,1,5,,25325,7,,,1,5,,25337,7,,,1,5,,25352,7,,,1,4,,25367,7,,,1,5,,25384,7,,,1,5,,25393,7,,,1,5,,25410,7,,,1,5,,25233,7,,,1,5,,25249,7,,,1,4,,25258,7,,,1,45,,25273,7,,,1,5,,25293,7,,,1,5,,25307,7,,,1,5,,25318,7,,,1,4,,25326,7,,,1,5,,25338,7,,,1,5,,25353,7,,,1,5,,25368,7,,,1,5,,25385,7,,,1,5,,25394,7,,,1,4,,25411,7,,,1,5,,25234,7,,,1,45,,25250,7,,,1,5,,25259,7,,,1,6,,25274,7,,,1,5,,25294,7,,,1,5,,25308,7,,,1,5,,25319,7,,,1,7,,25327,7,,,1,6,,25339,7,,,1,7,,25354,7,,,1,6,,25369,7,,,1,7,,25395,7,,,1,46,,25412,7,,,1,7,,25251,7,,,1,6,,25260,7,,,1,7,,25275,7,,,1,6,,25295,7,,,1,7,,25320,7,,,1,6,,25340,7,,,1,7,,25355,7,,,1,6,,25370,7,,,1,47,,25396,7,,,1,6,,25413,7,,,1,7,,25252,7,,,1,6,,25261,7,,,1,7,,25276,7,,,1,6,,25296,7,,,1,7,,25321,7,,,1,6,,25341,7,,,1,7,,25356,7,,,1,46,,25371,7,,,1,7,,25397,7,,,1,6,,25414,7,,,1,7,,25253,7,,,1,6,,25262,7,,,1,7,,25277,7,,,1,6,,25297,7,,,1,7,,25322,7,,,1,6,,25342,7,,,1,47,,25357,7,,,1,6,,25372,7,,,1,7,,25398,7,,,1,6,,25415,7,,,1,7,,25254,7,,,1,8,,25278,7,,,1,7,,25298,7,,,1,8,,25323,7,,,1,8,,25343,7,,,1,48,,25358,7,,,1,8,,25373,7,,,1,8,,25399,7,,,1,8,,25255,7,,,1,8,,25279,7,,,1,8,,25299,7,,,1,8,,25324,7,,,1,48,,25344,7,,,1,8,,25359,7,,,1,8,,25374,7,,,1,8,,25400,7,,,1,8,,25256,7,,,1,10,,25280,7,,,1,9,,25300,7,,,1
501,'GLOBAUX-01-A',536,,25484,6,,,1,10,,25513,6,,,1,10,,25531,6,,,1,50,,25416,6,,,1,10,,25433,6,,,1,10,,25450,6,,,1,10,,25467,6,,,1,10,,25485,6,,,1,10,,25514,6,,,1,50,,25532,6,,,1,10,,25417,6,,,1,10,,25434,6,,,1,10,,25451,6,,,1,10,,25468,6,,,1,10,,25486,6,,,1,50,,25515,6,,,1,10,,25533,6,,,1,10,,25418,6,,,1,10,,25435,6,,,1,10,,25452,6,,,1,10,,25469,6,,,1,49,,25487,6,,,1,8,,25502,6,,,1,9,,25516,6,,,1,8,,25534,6,,,1,9,,25419,6,,,1,8,,25436,6,,,1,9,,25453,6,,,1,48,,25470,6,,,1,9,,25488,6,,,1,8,,25503,6,,,1,9,,25517,6,,,1,8,,25535,6,,,1,9,,25420,6,,,1,8,,25437,6,,,1,49,,25454,6,,,1,8,,25471,6,,,1,9,,25489,6,,,1,8,,25504,6,,,1,9,,25518,6,,,1,8,,25536,6,,,1,9,,25421,6,,,1,48,,25438,6,,,1,9,,25455,6,,,1,8,,25472,6,,,1,9,,25490,6,,,1,8,,25505,6,,,1,9,,25519,6,,,1,8,,25537,6,,,1,49,,25422,6,,,1,8,,25439,6,,,1,9,,25456,6,,,1,8,,25473,6,,,1,9,,25491,6,,,1,8,,25506,6,,,1,9,,25520,6,,,1,48,,25538,6,,,1,9,,25423,6,,,1,8,,25440,6,,,1,9,,25457,6,,,1,8,,25474,6,,,1,9,,25492,6,,,1,8,,25507,6,,,1,49,,25521,6,,,1,8,,25539,6,,,1,9,,25424,6,,,1,8,,25441,6,,,1,9,,25458,6,,,1,8,,25475,6,,,1,9,,25493,6,,,1,48,,25508,6,,,1,9,,25522,6,,,1,8,,25540,6,,,1,9,,25425,6,,,1,8,,25442,6,,,1,9,,25459,6,,,1,8,,25476,6,,,1,49,,25494,6,,,1,8,,25509,6,,,1,9,,25523,6,,,1,8,,25541,6,,,1,9,,25426,6,,,1,8,,25443,6,,,1,9,,25460,6,,,1,48,,25477,6,,,1,9,,25495,6,,,1,8,,25510,6,,,1,9,,25524,6,,,1,8,,25542,6,,,1,9,,25427,6,,,1,8,,25444,6,,,1,49,,25461,6,,,1,8,,25478,6,,,1,9,,25496,6,,,1,8,,25511,6,,,1,9,,25525,6,,,1,8,,25543,6,,,1,9,,25428,6,,,1,8,,25445,6,,,1,49,,25462,6,,,1,8,,25479,6,,,1,9,,25497,6,,,1,8,,25512,6,,,1,9,,25526,6,,,1,9,,25544,6,,,1,50,,25429,6,,,1,10,,25446,6,,,1,10,,25463,6,,,1,10,,25480,6,,,1,10,,25498,6,,,1,10,,25527,6,,,1,50,,25545,6,,,1,10,,25430,6,,,1,10,,25447,6,,,1,10,,25464,6,,,1,10,,25481,6,,,1,10,,25499,6,,,1,50,,25528,6,,,1,10,,25546,6,,,1,10,,25431,6,,,1,10,,25448,6,,,1,10,,25465,6,,,1,10,,25482,6,,,1,50,,25500,6,,,1,10,,25529,6,,,1,10,,25547,6,,,1,10,,25432,6,,,1,10,,25449,6,,,1,10,,25466,6,,,1,50,,25483,6,,,1,10,,25501,6,,,1,10,,25530,6,,,1
501,'GLOBAUX-01-F1',536,,25615,6,,,1,10,,25646,6,,,1,10,,25659,6,,,1,50,,25548,6,,,1,10,,25565,6,,,1,10,,25582,6,,,1,10,,25599,6,,,1,10,,25616,6,,,1,10,,25647,6,,,1,50,,25660,6,,,1,10,,25549,6,,,1,10,,25566,6,,,1,10,,25583,6,,,1,10,,25600,6,,,1,10,,25617,6,,,1,50,,25648,6,,,1,10,,25661,6,,,1,10,,25550,6,,,1,10,,25567,6,,,1,10,,25584,6,,,1,10,,25601,6,,,1,49,,25618,6,,,1,8,,25632,6,,,1,9,,25649,6,,,1,8,,25662,6,,,1,9,,25551,6,,,1,8,,25568,6,,,1,9,,25585,6,,,1,48,,25602,6,,,1,9,,25619,6,,,1,8,,25633,6,,,1,9,,25650,6,,,1,8,,25663,6,,,1,9,,25552,6,,,1,8,,25569,6,,,1,49,,25586,6,,,1,8,,25603,6,,,1,9,,25620,6,,,1,8,,25634,6,,,1,9,,25651,6,,,1,8,,25664,6,,,1,9,,25553,6,,,1,48,,25570,6,,,1,9,,25587,6,,,1,8,,25604,6,,,1,9,,25621,6,,,1,8,,25635,6,,,1,9,,25652,6,,,1,8,,25665,6,,,1,49,,25554,6,,,1,8,,25571,6,,,1,9,,25588,6,,,1,8,,25605,6,,,1,9,,25622,6,,,1,8,,25636,6,,,1,9,,25653,6,,,1,48,,25666,6,,,1,9,,25555,6,,,1,8,,25572,6,,,1,9,,25589,6,,,1,8,,25606,6,,,1,9,,25623,6,,,1,8,,25637,6,,,1,49,,25654,6,,,1,8,,25667,6,,,1,9,,25556,6,,,1,8,,25573,6,,,1,9,,25590,6,,,1,8,,25607,6,,,1,9,,25624,6,,,1,48,,25638,6,,,1,9,,25655,6,,,1,8,,25668,6,,,1,9,,25557,6,,,1,8,,25574,6,,,1,9,,25591,6,,,1,8,,25608,6,,,1,49,,25625,6,,,1,8,,25639,6,,,1,9,,25656,6,,,1,8,,25669,6,,,1,9,,25558,6,,,1,8,,25575,6,,,1,9,,25592,6,,,1,48,,25609,6,,,1,9,,25626,6,,,1,8,,25640,6,,,1,9,,25657,6,,,1,8,,25670,6,,,1,9,,25559,6,,,1,8,,25576,6,,,1,49,,25593,6,,,1,8,,25610,6,,,1,9,,25627,6,,,1,8,,25641,6,,,1,9,,25658,6,,,1,8,,25671,6,,,1,9,,25560,6,,,1,50,,25577,6,,,1,10,,25594,6,,,1,10,,25611,6,,,1,10,,25628,6,,,1,10,,25642,6,,,1,10,,25672,6,,,1,50,,25561,6,,,1,10,,25578,6,,,1,10,,25595,6,,,1,10,,25612,6,,,1,10,,25629,6,,,1,10,,25643,6,,,1,50,,25673,6,,,1,10,,25562,6,,,1,10,,25579,6,,,1,10,,25596,6,,,1,10,,25613,6,,,1,10,,25630,6,,,1,50,,25644,6,,,1,10,,25674,6,,,1,10,,25563,6,,,1,10,,25580,6,,,1,10,,25597,6,,,1,10,,25614,6,,,1,50,,25631,6,,,1,10,,25645,6,,,1,10,,25675,6,,,1,10,,25564,6,,,1,10,,25581,6,,,1,10,,25598,6,,,1
501,'GLOBAUX-01-F2',536,,25743,6,,,1,10,,25774,6,,,1,10,,25787,6,,,1,50,,25676,6,,,1,10,,25693,6,,,1,10,,25710,6,,,1,10,,25727,6,,,1,10,,25744,6,,,1,10,,25775,6,,,1,50,,25788,6,,,1,10,,25677,6,,,1,10,,25694,6,,,1,10,,25711,6,,,1,10,,25728,6,,,1,10,,25745,6,,,1,50,,25776,6,,,1,10,,25789,6,,,1,10,,25678,6,,,1,10,,25695,6,,,1,10,,25712,6,,,1,10,,25729,6,,,1,49,,25746,6,,,1,8,,25760,6,,,1,9,,25777,6,,,1,8,,25790,6,,,1,9,,25679,6,,,1,8,,25696,6,,,1,9,,25713,6,,,1,48,,25730,6,,,1,9,,25747,6,,,1,8,,25761,6,,,1,9,,25778,6,,,1,8,,25791,6,,,1,9,,25680,6,,,1,8,,25697,6,,,1,49,,25714,6,,,1,8,,25731,6,,,1,9,,25748,6,,,1,8,,25762,6,,,1,9,,25779,6,,,1,8,,25792,6,,,1,9,,25681,6,,,1,48,,25698,6,,,1,9,,25715,6,,,1,8,,25732,6,,,1,9,,25749,6,,,1,8,,25763,6,,,1,9,,25780,6,,,1,8,,25793,6,,,1,49,,25682,6,,,1,8,,25699,6,,,1,9,,25716,6,,,1,8,,25733,6,,,1,9,,25750,6,,,1,8,,25764,6,,,1,9,,25781,6,,,1,48,,25794,6,,,1,9,,25683,6,,,1,8,,25700,6,,,1,9,,25717,6,,,1,8,,25734,6,,,1,9,,25751,6,,,1,8,,25765,6,,,1,49,,25782,6,,,1,8,,25795,6,,,1,9,,25684,6,,,1,8,,25701,6,,,1,9,,25718,6,,,1,8,,25735,6,,,1,9,,25752,6,,,1,48,,25766,6,,,1,9,,25783,6,,,1,8,,25796,6,,,1,9,,25685,6,,,1,8,,25702,6,,,1,9,,25719,6,,,1,8,,25736,6,,,1,49,,25753,6,,,1,8,,25767,6,,,1,9,,25784,6,,,1,8,,25797,6,,,1,9,,25686,6,,,1,8,,25703,6,,,1,9,,25720,6,,,1,48,,25737,6,,,1,9,,25754,6,,,1,8,,25768,6,,,1,9,,25785,6,,,1,8,,25798,6,,,1,9,,25687,6,,,1,8,,25704,6,,,1,49,,25721,6,,,1,8,,25738,6,,,1,9,,25755,6,,,1,8,,25769,6,,,1,9,,25786,6,,,1,8,,25799,6,,,1,9,,25688,6,,,1,50,,25705,6,,,1,10,,25722,6,,,1,10,,25739,6,,,1,10,,25756,6,,,1,10,,25770,6,,,1,10,,25800,6,,,1,50,,25689,6,,,1,10,,25706,6,,,1,10,,25723,6,,,1,10,,25740,6,,,1,10,,25757,6,,,1,10,,25771,6,,,1,50,,25801,6,,,1,10,,25690,6,,,1,10,,25707,6,,,1,10,,25724,6,,,1,10,,25741,6,,,1,10,,25758,6,,,1,50,,25772,6,,,1,10,,25802,6,,,1,10,,25691,6,,,1,10,,25708,6,,,1,10,,25725,6,,,1,10,,25742,6,,,1,50,,25759,6,,,1,10,,25773,6,,,1,10,,25803,6,,,1,10,,25692,6,,,1,10,,25709,6,,,1,10,,25726,6,,,1
501,'GLOBAUX-01-I',536,,25871,6,,,1,10,,25902,6,,,1,10,,25915,6,,,1,50,,25804,6,,,1,10,,25821,6,,,1,10,,25838,6,,,1,10,,25855,6,,,1,10,,25872,6,,,1,10,,25903,6,,,1,50,,25916,6,,,1,10,,25805,6,,,1,10,,25822,6,,,1,10,,25839,6,,,1,10,,25856,6,,,1,10,,25873,6,,,1,50,,25904,6,,,1,10,,25917,6,,,1,10,,25806,6,,,1,10,,25823,6,,,1,10,,25840,6,,,1,10,,25857,6,,,1,49,,25874,6,,,1,8,,25888,6,,,1,9,,25905,6,,,1,8,,25918,6,,,1,9,,25807,6,,,1,8,,25824,6,,,1,9,,25841,6,,,1,48,,25858,6,,,1,9,,25875,6,,,1,8,,25889,6,,,1,9,,25906,6,,,1,8,,25919,6,,,1,9,,25808,6,,,1,8,,25825,6,,,1,49,,25842,6,,,1,8,,25859,6,,,1,9,,25876,6,,,1,8,,25890,6,,,1,9,,25907,6,,,1,8,,25920,6,,,1,9,,25809,6,,,1,48,,25826,6,,,1,9,,25843,6,,,1,8,,25860,6,,,1,9,,25877,6,,,1,8,,25891,6,,,1,9,,25908,6,,,1,8,,25921,6,,,1,49,,25810,6,,,1,8,,25827,6,,,1,9,,25844,6,,,1,8,,25861,6,,,1,9,,25878,6,,,1,8,,25892,6,,,1,9,,25909,6,,,1,48,,25922,6,,,1,9,,25811,6,,,1,8,,25828,6,,,1,9,,25845,6,,,1,8,,25862,6,,,1,9,,25879,6,,,1,8,,25893,6,,,1,49,,25910,6,,,1,8,,25923,6,,,1,9,,25812,6,,,1,8,,25829,6,,,1,9,,25846,6,,,1,8,,25863,6,,,1,9,,25880,6,,,1,48,,25894,6,,,1,9,,25911,6,,,1,8,,25924,6,,,1,9,,25813,6,,,1,8,,25830,6,,,1,9,,25847,6,,,1,8,,25864,6,,,1,49,,25881,6,,,1,8,,25895,6,,,1,9,,25912,6,,,1,8,,25925,6,,,1,9,,25814,6,,,1,8,,25831,6,,,1,9,,25848,6,,,1,48,,25865,6,,,1,9,,25882,6,,,1,8,,25896,6,,,1,9,,25913,6,,,1,8,,25926,6,,,1,9,,25815,6,,,1,8,,25832,6,,,1,49,,25849,6,,,1,8,,25866,6,,,1,9,,25883,6,,,1,8,,25897,6,,,1,9,,25914,6,,,1,8,,25927,6,,,1,9,,25816,6,,,1,50,,25833,6,,,1,10,,25850,6,,,1,10,,25867,6,,,1,10,,25884,6,,,1,10,,25898,6,,,1,10,,25928,6,,,1,50,,25817,6,,,1,10,,25834,6,,,1,10,,25851,6,,,1,10,,25868,6,,,1,10,,25885,6,,,1,10,,25899,6,,,1,50,,25929,6,,,1,10,,25818,6,,,1,10,,25835,6,,,1,10,,25852,6,,,1,10,,25869,6,,,1,10,,25886,6,,,1,50,,25900,6,,,1,10,,25930,6,,,1,10,,25819,6,,,1,10,,25836,6,,,1,10,,25853,6,,,1,10,,25870,6,,,1,50,,25887,6,,,1,10,,25901,6,,,1,10,,25931,6,,,1,10,,25820,6,,,1,10,,25837,6,,,1,10,,25854,6,,,1
501,'GLOBAUX-01-S',536,,26034,6,,,1,8,,26052,6,,,1,8,,26083,6,,,1,48,,26095,6,,,1,7,,25932,6,,,1,7,,25943,6,,,1,7,,25947,6,,,1,6,,25971,6,,,1,5,,25990,6,,,1,5,,26007,6,,,1,4,,26014,6,,,1,5,,26035,6,,,1,4,,26053,6,,,1,5,,26056,6,,,1,4,,26084,6,,,1,45,,26096,6,,,1,4,,26099,6,,,1,5,,26111,6,,,1,4,,25933,6,,,1,5,,25944,6,,,1,5,,25948,6,,,1,4,,25972,6,,,1,5,,25988,6,,,1,4,,25991,6,,,1,4,,26008,6,,,1,4,,26009,6,,,1,3,,26015,6,,,1,4,,26036,6,,,1,3,,26054,6,,,1,44,,26057,6,,,1,3,,26067,6,,,1,4,,26085,6,,,1,3,,26097,6,,,1,4,,26100,6,,,1,4,,26112,6,,,1,4,,25934,6,,,1,5,,25945,6,,,1,4,,25949,6,,,1,5,,25973,6,,,1,4,,25989,6,,,1,5,,25992,6,,,1,4,,26010,6,,,1,5,,26016,6,,,1,44,,26037,6,,,1,5,,26055,6,,,1,4,,26068,6,,,1,4,,26086,6,,,1,5,,26098,6,,,1,4,,26101,6,,,1,5,,26113,6,,,1,4,,25935,6,,,1,5,,25946,6,,,1,5,,25950,6,,,1,7,,25974,6,,,1,8,,25993,6,,,1,47,,26017,6,,,1,7,,26038,6,,,1,7,,26069,6,,,1,8,,26087,6,,,1,7,,26114,6,,,1,7,,25936,6,,,1,7,,25951,6,,,1,8,,25975,6,,,1,47,,25994,6,,,1,7,,26018,6,,,1,7,,26039,6,,,1,8,,26070,6,,,1,7,,26088,6,,,1,7,,26115,6,,,1,7,,25937,6,,,1,8,,25952,6,,,1,7,,25976,6,,,1,47,,25995,6,,,1,7,,26019,6,,,1,8,,26040,6,,,1,7,,26071,6,,,1,7,,26089,6,,,1,7,,26116,6,,,1,8,,25938,6,,,1,7,,25953,6,,,1,47,,25977,6,,,1,7,,25996,6,,,1,8,,26020,6,,,1,7,,26041,6,,,1,7,,26072,6,,,1,7,,26090,6,,,1,8,,26117,6,,,1,7,,25939,6,,,1,47,,25954,6,,,1,7,,25978,6,,,1,8,,25997,6,,,1,7,,26021,6,,,1,7,,26042,6,,,1,7,,26073,6,,,1,8,,26091,6,,,1,7,,26118,6,,,1,47,,25940,6,,,1,6,,25955,6,,,1,4,,25964,6,,,1,5,,25979,6,,,1,5,,25998,6,,,1,5,,26011,6,,,1,5,,26022,6,,,1,5,,26031,6,,,1,4,,26043,6,,,1,5,,26058,6,,,1,5,,26074,6,,,1,5,,26092,6,,,1,5,,26102,6,,,1,45,,26119,6,,,1,4,,25941,6,,,1,5,,25956,6,,,1,5,,25965,6,,,1,5,,25980,6,,,1,5,,25999,6,,,1,5,,26012,6,,,1,4,,26023,6,,,1,5,,26032,6,,,1,5,,26044,6,,,1,5,,26059,6,,,1,5,,26075,6,,,1,45,,26093,6,,,1,4,,26103,6,,,1,5,,26120,6,,,1,5,,25942,6,,,1,5,,25957,6,,,1,5,,25966,6,,,1,5,,25981,6,,,1,5,,26000,6,,,1,5,,26013,6,,,1,5,,26024,6,,,1,5,,26033,6,,,1,5,,26045,6,,,1,45,,26060,6,,,1,5,,26076,6,,,1,6,,26094,6,,,1,5,,26104,6,,,1,7,,26121,6,,,1,6,,25958,6,,,1,7,,25967,6,,,1,6,,25982,6,,,1,7,,26001,6,,,1,6,,26025,6,,,1,47,,26046,6,,,1,6,,26061,6,,,1,7,,26077,6,,,1,6,,26105,6,,,1,7,,26122,6,,,1,6,,25959,6,,,1,7,,25968,6,,,1,6,,25983,6,,,1,7,,26002,6,,,1,46,,26026,6,,,1,7,,26047,6,,,1,6,,26062,6,,,1,7,,26078,6,,,1,6,,26106,6,,,1,7,,26123,6,,,1,6,,25960,6,,,1,7,,25969,6,,,1,6,,25984,6,,,1,47,,26003,6,,,1,6,,26027,6,,,1,7,,26048,6,,,1,6,,26063,6,,,1,7,,26079,6,,,1,6,,26107,6,,,1,7,,26124,6,,,1,6,,25961,6,,,1,6,,25970,6,,,1,7,,25985,6,,,1,46,,26004,6,,,1,8,,26028,6,,,1,8,,26049,6,,,1,8,,26064,6,,,1,8,,26080,6,,,1,7,,26108,6,,,1,8,,25962,6,,,1,8,,25986,6,,,1,48,,26005,6,,,1,8,,26029,6,,,1,8,,26050,6,,,1,8,,26065,6,,,1,8,,26081,6,,,1,8,,26109,6,,,1,8,,25963,6,,,1,48,,25987,6,,,1,8,,26006,6,,,1,8,,26030,6,,,1,8,,26051,6,,,1,8,,26066,6,,,1,8,,26082,6,,,1,8,,26110,6,,,1
