100,'GLOBAUX-01-A',605,,20201,27,4,,1,10,,20211,27,4,,1,11,,20229,27,4,,1,10,,20236,27,4,,1,10,,20246,27,4,,1,10,,20269,27,4,,1,50,,20287,27,4,,1,10,,20297,27,4,,1,10,,20304,27,4,,1,10,,20314,27,4,,1,10,,20331,27,4,,1,10,,20341,27,4,,1,50,,20202,27,4,,1,10,,20212,27,4,,1,10,,20230,27,4,,1,11,,20237,27,4,,1,10,,20247,27,4,,1,9,,20270,27,4,,1,49,,20278,27,4,,1,10,,20288,27,4,,1,9,,20298,27,4,,1,9,,20305,27,4,,1,8,,20315,27,4,,1,8,,20332,27,4,,1,9,,20342,27,4,,1,48,,20203,27,4,,1,9,,20213,27,4,,1,8,,20221,27,4,,1,9,,20231,27,4,,1,8,,20238,27,4,,1,9,,20248,27,4,,1,7,,20263,27,4,,1,48,,20271,27,4,,1,8,,20279,27,4,,1,7,,20289,27,4,,1,8,,20299,27,4,,1,8,,20306,27,4,,1,7,,20316,27,4,,1,8,,20333,27,4,,1,8,,20343,27,4,,1,47,,20204,27,4,,1,8,,20214,27,4,,1,8,,20222,27,4,,1,8,,20232,27,4,,1,7,,20239,27,4,,1,6,,20249,27,4,,1,7,,20256,27,4,,1,6,,20264,27,4,,1,47,,20272,27,4,,1,6,,20280,27,4,,1,7,,20290,27,4,,1,6,,20300,27,4,,1,7,,20307,27,4,,1,6,,20317,27,4,,1,7,,20324,27,4,,1,6,,20334,27,4,,1,7,,20344,27,4,,1,46,,20205,27,4,,1,7,,20215,27,4,,1,6,,20223,27,4,,1,7,,20233,27,4,,1,6,,20240,27,4,,1,7,,20250,27,4,,1,6,,20257,27,4,,1,7,,20265,27,4,,1,6,,20273,27,4,,1,7,,20281,27,4,,1,46,,20291,27,4,,1,7,,20301,27,4,,1,6,,20308,27,4,,1,7,,20318,27,4,,1,6,,20325,27,4,,1,7,,20335,27,4,,1,7,,20345,27,4,,1,6,,20206,27,4,,1,6,,20216,27,4,,1,47,,20224,27,4,,1,6,,20234,27,4,,1,7,,20241,27,4,,1,7,,20251,27,4,,1,6,,20258,27,4,,1,7,,20266,27,4,,1,6,,20274,27,4,,1,7,,20282,27,4,,1,6,,20292,27,4,,1,47,,20302,27,4,,1,6,,20309,27,4,,1,7,,20319,27,4,,1,6,,20326,27,4,,1,7,,20336,27,4,,1,6,,20346,27,4,,1,7,,20207,27,4,,1,6,,20217,27,4,,1,7,,20225,27,4,,1,46,,20235,27,4,,1,7,,20242,27,4,,1,6,,20252,27,4,,1,7,,20259,27,4,,1,6,,20267,27,4,,1,6,,20275,27,4,,1,7,,20283,27,4,,1,6,,20293,27,4,,1,7,,20303,27,4,,1,6,,20310,27,4,,1,47,,20320,27,4,,1,7,,20327,27,4,,1,8,,20337,27,4,,1,7,,20347,27,4,,1,8,,20208,27,4,,1,8,,20218,27,4,,1,7,,20226,27,4,,1,8,,20243,27,4,,1,47,,20253,27,4,,1,8,,20260,27,4,,1,8,,20268,27,4,,1,7,,20276,27,4,,1,8,,20284,27,4,,1,8,,20294,27,4,,1,8,,20311,27,4,,1,49,,20321,27,4,,1,8,,20328,27,4,,1,9,,20338,27,4,,1,8,,20348,27,4,,1,8,,20209,27,4,,1,9,,20219,27,4,,1,8,,20227,27,4,,1,49,,20244,27,4,,1,8,,20254,27,4,,1,9,,20261,27,4,,1,8,,20277,27,4,,1,8,,20285,27,4,,1,9,,20295,27,4,,1,10,,20312,27,4,,1,49,,20322,27,4,,1,10,,20329,27,4,,1,10,,20339,27,4,,1,10,,20349,27,4,,1,10,,20210,27,4,,1,10,,20220,27,4,,1,50,,20228,27,4,,1,10,,20245,27,4,,1,10,,20255,27,4,,1,10,,20262,27,4,,1,10,,20286,27,4,,1,10,,20296,27,4,,1,50,,20313,27,4,,1,9,,20323,27,4,,1,10,,20330,27,4,,1,10,,20340,27,4,,1,14,,20350,27,4,,1
100,'GLOBAUX-01-F1',605,,20351,27,4,,1,10,,20361,27,4,,1,11,,20368,27,4,,1,10,,20393,27,4,,1,10,,20403,27,4,,1,10,,20413,27,4,,1,50,,20435,27,4,,1,10,,20445,27,4,,1,10,,20454,27,4,,1,10,,20463,27,4,,1,10,,20472,27,4,,1,10,,20481,27,4,,1,50,,20352,27,4,,1,10,,20362,27,4,,1,10,,20369,27,4,,1,10,,20394,27,4,,1,10,,20404,27,4,,1,9,,20414,27,4,,1,49,,20429,27,4,,1,10,,20436,27,4,,1,9,,20446,27,4,,1,9,,20455,27,4,,1,10,,20464,27,4,,1,9,,20473,27,4,,1,49,,20482,27,4,,1,8,,20353,27,4,,1,9,,20363,27,4,,1,8,,20370,27,4,,1,8,,20385,27,4,,1,9,,20395,27,4,,1,8,,20405,27,4,,1,9,,20415,27,4,,1,48,,20430,27,4,,1,9,,20437,27,4,,1,8,,20447,27,4,,1,9,,20456,27,4,,1,8,,20465,27,4,,1,9,,20474,27,4,,1,8,,20483,27,4,,1,48,,20354,27,4,,1,8,,20364,27,4,,1,8,,20371,27,4,,1,8,,20378,27,4,,1,7,,20386,27,4,,1,8,,20396,27,4,,1,8,,20406,27,4,,1,47,,20416,27,4,,1,8,,20431,27,4,,1,8,,20438,27,4,,1,7,,20448,27,4,,1,8,,20457,27,4,,1,8,,20466,27,4,,1,8,,20475,27,4,,1,7,,20484,27,4,,1,48,,20355,27,4,,1,8,,20365,27,4,,1,7,,20372,27,4,,1,8,,20379,27,4,,1,8,,20387,27,4,,1,7,,20397,27,4,,1,8,,20407,27,4,,1,7,,20417,27,4,,1,47,,20423,27,4,,1,7,,20432,27,4,,1,7,,20439,27,4,,1,7,,20449,27,4,,1,7,,20458,27,4,,1,7,,20467,27,4,,1,7,,20476,27,4,,1,7,,20485,27,4,,1,7,,20356,27,4,,1,47,,20366,27,4,,1,7,,20373,27,4,,1,7,,20380,27,4,,1,7,,20388,27,4,,1,7,,20398,27,4,,1,7,,20408,27,4,,1,7,,20418,27,4,,1,7,,20424,27,4,,1,47,,20433,27,4,,1,7,,20440,27,4,,1,7,,20450,27,4,,1,7,,20459,27,4,,1,7,,20468,27,4,,1,7,,20477,27,4,,1,7,,20486,27,4,,1,7,,20357,27,4,,1,7,,20367,27,4,,1,47,,20374,27,4,,1,7,,20381,27,4,,1,7,,20389,27,4,,1,7,,20399,27,4,,1,7,,20409,27,4,,1,6,,20419,27,4,,1,7,,20425,27,4,,1,7,,20434,27,4,,1,7,,20441,27,4,,1,47,,20451,27,4,,1,9,,20460,27,4,,1,8,,20469,27,4,,1,8,,20478,27,4,,1,9,,20487,27,4,,1,8,,20358,27,4,,1,9,,20375,27,4,,1,48,,20382,27,4,,1,8,,20390,27,4,,1,9,,20400,27,4,,1,8,,20410,27,4,,1,9,,20420,27,4,,1,8,,20426,27,4,,1,8,,20442,27,4,,1,49,,20452,27,4,,1,8,,20461,27,4,,1,9,,20470,27,4,,1,8,,20479,27,4,,1,8,,20488,27,4,,1,9,,20359,27,4,,1,8,,20376,27,4,,1,48,,20383,27,4,,1,9,,20391,27,4,,1,9,,20401,27,4,,1,9,,20411,27,4,,1,9,,20421,27,4,,1,9,,20427,27,4,,1,9,,20443,27,4,,1,49,,20453,27,4,,1,9,,20462,27,4,,1,9,,20471,27,4,,1,9,,20480,27,4,,1,9,,20489,27,4,,1,10,,20360,27,4,,1,50,,20377,27,4,,1,10,,20384,27,4,,1,10,,20392,27,4,,1,10,,20402,27,4,,1,10,,20412,27,4,,1,10,,20422,27,4,,1,50,,20428,27,4,,1,14,,20444,27,4,,1
100,'GLOBAUX-01-F2',605,,20490,27,4,,1,10,,20500,27,4,,1,11,,20507,27,4,,1,10,,20532,27,4,,1,10,,20542,27,4,,1,10,,20552,27,4,,1,50,,20574,27,4,,1,10,,20584,27,4,,1,10,,20593,27,4,,1,10,,20602,27,4,,1,10,,20611,27,4,,1,10,,20620,27,4,,1,50,,20491,27,4,,1,10,,20501,27,4,,1,10,,20508,27,4,,1,10,,20533,27,4,,1,10,,20543,27,4,,1,9,,20553,27,4,,1,49,,20568,27,4,,1,10,,20575,27,4,,1,9,,20585,27,4,,1,9,,20594,27,4,,1,10,,20603,27,4,,1,9,,20612,27,4,,1,49,,20621,27,4,,1,8,,20492,27,4,,1,9,,20502,27,4,,1,8,,20509,27,4,,1,8,,20524,27,4,,1,9,,20534,27,4,,1,8,,20544,27,4,,1,9,,20554,27,4,,1,48,,20569,27,4,,1,9,,20576,27,4,,1,8,,20586,27,4,,1,9,,20595,27,4,,1,8,,20604,27,4,,1,9,,20613,27,4,,1,8,,20622,27,4,,1,48,,20493,27,4,,1,8,,20503,27,4,,1,8,,20510,27,4,,1,8,,20517,27,4,,1,7,,20525,27,4,,1,8,,20535,27,4,,1,8,,20545,27,4,,1,47,,20555,27,4,,1,8,,20570,27,4,,1,8,,20577,27,4,,1,7,,20587,27,4,,1,8,,20596,27,4,,1,8,,20605,27,4,,1,8,,20614,27,4,,1,7,,20623,27,4,,1,48,,20494,27,4,,1,8,,20504,27,4,,1,7,,20511,27,4,,1,8,,20518,27,4,,1,8,,20526,27,4,,1,7,,20536,27,4,,1,8,,20546,27,4,,1,7,,20556,27,4,,1,47,,20562,27,4,,1,7,,20571,27,4,,1,7,,20578,27,4,,1,7,,20588,27,4,,1,7,,20597,27,4,,1,7,,20606,27,4,,1,7,,20615,27,4,,1,7,,20624,27,4,,1,7,,20495,27,4,,1,47,,20505,27,4,,1,7,,20512,27,4,,1,7,,20519,27,4,,1,7,,20527,27,4,,1,7,,20537,27,4,,1,7,,20547,27,4,,1,7,,20557,27,4,,1,7,,20563,27,4,,1,47,,20572,27,4,,1,7,,20579,27,4,,1,7,,20589,27,4,,1,7,,20598,27,4,,1,7,,20607,27,4,,1,7,,20616,27,4,,1,7,,20625,27,4,,1,7,,20496,27,4,,1,7,,20506,27,4,,1,47,,20513,27,4,,1,7,,20520,27,4,,1,7,,20528,27,4,,1,7,,20538,27,4,,1,7,,20548,27,4,,1,6,,20558,27,4,,1,7,,20564,27,4,,1,7,,20573,27,4,,1,7,,20580,27,4,,1,47,,20590,27,4,,1,9,,20599,27,4,,1,8,,20608,27,4,,1,8,,20617,27,4,,1,9,,20626,27,4,,1,8,,20497,27,4,,1,9,,20514,27,4,,1,48,,20521,27,4,,1,8,,20529,27,4,,1,9,,20539,27,4,,1,8,,20549,27,4,,1,9,,20559,27,4,,1,8,,20565,27,4,,1,8,,20581,27,4,,1,49,,20591,27,4,,1,8,,20600,27,4,,1,9,,20609,27,4,,1,8,,20618,27,4,,1,8,,20627,27,4,,1,9,,20498,27,4,,1,8,,20515,27,4,,1,48,,20522,27,4,,1,9,,20530,27,4,,1,9,,20540,27,4,,1,9,,20550,27,4,,1,9,,20560,27,4,,1,9,,20566,27,4,,1,9,,20582,27,4,,1,49,,20592,27,4,,1,9,,20601,27,4,,1,9,,20610,27,4,,1,9,,20619,27,4,,1,9,,20628,27,4,,1,10,,20499,27,4,,1,50,,20516,27,4,,1,10,,20523,27,4,,1,10,,20531,27,4,,1,10,,20541,27,4,,1,10,,20551,27,4,,1,10,,20561,27,4,,1,50,,20567,27,4,,1,14,,20583,27,4,,1
100,'GLOBAUX-01-I',605,,20629,27,4,,1,10,,20639,27,4,,1,11,,20646,27,4,,1,10,,20671,27,4,,1,10,,20681,27,4,,1,10,,20691,27,4,,1,50,,20713,27,4,,1,10,,20723,27,4,,1,10,,20732,27,4,,1,10,,20741,27,4,,1,10,,20750,27,4,,1,10,,20759,27,4,,1,50,,20630,27,4,,1,10,,20640,27,4,,1,10,,20647,27,4,,1,10,,20672,27,4,,1,10,,20682,27,4,,1,9,,20692,27,4,,1,49,,20707,27,4,,1,10,,20714,27,4,,1,9,,20724,27,4,,1,9,,20733,27,4,,1,10,,20742,27,4,,1,9,,20751,27,4,,1,49,,20760,27,4,,1,8,,20631,27,4,,1,9,,20641,27,4,,1,8,,20648,27,4,,1,8,,20663,27,4,,1,9,,20673,27,4,,1,8,,20683,27,4,,1,9,,20693,27,4,,1,48,,20708,27,4,,1,9,,20715,27,4,,1,8,,20725,27,4,,1,9,,20734,27,4,,1,8,,20743,27,4,,1,9,,20752,27,4,,1,8,,20761,27,4,,1,48,,20632,27,4,,1,8,,20642,27,4,,1,8,,20649,27,4,,1,8,,20656,27,4,,1,7,,20664,27,4,,1,8,,20674,27,4,,1,8,,20684,27,4,,1,47,,20694,27,4,,1,8,,20709,27,4,,1,8,,20716,27,4,,1,7,,20726,27,4,,1,8,,20735,27,4,,1,8,,20744,27,4,,1,8,,20753,27,4,,1,7,,20762,27,4,,1,48,,20633,27,4,,1,8,,20643,27,4,,1,7,,20650,27,4,,1,8,,20657,27,4,,1,8,,20665,27,4,,1,7,,20675,27,4,,1,8,,20685,27,4,,1,7,,20695,27,4,,1,47,,20701,27,4,,1,7,,20710,27,4,,1,7,,20717,27,4,,1,7,,20727,27,4,,1,7,,20736,27,4,,1,7,,20745,27,4,,1,7,,20754,27,4,,1,7,,20763,27,4,,1,7,,20634,27,4,,1,47,,20644,27,4,,1,7,,20651,27,4,,1,7,,20658,27,4,,1,7,,20666,27,4,,1,7,,20676,27,4,,1,7,,20686,27,4,,1,7,,20696,27,4,,1,7,,20702,27,4,,1,47,,20711,27,4,,1,7,,20718,27,4,,1,7,,20728,27,4,,1,7,,20737,27,4,,1,7,,20746,27,4,,1,7,,20755,27,4,,1,7,,20764,27,4,,1,7,,20635,27,4,,1,7,,20645,27,4,,1,47,,20652,27,4,,1,7,,20659,27,4,,1,7,,20667,27,4,,1,7,,20677,27,4,,1,7,,20687,27,4,,1,6,,20697,27,4,,1,7,,20703,27,4,,1,7,,20712,27,4,,1,7,,20719,27,4,,1,47,,20729,27,4,,1,9,,20738,27,4,,1,8,,20747,27,4,,1,8,,20756,27,4,,1,9,,20765,27,4,,1,8,,20636,27,4,,1,9,,20653,27,4,,1,48,,20660,27,4,,1,8,,20668,27,4,,1,9,,20678,27,4,,1,8,,20688,27,4,,1,9,,20698,27,4,,1,8,,20704,27,4,,1,8,,20720,27,4,,1,49,,20730,27,4,,1,8,,20739,27,4,,1,9,,20748,27,4,,1,8,,20757,27,4,,1,8,,20766,27,4,,1,9,,20637,27,4,,1,8,,20654,27,4,,1,48,,20661,27,4,,1,9,,20669,27,4,,1,9,,20679,27,4,,1,9,,20689,27,4,,1,9,,20699,27,4,,1,9,,20705,27,4,,1,9,,20721,27,4,,1,49,,20731,27,4,,1,9,,20740,27,4,,1,9,,20749,27,4,,1,9,,20758,27,4,,1,9,,20767,27,4,,1,10,,20638,27,4,,1,50,,20655,27,4,,1,10,,20662,27,4,,1,10,,20670,27,4,,1,10,,20680,27,4,,1,10,,20690,27,4,,1,10,,20700,27,4,,1,50,,20706,27,4,,1,14,,20722,27,4,,1
100,'GLOBAUX-01-S',606,,20768,27,4,,1,7,,20796,27,4,,1,7,,20806,27,4,,1,7,,20826,27,4,,1,6,,20848,27,4,,1,7,,20852,27,4,,1,7,,20859,27,4,,1,7,,20870,27,4,,1,5,,20876,27,4,,1,44,,20893,27,4,,1,4,,20902,27,4,,1,4,,20905,27,4,,1,3,,20913,27,4,,1,4,,20930,27,4,,1,3,,20936,27,4,,1,4,,20946,27,4,,1,3,,20948,27,4,,1,3,,20950,27,4,,1,3,,20952,27,4,,1,4,,20968,27,4,,1,3,,20977,27,4,,1,3,,20979,27,4,,1,3,,20997,27,4,,1,4,,21003,27,4,,1,3,,21004,27,4,,1,3,,20769,27,4,,1,44,,20787,27,4,,1,3,,20789,27,4,,1,3,,20797,27,4,,1,3,,20807,27,4,,1,4,,20808,27,4,,1,3,,20809,27,4,,1,3,,20811,27,4,,1,3,,20812,27,4,,1,3,,20827,27,4,,1,3,,20833,27,4,,1,3,,20839,27,4,,1,3,,20849,27,4,,1,3,,20853,27,4,,1,3,,20860,27,4,,1,3,,20865,27,4,,1,3,,20871,27,4,,1,3,,20877,27,4,,1,3,,20894,27,4,,1,3,,20903,27,4,,1,3,,20906,27,4,,1,44,,20912,27,4,,1,3,,20914,27,4,,1,3,,20931,27,4,,1,3,,20937,27,4,,1,3,,20947,27,4,,1,4,,20949,27,4,,1,3,,20951,27,4,,1,3,,20955,27,4,,1,4,,20960,27,4,,1,3,,20969,27,4,,1,4,,20978,27,4,,1,3,,20984,27,4,,1,4,,20998,27,4,,1,4,,21005,27,4,,1,3,,20770,27,4,,1,5,,20780,27,4,,1,4,,20790,27,4,,1,45,,20798,27,4,,1,5,,20810,27,4,,1,5,,20813,27,4,,1,5,,20828,27,4,,1,6,,20840,27,4,,1,6,,20854,27,4,,1,7,,20866,27,4,,1,6,,20878,27,4,,1,6,,20895,27,4,,1,6,,20907,27,4,,1,46,,20915,27,4,,1,6,,20932,27,4,,1,6,,20938,27,4,,1,6,,20956,27,4,,1,5,,20961,27,4,,1,6,,20970,27,4,,1,6,,20985,27,4,,1,6,,20999,27,4,,1,6,,20771,27,4,,1,6,,20781,27,4,,1,46,,20791,27,4,,1,6,,20799,27,4,,1,6,,20814,27,4,,1,6,,20829,27,4,,1,7,,20841,27,4,,1,6,,20855,27,4,,1,6,,20867,27,4,,1,6,,20879,27,4,,1,6,,20896,27,4,,1,6,,20908,27,4,,1,46,,20916,27,4,,1,6,,20933,27,4,,1,6,,20939,27,4,,1,6,,20957,27,4,,1,6,,20962,27,4,,1,6,,20971,27,4,,1,6,,20986,27,4,,1,6,,21000,27,4,,1,6,,20772,27,4,,1,6,,20782,27,4,,1,46,,20792,27,4,,1,6,,20800,27,4,,1,6,,20815,27,4,,1,6,,20830,27,4,,1,6,,20842,27,4,,1,6,,20856,27,4,,1,6,,20868,27,4,,1,6,,20880,27,4,,1,6,,20897,27,4,,1,6,,20909,27,4,,1,46,,20917,27,4,,1,6,,20934,27,4,,1,6,,20940,27,4,,1,6,,20958,27,4,,1,6,,20963,27,4,,1,6,,20972,27,4,,1,6,,20987,27,4,,1,4,,20989,27,4,,1,4,,21001,27,4,,1,4,,20773,27,4,,1,4,,20775,27,4,,1,4,,20783,27,4,,1,44,,20793,27,4,,1,4,,20795,27,4,,1,4,,20801,27,4,,1,4,,20816,27,4,,1,3,,20821,27,4,,1,3,,20831,27,4,,1,4,,20834,27,4,,1,3,,20843,27,4,,1,3,,20850,27,4,,1,4,,20857,27,4,,1,3,,20869,27,4,,1,3,,20872,27,4,,1,3,,20881,27,4,,1,3,,20886,27,4,,1,3,,20891,27,4,,1,3,,20898,27,4,,1,3,,20904,27,4,,1,3,,20910,27,4,,1,42,,20918,27,4,,1,3,,20923,27,4,,1,3,,20925,27,4,,1,3,,20935,27,4,,1,2,,20941,27,4,,1,3,,20953,27,4,,1,3,,20954,27,4,,1,3,,20959,27,4,,1,2,,20964,27,4,,1,3,,20973,27,4,,1,3,,20980,27,4,,1,3,,20983,27,4,,1,2,,20988,27,4,,1,3,,20990,27,4,,1,3,,20993,27,4,,1,2,,21002,27,4,,1,3,,20774,27,4,,1,3,,20776,27,4,,1,3,,20784,27,4,,1,3,,20788,27,4,,1,3,,20794,27,4,,1,44,,20802,27,4,,1,3,,20817,27,4,,1,4,,20822,27,4,,1,3,,20832,27,4,,1,4,,20835,27,4,,1,3,,20844,27,4,,1,4,,20851,27,4,,1,4,,20858,27,4,,1,3,,20861,27,4,,1,4,,20873,27,4,,1,4,,20882,27,4,,1,4,,20887,27,4,,1,4,,20892,27,4,,1,4,,20899,27,4,,1,4,,20911,27,4,,1,4,,20919,27,4,,1,44,,20924,27,4,,1,4,,20926,27,4,,1,4,,20942,27,4,,1,6,,20965,27,4,,1,6,,20974,27,4,,1,5,,20981,27,4,,1,6,,20991,27,4,,1,6,,20994,27,4,,1,6,,20777,27,4,,1,6,,20785,27,4,,1,6,,20803,27,4,,1,46,,20818,27,4,,1,6,,20823,27,4,,1,6,,20836,27,4,,1,6,,20845,27,4,,1,6,,20862,27,4,,1,6,,20874,27,4,,1,6,,20883,27,4,,1,6,,20888,27,4,,1,6,,20900,27,4,,1,6,,20920,27,4,,1,46,,20927,27,4,,1,7,,20943,27,4,,1,6,,20966,27,4,,1,6,,20975,27,4,,1,6,,20982,27,4,,1,6,,20992,27,4,,1,6,,20995,27,4,,1,6,,20778,27,4,,1,6,,20786,27,4,,1,6,,20804,27,4,,1,46,,20819,27,4,,1,6,,20824,27,4,,1,6,,20837,27,4,,1,6,,20846,27,4,,1,6,,20863,27,4,,1,6,,20875,27,4,,1,6,,20884,27,4,,1,6,,20889,27,4,,1,7,,20901,27,4,,1,6,,20921,27,4,,1,47,,20928,27,4,,1,8,,20944,27,4,,1,8,,20967,27,4,,1,8,,20976,27,4,,1,8,,20996,27,4,,1,8,,20779,27,4,,1,8,,20805,27,4,,1,48,,20820,27,4,,1,8,,20825,27,4,,1,8,,20838,27,4,,1,7,,20847,27,4,,1,8,,20864,27,4,,1,8,,20885,27,4,,1,8,,20890,27,4,,1,8,,20922,27,4,,1,48,,20929,27,4,,1,11,,20945,27,4,,1
101,'GLOBAUX-01-A',530,,21092,1,,,1,10,,21102,1,,,1,10,,21109,1,,,1,50,,21119,1,,,1,10,,21136,1,,,1,10,,21146,1,,,1,10,,21006,1,,,1,10,,21016,1,,,1,10,,21035,1,,,1,50,,21042,1,,,1,10,,21052,1,,,1,10,,21074,1,,,1,9,,21082,1,,,1,9,,21093,1,,,1,10,,21103,1,,,1,9,,21110,1,,,1,49,,21120,1,,,1,9,,21137,1,,,1,8,,21147,1,,,1,9,,21007,1,,,1,8,,21017,1,,,1,8,,21026,1,,,1,9,,21036,1,,,1,48,,21043,1,,,1,9,,21053,1,,,1,8,,21075,1,,,1,8,,21083,1,,,1,9,,21094,1,,,1,8,,21104,1,,,1,9,,21111,1,,,1,48,,21121,1,,,1,9,,21138,1,,,1,8,,21148,1,,,1,8,,21008,1,,,1,9,,21018,1,,,1,7,,21027,1,,,1,8,,21037,1,,,1,48,,21044,1,,,1,7,,21054,1,,,1,8,,21069,1,,,1,8,,21076,1,,,1,7,,21084,1,,,1,8,,21095,1,,,1,8,,21105,1,,,1,7,,21112,1,,,1,47,,21122,1,,,1,7,,21129,1,,,1,6,,21139,1,,,1,7,,21149,1,,,1,6,,21009,1,,,1,7,,21019,1,,,1,6,,21028,1,,,1,7,,21038,1,,,1,6,,21045,1,,,1,47,,21055,1,,,1,6,,21062,1,,,1,7,,21070,1,,,1,6,,21077,1,,,1,7,,21085,1,,,1,6,,21096,1,,,1,7,,21106,1,,,1,6,,21113,1,,,1,7,,21123,1,,,1,6,,21130,1,,,1,47,,21140,1,,,1,6,,21150,1,,,1,7,,21010,1,,,1,6,,21020,1,,,1,7,,21029,1,,,1,6,,21039,1,,,1,7,,21046,1,,,1,6,,21056,1,,,1,7,,21063,1,,,1,46,,21071,1,,,1,7,,21078,1,,,1,6,,21086,1,,,1,7,,21097,1,,,1,6,,21107,1,,,1,7,,21114,1,,,1,6,,21124,1,,,1,7,,21131,1,,,1,6,,21141,1,,,1,47,,21151,1,,,1,6,,21011,1,,,1,7,,21021,1,,,1,6,,21030,1,,,1,7,,21040,1,,,1,6,,21047,1,,,1,7,,21057,1,,,1,6,,21064,1,,,1,7,,21072,1,,,1,46,,21079,1,,,1,7,,21087,1,,,1,6,,21098,1,,,1,7,,21108,1,,,1,6,,21115,1,,,1,7,,21125,1,,,1,6,,21132,1,,,1,7,,21142,1,,,1,6,,21152,1,,,1,7,,21012,1,,,1,46,,21022,1,,,1,7,,21031,1,,,1,6,,21041,1,,,1,7,,21048,1,,,1,7,,21058,1,,,1,8,,21065,1,,,1,7,,21073,1,,,1,8,,21080,1,,,1,48,,21088,1,,,1,7,,21099,1,,,1,8,,21116,1,,,1,8,,21126,1,,,1,8,,21133,1,,,1,8,,21143,1,,,1,9,,21153,1,,,1,8,,21013,1,,,1,48,,21023,1,,,1,9,,21032,1,,,1,8,,21049,1,,,1,9,,21059,1,,,1,8,,21066,1,,,1,9,,21081,1,,,1,8,,21089,1,,,1,48,,21100,1,,,1,9,,21117,1,,,1,8,,21127,1,,,1,9,,21134,1,,,1,9,,21144,1,,,1,9,,21154,1,,,1,50,,21014,1,,,1,9,,21024,1,,,1,10,,21033,1,,,1,9,,21050,1,,,1,10,,21060,1,,,1,10,,21067,1,,,1,10,,21090,1,,,1,50,,21101,1,,,1,10,,21118,1,,,1,10,,21128,1,,,1,10,,21135,1,,,1,10,,21145,1,,,1,10,,21155,1,,,1,50,,21015,1,,,1,10,,21025,1,,,1,10,,21034,1,,,1,10,,21051,1,,,1,10,,21061,1,,,1,10,,21068,1,,,1,50,,21091,1,,,1
101,'GLOBAUX-01-F1',530,,21236,1,,,1,10,,21246,1,,,1,10,,21255,1,,,1,50,,21265,1,,,1,10,,21275,1,,,1,10,,21285,1,,,1,10,,21156,1,,,1,10,,21166,1,,,1,10,,21173,1,,,1,50,,21198,1,,,1,10,,21207,1,,,1,10,,21216,1,,,1,9,,21230,1,,,1,9,,21237,1,,,1,10,,21247,1,,,1,9,,21256,1,,,1,49,,21266,1,,,1,10,,21276,1,,,1,8,,21286,1,,,1,8,,21157,1,,,1,9,,21167,1,,,1,8,,21174,1,,,1,9,,21190,1,,,1,48,,21199,1,,,1,8,,21208,1,,,1,9,,21217,1,,,1,8,,21231,1,,,1,9,,21238,1,,,1,8,,21248,1,,,1,9,,21257,1,,,1,48,,21267,1,,,1,8,,21277,1,,,1,9,,21287,1,,,1,8,,21158,1,,,1,9,,21168,1,,,1,8,,21175,1,,,1,8,,21191,1,,,1,49,,21200,1,,,1,8,,21209,1,,,1,9,,21218,1,,,1,8,,21232,1,,,1,9,,21239,1,,,1,8,,21249,1,,,1,8,,21258,1,,,1,49,,21268,1,,,1,8,,21278,1,,,1,8,,21288,1,,,1,8,,21159,1,,,1,7,,21169,1,,,1,8,,21176,1,,,1,8,,21183,1,,,1,7,,21192,1,,,1,48,,21201,1,,,1,8,,21210,1,,,1,7,,21219,1,,,1,8,,21233,1,,,1,8,,21240,1,,,1,7,,21250,1,,,1,8,,21259,1,,,1,8,,21269,1,,,1,47,,21279,1,,,1,8,,21289,1,,,1,8,,21160,1,,,1,7,,21170,1,,,1,8,,21177,1,,,1,8,,21184,1,,,1,7,,21193,1,,,1,7,,21202,1,,,1,47,,21211,1,,,1,7,,21220,1,,,1,7,,21225,1,,,1,7,,21234,1,,,1,7,,21241,1,,,1,7,,21251,1,,,1,7,,21260,1,,,1,7,,21270,1,,,1,47,,21280,1,,,1,7,,21290,1,,,1,7,,21161,1,,,1,7,,21171,1,,,1,7,,21178,1,,,1,7,,21185,1,,,1,7,,21194,1,,,1,7,,21203,1,,,1,7,,21212,1,,,1,47,,21221,1,,,1,7,,21226,1,,,1,7,,21235,1,,,1,7,,21242,1,,,1,7,,21252,1,,,1,7,,21261,1,,,1,7,,21271,1,,,1,7,,21281,1,,,1,47,,21291,1,,,1,7,,21162,1,,,1,7,,21172,1,,,1,7,,21179,1,,,1,7,,21186,1,,,1,9,,21195,1,,,1,8,,21204,1,,,1,8,,21213,1,,,1,49,,21222,1,,,1,8,,21227,1,,,1,9,,21243,1,,,1,8,,21253,1,,,1,9,,21262,1,,,1,8,,21272,1,,,1,8,,21282,1,,,1,49,,21292,1,,,1,8,,21163,1,,,1,9,,21180,1,,,1,8,,21187,1,,,1,8,,21196,1,,,1,9,,21205,1,,,1,8,,21214,1,,,1,49,,21223,1,,,1,8,,21228,1,,,1,9,,21244,1,,,1,8,,21254,1,,,1,8,,21263,1,,,1,9,,21273,1,,,1,8,,21283,1,,,1,49,,21293,1,,,1,8,,21164,1,,,1,10,,21181,1,,,1,10,,21188,1,,,1,10,,21197,1,,,1,10,,21206,1,,,1,10,,21215,1,,,1,50,,21224,1,,,1,10,,21229,1,,,1,10,,21245,1,,,1,10,,21264,1,,,1,10,,21274,1,,,1,10,,21284,1,,,1,50,,21294,1,,,1,10,,21165,1,,,1,10,,21182,1,,,1,10,,21189,1,,,1
101,'GLOBAUX-01-F2',530,,21375,1,,,1,10,,21385,1,,,1,10,,21394,1,,,1,50,,21404,1,,,1,10,,21414,1,,,1,10,,21424,1,,,1,10,,21295,1,,,1,10,,21305,1,,,1,10,,21312,1,,,1,50,,21337,1,,,1,10,,21346,1,,,1,10,,21355,1,,,1,9,,21369,1,,,1,9,,21376,1,,,1,10,,21386,1,,,1,9,,21395,1,,,1,49,,21405,1,,,1,10,,21415,1,,,1,8,,21425,1,,,1,8,,21296,1,,,1,9,,21306,1,,,1,8,,21313,1,,,1,9,,21329,1,,,1,48,,21338,1,,,1,8,,21347,1,,,1,9,,21356,1,,,1,8,,21370,1,,,1,9,,21377,1,,,1,8,,21387,1,,,1,9,,21396,1,,,1,48,,21406,1,,,1,8,,21416,1,,,1,9,,21426,1,,,1,8,,21297,1,,,1,9,,21307,1,,,1,8,,21314,1,,,1,8,,21330,1,,,1,49,,21339,1,,,1,8,,21348,1,,,1,9,,21357,1,,,1,8,,21371,1,,,1,9,,21378,1,,,1,8,,21388,1,,,1,8,,21397,1,,,1,49,,21407,1,,,1,8,,21417,1,,,1,8,,21427,1,,,1,8,,21298,1,,,1,7,,21308,1,,,1,8,,21315,1,,,1,8,,21322,1,,,1,7,,21331,1,,,1,48,,21340,1,,,1,8,,21349,1,,,1,7,,21358,1,,,1,8,,21372,1,,,1,8,,21379,1,,,1,7,,21389,1,,,1,8,,21398,1,,,1,8,,21408,1,,,1,47,,21418,1,,,1,8,,21428,1,,,1,8,,21299,1,,,1,7,,21309,1,,,1,8,,21316,1,,,1,8,,21323,1,,,1,7,,21332,1,,,1,7,,21341,1,,,1,47,,21350,1,,,1,7,,21359,1,,,1,7,,21364,1,,,1,7,,21373,1,,,1,7,,21380,1,,,1,7,,21390,1,,,1,7,,21399,1,,,1,7,,21409,1,,,1,47,,21419,1,,,1,7,,21429,1,,,1,7,,21300,1,,,1,7,,21310,1,,,1,7,,21317,1,,,1,7,,21324,1,,,1,7,,21333,1,,,1,7,,21342,1,,,1,7,,21351,1,,,1,47,,21360,1,,,1,7,,21365,1,,,1,7,,21374,1,,,1,7,,21381,1,,,1,7,,21391,1,,,1,7,,21400,1,,,1,7,,21410,1,,,1,7,,21420,1,,,1,47,,21430,1,,,1,7,,21301,1,,,1,7,,21311,1,,,1,7,,21318,1,,,1,7,,21325,1,,,1,9,,21334,1,,,1,8,,21343,1,,,1,8,,21352,1,,,1,49,,21361,1,,,1,8,,21366,1,,,1,9,,21382,1,,,1,8,,21392,1,,,1,9,,21401,1,,,1,8,,21411,1,,,1,8,,21421,1,,,1,49,,21431,1,,,1,8,,21302,1,,,1,9,,21319,1,,,1,8,,21326,1,,,1,8,,21335,1,,,1,9,,21344,1,,,1,8,,21353,1,,,1,49,,21362,1,,,1,8,,21367,1,,,1,9,,21383,1,,,1,8,,21393,1,,,1,8,,21402,1,,,1,9,,21412,1,,,1,8,,21422,1,,,1,49,,21432,1,,,1,8,,21303,1,,,1,10,,21320,1,,,1,10,,21327,1,,,1,10,,21336,1,,,1,10,,21345,1,,,1,10,,21354,1,,,1,50,,21363,1,,,1,10,,21368,1,,,1,10,,21384,1,,,1,10,,21403,1,,,1,10,,21413,1,,,1,10,,21423,1,,,1,50,,21433,1,,,1,10,,21304,1,,,1,10,,21321,1,,,1,10,,21328,1,,,1
101,'GLOBAUX-01-I',530,,21514,1,,,1,10,,21524,1,,,1,10,,21533,1,,,1,50,,21543,1,,,1,10,,21553,1,,,1,10,,21563,1,,,1,10,,21434,1,,,1,10,,21444,1,,,1,10,,21451,1,,,1,50,,21476,1,,,1,10,,21485,1,,,1,10,,21494,1,,,1,9,,21508,1,,,1,9,,21515,1,,,1,10,,21525,1,,,1,9,,21534,1,,,1,49,,21544,1,,,1,10,,21554,1,,,1,8,,21564,1,,,1,8,,21435,1,,,1,9,,21445,1,,,1,8,,21452,1,,,1,9,,21468,1,,,1,48,,21477,1,,,1,8,,21486,1,,,1,9,,21495,1,,,1,8,,21509,1,,,1,9,,21516,1,,,1,8,,21526,1,,,1,9,,21535,1,,,1,48,,21545,1,,,1,8,,21555,1,,,1,9,,21565,1,,,1,8,,21436,1,,,1,9,,21446,1,,,1,8,,21453,1,,,1,8,,21469,1,,,1,49,,21478,1,,,1,8,,21487,1,,,1,9,,21496,1,,,1,8,,21510,1,,,1,9,,21517,1,,,1,8,,21527,1,,,1,8,,21536,1,,,1,49,,21546,1,,,1,8,,21556,1,,,1,8,,21566,1,,,1,8,,21437,1,,,1,7,,21447,1,,,1,8,,21454,1,,,1,8,,21461,1,,,1,7,,21470,1,,,1,48,,21479,1,,,1,8,,21488,1,,,1,7,,21497,1,,,1,8,,21511,1,,,1,8,,21518,1,,,1,7,,21528,1,,,1,8,,21537,1,,,1,8,,21547,1,,,1,47,,21557,1,,,1,8,,21567,1,,,1,8,,21438,1,,,1,7,,21448,1,,,1,8,,21455,1,,,1,8,,21462,1,,,1,7,,21471,1,,,1,7,,21480,1,,,1,47,,21489,1,,,1,7,,21498,1,,,1,7,,21503,1,,,1,7,,21512,1,,,1,7,,21519,1,,,1,7,,21529,1,,,1,7,,21538,1,,,1,7,,21548,1,,,1,47,,21558,1,,,1,7,,21568,1,,,1,7,,21439,1,,,1,7,,21449,1,,,1,7,,21456,1,,,1,7,,21463,1,,,1,7,,21472,1,,,1,7,,21481,1,,,1,7,,21490,1,,,1,47,,21499,1,,,1,7,,21504,1,,,1,7,,21513,1,,,1,7,,21520,1,,,1,7,,21530,1,,,1,7,,21539,1,,,1,7,,21549,1,,,1,7,,21559,1,,,1,47,,21569,1,,,1,7,,21440,1,,,1,7,,21450,1,,,1,7,,21457,1,,,1,7,,21464,1,,,1,9,,21473,1,,,1,8,,21482,1,,,1,8,,21491,1,,,1,49,,21500,1,,,1,8,,21505,1,,,1,9,,21521,1,,,1,8,,21531,1,,,1,9,,21540,1,,,1,8,,21550,1,,,1,8,,21560,1,,,1,49,,21570,1,,,1,8,,21441,1,,,1,9,,21458,1,,,1,8,,21465,1,,,1,8,,21474,1,,,1,9,,21483,1,,,1,8,,21492,1,,,1,49,,21501,1,,,1,8,,21506,1,,,1,9,,21522,1,,,1,8,,21532,1,,,1,8,,21541,1,,,1,9,,21551,1,,,1,8,,21561,1,,,1,49,,21571,1,,,1,8,,21442,1,,,1,10,,21459,1,,,1,10,,21466,1,,,1,10,,21475,1,,,1,10,,21484,1,,,1,10,,21493,1,,,1,50,,21502,1,,,1,10,,21507,1,,,1,10,,21523,1,,,1,10,,21542,1,,,1,10,,21552,1,,,1,10,,21562,1,,,1,50,,21572,1,,,1,10,,21443,1,,,1,10,,21460,1,,,1,10,,21467,1,,,1
101,'GLOBAUX-01-S',530,,21696,1,,,1,8,,21708,1,,,1,7,,21732,1,,,1,7,,21749,1,,,1,7,,21753,1,,,1,47,,21772,1,,,1,7,,21802,1,,,1,7,,21809,1,,,1,5,,21573,1,,,1,5,,21595,1,,,1,5,,21602,1,,,1,5,,21612,1,,,1,5,,21616,1,,,1,4,,21618,1,,,1,4,,21633,1,,,1,4,,21640,1,,,1,43,,21655,1,,,1,4,,21659,1,,,1,4,,21665,1,,,1,3,,21670,1,,,1,4,,21676,1,,,1,3,,21681,1,,,1,4,,21697,1,,,1,3,,21705,1,,,1,3,,21709,1,,,1,3,,21717,1,,,1,4,,21733,1,,,1,3,,21739,1,,,1,2,,21740,1,,,1,3,,21750,1,,,1,3,,21752,1,,,1,3,,21754,1,,,1,2,,21755,1,,,1,3,,21757,1,,,1,3,,21763,1,,,1,43,,21773,1,,,1,2,,21782,1,,,1,3,,21783,1,,,1,2,,21788,1,,,1,3,,21803,1,,,1,2,,21808,1,,,1,3,,21810,1,,,1,2,,21574,1,,,1,3,,21585,1,,,1,2,,21593,1,,,1,3,,21596,1,,,1,2,,21603,1,,,1,3,,21613,1,,,1,3,,21614,1,,,1,2,,21615,1,,,1,3,,21617,1,,,1,3,,21619,1,,,1,3,,21634,1,,,1,3,,21641,1,,,1,3,,21647,1,,,1,4,,21656,1,,,1,3,,21660,1,,,1,43,,21671,1,,,1,4,,21677,1,,,1,3,,21682,1,,,1,4,,21698,1,,,1,3,,21706,1,,,1,4,,21710,1,,,1,4,,21716,1,,,1,3,,21718,1,,,1,4,,21734,1,,,1,4,,21741,1,,,1,5,,21751,1,,,1,5,,21758,1,,,1,5,,21764,1,,,1,6,,21774,1,,,1,46,,21789,1,,,1,6,,21804,1,,,1,6,,21575,1,,,1,6,,21586,1,,,1,6,,21597,1,,,1,6,,21604,1,,,1,6,,21620,1,,,1,6,,21635,1,,,1,6,,21648,1,,,1,6,,21661,1,,,1,46,,21672,1,,,1,6,,21683,1,,,1,6,,21699,1,,,1,6,,21711,1,,,1,6,,21719,1,,,1,6,,21735,1,,,1,6,,21742,1,,,1,6,,21759,1,,,1,6,,21765,1,,,1,6,,21775,1,,,1,46,,21790,1,,,1,6,,21805,1,,,1,6,,21576,1,,,1,6,,21587,1,,,1,6,,21598,1,,,1,6,,21605,1,,,1,6,,21621,1,,,1,6,,21636,1,,,1,6,,21649,1,,,1,6,,21662,1,,,1,46,,21673,1,,,1,6,,21684,1,,,1,6,,21700,1,,,1,6,,21712,1,,,1,6,,21720,1,,,1,6,,21736,1,,,1,6,,21743,1,,,1,6,,21760,1,,,1,6,,21766,1,,,1,6,,21776,1,,,1,46,,21791,1,,,1,6,,21806,1,,,1,6,,21577,1,,,1,6,,21588,1,,,1,6,,21599,1,,,1,6,,21606,1,,,1,6,,21622,1,,,1,6,,21637,1,,,1,6,,21650,1,,,1,6,,21663,1,,,1,46,,21674,1,,,1,6,,21685,1,,,1,5,,21694,1,,,1,5,,21701,1,,,1,4,,21713,1,,,1,4,,21721,1,,,1,4,,21726,1,,,1,4,,21737,1,,,1,4,,21744,1,,,1,4,,21756,1,,,1,3,,21761,1,,,1,4,,21767,1,,,1,4,,21777,1,,,1,4,,21787,1,,,1,3,,21792,1,,,1,44,,21794,1,,,1,4,,21807,1,,,1,4,,21578,1,,,1,3,,21580,1,,,1,4,,21589,1,,,1,4,,21600,1,,,1,3,,21601,1,,,1,3,,21607,1,,,1,4,,21623,1,,,1,3,,21628,1,,,1,3,,21638,1,,,1,3,,21642,1,,,1,3,,21651,1,,,1,3,,21657,1,,,1,3,,21664,1,,,1,4,,21666,1,,,1,3,,21675,1,,,1,3,,21678,1,,,1,43,,21686,1,,,1,3,,21690,1,,,1,3,,21695,1,,,1,3,,21702,1,,,1,3,,21707,1,,,1,3,,21714,1,,,1,3,,21722,1,,,1,4,,21727,1,,,1,3,,21728,1,,,1,3,,21738,1,,,1,4,,21745,1,,,1,3,,21762,1,,,1,4,,21768,1,,,1,3,,21778,1,,,1,4,,21784,1,,,1,3,,21793,1,,,1,4,,21795,1,,,1,4,,21798,1,,,1,44,,21579,1,,,1,4,,21581,1,,,1,4,,21590,1,,,1,4,,21594,1,,,1,4,,21608,1,,,1,4,,21624,1,,,1,4,,21629,1,,,1,4,,21639,1,,,1,5,,21643,1,,,1,4,,21652,1,,,1,4,,21658,1,,,1,5,,21667,1,,,1,5,,21679,1,,,1,5,,21687,1,,,1,45,,21691,1,,,1,5,,21703,1,,,1,5,,21715,1,,,1,5,,21723,1,,,1,5,,21729,1,,,1,6,,21746,1,,,1,6,,21769,1,,,1,6,,21779,1,,,1,5,,21785,1,,,1,6,,21796,1,,,1,6,,21799,1,,,1,46,,21582,1,,,1,6,,21591,1,,,1,6,,21609,1,,,1,6,,21625,1,,,1,6,,21630,1,,,1,6,,21644,1,,,1,6,,21653,1,,,1,6,,21668,1,,,1,6,,21680,1,,,1,47,,21688,1,,,1,6,,21692,1,,,1,6,,21704,1,,,1,6,,21724,1,,,1,6,,21730,1,,,1,6,,21747,1,,,1,6,,21770,1,,,1,6,,21780,1,,,1,6,,21786,1,,,1,6,,21797,1,,,1,46,,21800,1,,,1,6,,21583,1,,,1,7,,21592,1,,,1,6,,21610,1,,,1,6,,21626,1,,,1,6,,21631,1,,,1,7,,21645,1,,,1,8,,21654,1,,,1,8,,21669,1,,,1,48,,21689,1,,,1,8,,21693,1,,,1,8,,21725,1,,,1,8,,21731,1,,,1,8,,21748,1,,,1,8,,21771,1,,,1,8,,21781,1,,,1,8,,21801,1,,,1,48,,21584,1,,,1,8,,21611,1,,,1,8,,21627,1,,,1,8,,21632,1,,,1,8,,21646,1,,,1
