100,'GLOBAUX-01-A',555,,20201,20,,,1,50,,20211,20,,,1,10,,20229,20,,,1,10,,20236,20,,,1,10,,20246,20,,,1,11,,20269,20,,,1,10,,20287,20,,,1,50,,20297,20,,,1,10,,20304,20,,,1,10,,20314,20,,,1,10,,20331,20,,,1,10,,20341,20,,,1,10,,20202,20,,,1,50,,20212,20,,,1,10,,20230,20,,,1,10,,20237,20,,,1,10,,20247,20,,,1,10,,20270,20,,,1,9,,20278,20,,,1,49,,20288,20,,,1,10,,20298,20,,,1,8,,20305,20,,,1,9,,20315,20,,,1,8,,20332,20,,,1,8,,20342,20,,,1,9,,20203,20,,,1,48,,20213,20,,,1,9,,20221,20,,,1,8,,20231,20,,,1,9,,20238,20,,,1,8,,20248,20,,,1,8,,20263,20,,,1,7,,20271,20,,,1,48,,20279,20,,,1,8,,20289,20,,,1,8,,20299,20,,,1,7,,20306,20,,,1,8,,20316,20,,,1,8,,20333,20,,,1,7,,20343,20,,,1,8,,20204,20,,,1,48,,20214,20,,,1,7,,20222,20,,,1,8,,20232,20,,,1,7,,20239,20,,,1,7,,20249,20,,,1,6,,20256,20,,,1,7,,20264,20,,,1,6,,20272,20,,,1,7,,20280,20,,,1,46,,20290,20,,,1,7,,20300,20,,,1,6,,20307,20,,,1,7,,20317,20,,,1,6,,20324,20,,,1,7,,20334,20,,,1,6,,20344,20,,,1,7,,20205,20,,,1,6,,20215,20,,,1,47,,20223,20,,,1,6,,20233,20,,,1,7,,20240,20,,,1,6,,20250,20,,,1,7,,20257,20,,,1,6,,20265,20,,,1,7,,20273,20,,,1,6,,20281,20,,,1,7,,20291,20,,,1,46,,20301,20,,,1,7,,20308,20,,,1,6,,20318,20,,,1,7,,20325,20,,,1,6,,20335,20,,,1,7,,20345,20,,,1,6,,20206,20,,,1,7,,20216,20,,,1,6,,20224,20,,,1,47,,20234,20,,,1,6,,20241,20,,,1,7,,20251,20,,,1,6,,20258,20,,,1,7,,20266,20,,,1,7,,20274,20,,,1,6,,20282,20,,,1,7,,20292,20,,,1,6,,20302,20,,,1,7,,20309,20,,,1,46,,20319,20,,,1,7,,20326,20,,,1,6,,20336,20,,,1,7,,20346,20,,,1,6,,20207,20,,,1,7,,20217,20,,,1,6,,20225,20,,,1,7,,20235,20,,,1,6,,20242,20,,,1,47,,20252,20,,,1,6,,20259,20,,,1,6,,20267,20,,,1,7,,20275,20,,,1,6,,20283,20,,,1,7,,20293,20,,,1,6,,20303,20,,,1,7,,20310,20,,,1,6,,20320,20,,,1,47,,20327,20,,,1,8,,20337,20,,,1,8,,20347,20,,,1,7,,20208,20,,,1,8,,20218,20,,,1,8,,20226,20,,,1,7,,20243,20,,,1,8,,20253,20,,,1,47,,20260,20,,,1,8,,20268,20,,,1,8,,20276,20,,,1,7,,20284,20,,,1,9,,20294,20,,,1,8,,20311,20,,,1,8,,20321,20,,,1,49,,20328,20,,,1,8,,20338,20,,,1,9,,20348,20,,,1,8,,20209,20,,,1,8,,20219,20,,,1,9,,20227,20,,,1,8,,20244,20,,,1,9,,20254,20,,,1,48,,20261,20,,,1,9,,20277,20,,,1,8,,20285,20,,,1,8,,20295,20,,,1,10,,20312,20,,,1,10,,20322,20,,,1,49,,20329,20,,,1,10,,20339,20,,,1,10,,20349,20,,,1,10,,20210,20,,,1,10,,20220,20,,,1,10,,20228,20,,,1,50,,20245,20,,,1,10,,20255,20,,,1,10,,20262,20,,,1,10,,20286,20,,,1,10,,20296,20,,,1,10,,20313,20,,,1,50,,20323,20,,,1,10,,20330,20,,,1,10,,20340,20,,,1,13,,20350,20,,,1
100,'GLOBAUX-01-F1',555,,20351,20,,,1,50,,20361,20,,,1,10,,20368,20,,,1,10,,20393,20,,,1,10,,20403,20,,,1,11,,20413,20,,,1,10,,20435,20,,,1,50,,20445,20,,,1,10,,20454,20,,,1,10,,20463,20,,,1,10,,20472,20,,,1,10,,20481,20,,,1,10,,20352,20,,,1,50,,20362,20,,,1,10,,20369,20,,,1,10,,20394,20,,,1,9,,20404,20,,,1,10,,20414,20,,,1,9,,20429,20,,,1,49,,20436,20,,,1,10,,20446,20,,,1,9,,20455,20,,,1,9,,20464,20,,,1,10,,20473,20,,,1,8,,20482,20,,,1,9,,20353,20,,,1,48,,20363,20,,,1,9,,20370,20,,,1,8,,20385,20,,,1,8,,20395,20,,,1,9,,20405,20,,,1,9,,20415,20,,,1,8,,20430,20,,,1,48,,20437,20,,,1,9,,20447,20,,,1,8,,20456,20,,,1,9,,20465,20,,,1,8,,20474,20,,,1,9,,20483,20,,,1,8,,20354,20,,,1,48,,20364,20,,,1,7,,20371,20,,,1,8,,20378,20,,,1,8,,20386,20,,,1,7,,20396,20,,,1,8,,20406,20,,,1,8,,20416,20,,,1,8,,20431,20,,,1,47,,20438,20,,,1,8,,20448,20,,,1,8,,20457,20,,,1,7,,20466,20,,,1,8,,20475,20,,,1,8,,20484,20,,,1,7,,20355,20,,,1,8,,20365,20,,,1,48,,20372,20,,,1,7,,20379,20,,,1,8,,20387,20,,,1,8,,20397,20,,,1,7,,20407,20,,,1,7,,20417,20,,,1,7,,20423,20,,,1,7,,20432,20,,,1,47,,20439,20,,,1,7,,20449,20,,,1,7,,20458,20,,,1,7,,20467,20,,,1,7,,20476,20,,,1,7,,20485,20,,,1,7,,20356,20,,,1,7,,20366,20,,,1,47,,20373,20,,,1,7,,20380,20,,,1,7,,20388,20,,,1,7,,20398,20,,,1,7,,20408,20,,,1,7,,20418,20,,,1,7,,20424,20,,,1,7,,20433,20,,,1,7,,20440,20,,,1,47,,20450,20,,,1,7,,20459,20,,,1,7,,20468,20,,,1,7,,20477,20,,,1,7,,20486,20,,,1,7,,20357,20,,,1,7,,20367,20,,,1,7,,20374,20,,,1,47,,20381,20,,,1,7,,20389,20,,,1,7,,20399,20,,,1,7,,20409,20,,,1,7,,20419,20,,,1,7,,20425,20,,,1,7,,20434,20,,,1,7,,20441,20,,,1,7,,20451,20,,,1,48,,20460,20,,,1,9,,20469,20,,,1,8,,20478,20,,,1,8,,20487,20,,,1,9,,20358,20,,,1,8,,20375,20,,,1,9,,20382,20,,,1,48,,20390,20,,,1,8,,20400,20,,,1,9,,20410,20,,,1,8,,20420,20,,,1,9,,20426,20,,,1,8,,20442,20,,,1,8,,20452,20,,,1,49,,20461,20,,,1,8,,20470,20,,,1,8,,20479,20,,,1,9,,20488,20,,,1,8,,20359,20,,,1,9,,20376,20,,,1,8,,20383,20,,,1,48,,20391,20,,,1,9,,20401,20,,,1,9,,20411,20,,,1,9,,20421,20,,,1,9,,20427,20,,,1,9,,20443,20,,,1,9,,20453,20,,,1,49,,20462,20,,,1,9,,20471,20,,,1,9,,20480,20,,,1,10,,20489,20,,,1,10,,20360,20,,,1,10,,20377,20,,,1,50,,20384,20,,,1,10,,20392,20,,,1,10,,20402,20,,,1,10,,20412,20,,,1,10,,20422,20,,,1,10,,20428,20,,,1,53,,20444,20,,,1
100,'GLOBAUX-01-F2',555,,20490,20,,,1,50,,20500,20,,,1,10,,20507,20,,,1,10,,20532,20,,,1,10,,20542,20,,,1,11,,20552,20,,,1,10,,20574,20,,,1,50,,20584,20,,,1,10,,20593,20,,,1,10,,20602,20,,,1,10,,20611,20,,,1,10,,20620,20,,,1,10,,20491,20,,,1,50,,20501,20,,,1,10,,20508,20,,,1,10,,20533,20,,,1,9,,20543,20,,,1,10,,20553,20,,,1,9,,20568,20,,,1,49,,20575,20,,,1,10,,20585,20,,,1,9,,20594,20,,,1,9,,20603,20,,,1,10,,20612,20,,,1,8,,20621,20,,,1,9,,20492,20,,,1,48,,20502,20,,,1,9,,20509,20,,,1,8,,20524,20,,,1,8,,20534,20,,,1,9,,20544,20,,,1,9,,20554,20,,,1,8,,20569,20,,,1,48,,20576,20,,,1,9,,20586,20,,,1,8,,20595,20,,,1,9,,20604,20,,,1,8,,20613,20,,,1,9,,20622,20,,,1,8,,20493,20,,,1,48,,20503,20,,,1,7,,20510,20,,,1,8,,20517,20,,,1,8,,20525,20,,,1,7,,20535,20,,,1,8,,20545,20,,,1,8,,20555,20,,,1,8,,20570,20,,,1,47,,20577,20,,,1,8,,20587,20,,,1,8,,20596,20,,,1,7,,20605,20,,,1,8,,20614,20,,,1,8,,20623,20,,,1,7,,20494,20,,,1,8,,20504,20,,,1,48,,20511,20,,,1,7,,20518,20,,,1,8,,20526,20,,,1,8,,20536,20,,,1,7,,20546,20,,,1,7,,20556,20,,,1,7,,20562,20,,,1,7,,20571,20,,,1,47,,20578,20,,,1,7,,20588,20,,,1,7,,20597,20,,,1,7,,20606,20,,,1,7,,20615,20,,,1,7,,20624,20,,,1,7,,20495,20,,,1,7,,20505,20,,,1,47,,20512,20,,,1,7,,20519,20,,,1,7,,20527,20,,,1,7,,20537,20,,,1,7,,20547,20,,,1,7,,20557,20,,,1,7,,20563,20,,,1,7,,20572,20,,,1,7,,20579,20,,,1,47,,20589,20,,,1,7,,20598,20,,,1,7,,20607,20,,,1,7,,20616,20,,,1,7,,20625,20,,,1,7,,20496,20,,,1,7,,20506,20,,,1,7,,20513,20,,,1,47,,20520,20,,,1,7,,20528,20,,,1,7,,20538,20,,,1,7,,20548,20,,,1,7,,20558,20,,,1,7,,20564,20,,,1,7,,20573,20,,,1,7,,20580,20,,,1,7,,20590,20,,,1,48,,20599,20,,,1,9,,20608,20,,,1,8,,20617,20,,,1,8,,20626,20,,,1,9,,20497,20,,,1,8,,20514,20,,,1,9,,20521,20,,,1,48,,20529,20,,,1,8,,20539,20,,,1,9,,20549,20,,,1,8,,20559,20,,,1,9,,20565,20,,,1,8,,20581,20,,,1,8,,20591,20,,,1,49,,20600,20,,,1,8,,20609,20,,,1,8,,20618,20,,,1,9,,20627,20,,,1,8,,20498,20,,,1,9,,20515,20,,,1,8,,20522,20,,,1,48,,20530,20,,,1,9,,20540,20,,,1,9,,20550,20,,,1,9,,20560,20,,,1,9,,20566,20,,,1,9,,20582,20,,,1,9,,20592,20,,,1,49,,20601,20,,,1,9,,20610,20,,,1,9,,20619,20,,,1,10,,20628,20,,,1,10,,20499,20,,,1,10,,20516,20,,,1,50,,20523,20,,,1,10,,20531,20,,,1,10,,20541,20,,,1,10,,20551,20,,,1,10,,20561,20,,,1,10,,20567,20,,,1,53,,20583,20,,,1
100,'GLOBAUX-01-I',555,,20629,20,,,1,50,,20639,20,,,1,10,,20646,20,,,1,10,,20671,20,,,1,10,,20681,20,,,1,11,,20691,20,,,1,10,,20713,20,,,1,50,,20723,20,,,1,10,,20732,20,,,1,10,,20741,20,,,1,10,,20750,20,,,1,10,,20759,20,,,1,10,,20630,20,,,1,50,,20640,20,,,1,10,,20647,20,,,1,10,,20672,20,,,1,9,,20682,20,,,1,10,,20692,20,,,1,9,,20707,20,,,1,49,,20714,20,,,1,10,,20724,20,,,1,9,,20733,20,,,1,9,,20742,20,,,1,10,,20751,20,,,1,8,,20760,20,,,1,9,,20631,20,,,1,48,,20641,20,,,1,9,,20648,20,,,1,8,,20663,20,,,1,8,,20673,20,,,1,9,,20683,20,,,1,9,,20693,20,,,1,8,,20708,20,,,1,48,,20715,20,,,1,9,,20725,20,,,1,8,,20734,20,,,1,9,,20743,20,,,1,8,,20752,20,,,1,9,,20761,20,,,1,8,,20632,20,,,1,48,,20642,20,,,1,7,,20649,20,,,1,8,,20656,20,,,1,8,,20664,20,,,1,7,,20674,20,,,1,8,,20684,20,,,1,8,,20694,20,,,1,8,,20709,20,,,1,47,,20716,20,,,1,8,,20726,20,,,1,8,,20735,20,,,1,7,,20744,20,,,1,8,,20753,20,,,1,8,,20762,20,,,1,7,,20633,20,,,1,8,,20643,20,,,1,48,,20650,20,,,1,7,,20657,20,,,1,8,,20665,20,,,1,8,,20675,20,,,1,7,,20685,20,,,1,7,,20695,20,,,1,7,,20701,20,,,1,7,,20710,20,,,1,47,,20717,20,,,1,7,,20727,20,,,1,7,,20736,20,,,1,7,,20745,20,,,1,7,,20754,20,,,1,7,,20763,20,,,1,7,,20634,20,,,1,7,,20644,20,,,1,47,,20651,20,,,1,7,,20658,20,,,1,7,,20666,20,,,1,7,,20676,20,,,1,7,,20686,20,,,1,7,,20696,20,,,1,7,,20702,20,,,1,7,,20711,20,,,1,7,,20718,20,,,1,47,,20728,20,,,1,7,,20737,20,,,1,7,,20746,20,,,1,7,,20755,20,,,1,7,,20764,20,,,1,7,,20635,20,,,1,7,,20645,20,,,1,7,,20652,20,,,1,47,,20659,20,,,1,7,,20667,20,,,1,7,,20677,20,,,1,7,,20687,20,,,1,7,,20697,20,,,1,7,,20703,20,,,1,7,,20712,20,,,1,7,,20719,20,,,1,7,,20729,20,,,1,48,,20738,20,,,1,9,,20747,20,,,1,8,,20756,20,,,1,8,,20765,20,,,1,9,,20636,20,,,1,8,,20653,20,,,1,9,,20660,20,,,1,48,,20668,20,,,1,8,,20678,20,,,1,9,,20688,20,,,1,8,,20698,20,,,1,9,,20704,20,,,1,8,,20720,20,,,1,8,,20730,20,,,1,49,,20739,20,,,1,8,,20748,20,,,1,8,,20757,20,,,1,9,,20766,20,,,1,8,,20637,20,,,1,9,,20654,20,,,1,8,,20661,20,,,1,48,,20669,20,,,1,9,,20679,20,,,1,9,,20689,20,,,1,9,,20699,20,,,1,9,,20705,20,,,1,9,,20721,20,,,1,9,,20731,20,,,1,49,,20740,20,,,1,9,,20749,20,,,1,9,,20758,20,,,1,10,,20767,20,,,1,10,,20638,20,,,1,10,,20655,20,,,1,50,,20662,20,,,1,10,,20670,20,,,1,10,,20680,20,,,1,10,,20690,20,,,1,10,,20700,20,,,1,10,,20706,20,,,1,53,,20722,20,,,1
100,'GLOBAUX-01-S',556,,20768,20,,,1,46,,20796,20,,,1,7,,20806,20,,,1,7,,20826,20,,,1,7,,20848,20,,,1,7,,20852,20,,,1,6,,20859,20,,,1,7,,20870,20,,,1,5,,20876,20,,,1,4,,20893,20,,,1,4,,20902,20,,,1,44,,20905,20,,,1,4,,20913,20,,,1,4,,20930,20,,,1,3,,20936,20,,,1,3,,20946,20,,,1,3,,20948,20,,,1,4,,20950,20,,,1,3,,20952,20,,,1,3,,20968,20,,,1,3,,20977,20,,,1,4,,20979,20,,,1,3,,20997,20,,,1,3,,21003,20,,,1,4,,21004,20,,,1,3,,20769,20,,,1,3,,20787,20,,,1,3,,20789,20,,,1,4,,20797,20,,,1,43,,20807,20,,,1,3,,20808,20,,,1,3,,20809,20,,,1,3,,20811,20,,,1,3,,20812,20,,,1,3,,20827,20,,,1,3,,20833,20,,,1,3,,20839,20,,,1,3,,20849,20,,,1,3,,20853,20,,,1,3,,20860,20,,,1,3,,20865,20,,,1,3,,20871,20,,,1,3,,20877,20,,,1,4,,20894,20,,,1,3,,20903,20,,,1,3,,20906,20,,,1,3,,20912,20,,,1,3,,20914,20,,,1,3,,20931,20,,,1,44,,20937,20,,,1,3,,20947,20,,,1,3,,20949,20,,,1,3,,20951,20,,,1,4,,20955,20,,,1,3,,20960,20,,,1,4,,20969,20,,,1,3,,20978,20,,,1,4,,20984,20,,,1,4,,20998,20,,,1,3,,21005,20,,,1,4,,20770,20,,,1,4,,20780,20,,,1,5,,20790,20,,,1,5,,20798,20,,,1,5,,20810,20,,,1,45,,20813,20,,,1,5,,20828,20,,,1,6,,20840,20,,,1,6,,20854,20,,,1,6,,20866,20,,,1,6,,20878,20,,,1,6,,20895,20,,,1,6,,20907,20,,,1,6,,20915,20,,,1,6,,20932,20,,,1,46,,20938,20,,,1,6,,20956,20,,,1,6,,20961,20,,,1,6,,20970,20,,,1,6,,20985,20,,,1,6,,20999,20,,,1,6,,20771,20,,,1,6,,20781,20,,,1,6,,20791,20,,,1,6,,20799,20,,,1,46,,20814,20,,,1,6,,20829,20,,,1,6,,20841,20,,,1,6,,20855,20,,,1,6,,20867,20,,,1,6,,20879,20,,,1,6,,20896,20,,,1,6,,20908,20,,,1,6,,20916,20,,,1,6,,20933,20,,,1,46,,20939,20,,,1,6,,20957,20,,,1,6,,20962,20,,,1,6,,20971,20,,,1,6,,20986,20,,,1,6,,21000,20,,,1,6,,20772,20,,,1,6,,20782,20,,,1,6,,20792,20,,,1,6,,20800,20,,,1,46,,20815,20,,,1,6,,20830,20,,,1,6,,20842,20,,,1,6,,20856,20,,,1,6,,20868,20,,,1,6,,20880,20,,,1,6,,20897,20,,,1,7,,20909,20,,,1,6,,20917,20,,,1,6,,20934,20,,,1,46,,20940,20,,,1,6,,20958,20,,,1,6,,20963,20,,,1,6,,20972,20,,,1,5,,20987,20,,,1,4,,20989,20,,,1,4,,21001,20,,,1,4,,20773,20,,,1,4,,20775,20,,,1,4,,20783,20,,,1,4,,20793,20,,,1,4,,20795,20,,,1,4,,20801,20,,,1,44,,20816,20,,,1,3,,20821,20,,,1,4,,20831,20,,,1,3,,20834,20,,,1,3,,20843,20,,,1,4,,20850,20,,,1,3,,20857,20,,,1,3,,20869,20,,,1,3,,20872,20,,,1,3,,20881,20,,,1,3,,20886,20,,,1,3,,20891,20,,,1,3,,20898,20,,,1,3,,20904,20,,,1,3,,20910,20,,,1,3,,20918,20,,,1,2,,20923,20,,,1,3,,20925,20,,,1,3,,20935,20,,,1,43,,20941,20,,,1,2,,20953,20,,,1,3,,20954,20,,,1,3,,20959,20,,,1,3,,20964,20,,,1,2,,20973,20,,,1,3,,20980,20,,,1,3,,20983,20,,,1,3,,20988,20,,,1,2,,20990,20,,,1,3,,20993,20,,,1,3,,21002,20,,,1,3,,20774,20,,,1,2,,20776,20,,,1,4,,20784,20,,,1,3,,20788,20,,,1,3,,20794,20,,,1,3,,20802,20,,,1,3,,20817,20,,,1,4,,20822,20,,,1,44,,20832,20,,,1,3,,20835,20,,,1,4,,20844,20,,,1,3,,20851,20,,,1,4,,20858,20,,,1,4,,20861,20,,,1,4,,20873,20,,,1,4,,20882,20,,,1,4,,20887,20,,,1,4,,20892,20,,,1,4,,20899,20,,,1,4,,20911,20,,,1,4,,20919,20,,,1,4,,20924,20,,,1,4,,20926,20,,,1,4,,20942,20,,,1,45,,20965,20,,,1,6,,20974,20,,,1,6,,20981,20,,,1,6,,20991,20,,,1,6,,20994,20,,,1,5,,20777,20,,,1,6,,20785,20,,,1,6,,20803,20,,,1,6,,20818,20,,,1,6,,20823,20,,,1,46,,20836,20,,,1,6,,20845,20,,,1,6,,20862,20,,,1,6,,20874,20,,,1,6,,20883,20,,,1,6,,20888,20,,,1,6,,20900,20,,,1,7,,20920,20,,,1,6,,20927,20,,,1,6,,20943,20,,,1,46,,20966,20,,,1,6,,20975,20,,,1,6,,20982,20,,,1,6,,20992,20,,,1,6,,20995,20,,,1,6,,20778,20,,,1,6,,20786,20,,,1,6,,20804,20,,,1,6,,20819,20,,,1,6,,20824,20,,,1,47,,20837,20,,,1,6,,20846,20,,,1,6,,20863,20,,,1,6,,20875,20,,,1,6,,20884,20,,,1,6,,20889,20,,,1,6,,20901,20,,,1,7,,20921,20,,,1,6,,20928,20,,,1,48,,20944,20,,,1,8,,20967,20,,,1,8,,20976,20,,,1,8,,20996,20,,,1,8,,20779,20,,,1,8,,20805,20,,,1,8,,20820,20,,,1,8,,20825,20,,,1,48,,20838,20,,,1,8,,20847,20,,,1,8,,20864,20,,,1,8,,20885,20,,,1,8,,20890,20,,,1,7,,20922,20,,,1,8,,20929,20,,,1,52,,20945,20,,,1
101,'GLOBAUX-01-A',539,,21092,8,,,1,10,,21102,8,,,1,10,,21109,8,,,1,50,,21119,8,,,1,10,,21136,8,,,1,10,,21146,8,,,1,10,,21006,8,,,1,10,,21016,8,,,1,10,,21035,8,,,1,50,,21042,8,,,1,10,,21052,8,,,1,10,,21074,8,,,1,9,,21082,8,,,1,10,,21093,8,,,1,9,,21103,8,,,1,49,,21110,8,,,1,10,,21120,8,,,1,8,,21137,8,,,1,9,,21147,8,,,1,8,,21007,8,,,1,9,,21017,8,,,1,8,,21026,8,,,1,48,,21036,8,,,1,9,,21043,8,,,1,8,,21053,8,,,1,9,,21075,8,,,1,8,,21083,8,,,1,9,,21094,8,,,1,8,,21104,8,,,1,48,,21111,8,,,1,9,,21121,8,,,1,8,,21138,8,,,1,9,,21148,8,,,1,8,,21008,8,,,1,8,,21018,8,,,1,8,,21027,8,,,1,48,,21037,8,,,1,7,,21044,8,,,1,8,,21054,8,,,1,8,,21069,8,,,1,7,,21076,8,,,1,8,,21084,8,,,1,8,,21095,8,,,1,8,,21105,8,,,1,47,,21112,8,,,1,7,,21122,8,,,1,7,,21129,8,,,1,6,,21139,8,,,1,7,,21149,8,,,1,6,,21009,8,,,1,7,,21019,8,,,1,6,,21028,8,,,1,7,,21038,8,,,1,46,,21045,8,,,1,7,,21055,8,,,1,6,,21062,8,,,1,7,,21070,8,,,1,6,,21077,8,,,1,7,,21085,8,,,1,6,,21096,8,,,1,7,,21106,8,,,1,6,,21113,8,,,1,47,,21123,8,,,1,6,,21130,8,,,1,7,,21140,8,,,1,6,,21150,8,,,1,7,,21010,8,,,1,6,,21020,8,,,1,7,,21029,8,,,1,6,,21039,8,,,1,7,,21046,8,,,1,46,,21056,8,,,1,7,,21063,8,,,1,6,,21071,8,,,1,7,,21078,8,,,1,6,,21086,8,,,1,7,,21097,8,,,1,6,,21107,8,,,1,7,,21114,8,,,1,6,,21124,8,,,1,7,,21131,8,,,1,46,,21141,8,,,1,7,,21151,8,,,1,6,,21011,8,,,1,7,,21021,8,,,1,6,,21030,8,,,1,7,,21040,8,,,1,6,,21047,8,,,1,7,,21057,8,,,1,6,,21064,8,,,1,47,,21072,8,,,1,6,,21079,8,,,1,7,,21087,8,,,1,6,,21098,8,,,1,7,,21108,8,,,1,6,,21115,8,,,1,7,,21125,8,,,1,6,,21132,8,,,1,7,,21142,8,,,1,46,,21152,8,,,1,7,,21012,8,,,1,6,,21022,8,,,1,7,,21031,8,,,1,6,,21041,8,,,1,7,,21048,8,,,1,7,,21058,8,,,1,7,,21065,8,,,1,8,,21073,8,,,1,48,,21080,8,,,1,7,,21088,8,,,1,8,,21099,8,,,1,8,,21116,8,,,1,7,,21126,8,,,1,8,,21133,8,,,1,9,,21143,8,,,1,48,,21153,8,,,1,9,,21013,8,,,1,8,,21023,8,,,1,8,,21032,8,,,1,9,,21049,8,,,1,8,,21059,8,,,1,9,,21066,8,,,1,8,,21081,8,,,1,48,,21089,8,,,1,9,,21100,8,,,1,8,,21117,8,,,1,9,,21127,8,,,1,8,,21134,8,,,1,9,,21144,8,,,1,50,,21154,8,,,1,9,,21014,8,,,1,9,,21024,8,,,1,10,,21033,8,,,1,10,,21050,8,,,1,9,,21060,8,,,1,10,,21067,8,,,1,50,,21090,8,,,1,10,,21101,8,,,1,10,,21118,8,,,1,10,,21128,8,,,1,10,,21135,8,,,1,10,,21145,8,,,1,50,,21155,8,,,1,10,,21015,8,,,1,10,,21025,8,,,1,10,,21034,8,,,1,10,,21051,8,,,1,10,,21061,8,,,1,50,,21068,8,,,1,10,,21091,8,,,1
101,'GLOBAUX-01-F1',539,,21236,8,,,1,10,,21246,8,,,1,10,,21255,8,,,1,50,,21265,8,,,1,10,,21275,8,,,1,10,,21285,8,,,1,10,,21156,8,,,1,10,,21166,8,,,1,10,,21173,8,,,1,50,,21198,8,,,1,10,,21207,8,,,1,10,,21216,8,,,1,9,,21230,8,,,1,10,,21237,8,,,1,9,,21247,8,,,1,49,,21256,8,,,1,10,,21266,8,,,1,9,,21276,8,,,1,8,,21286,8,,,1,9,,21157,8,,,1,8,,21167,8,,,1,9,,21174,8,,,1,48,,21190,8,,,1,9,,21199,8,,,1,8,,21208,8,,,1,8,,21217,8,,,1,9,,21231,8,,,1,8,,21238,8,,,1,9,,21248,8,,,1,48,,21257,8,,,1,9,,21267,8,,,1,8,,21277,8,,,1,8,,21287,8,,,1,9,,21158,8,,,1,8,,21168,8,,,1,9,,21175,8,,,1,48,,21191,8,,,1,9,,21200,8,,,1,8,,21209,8,,,1,8,,21218,8,,,1,9,,21232,8,,,1,8,,21239,8,,,1,9,,21249,8,,,1,48,,21258,8,,,1,8,,21268,8,,,1,9,,21278,8,,,1,8,,21288,8,,,1,7,,21159,8,,,1,8,,21169,8,,,1,8,,21176,8,,,1,7,,21183,8,,,1,48,,21192,8,,,1,8,,21201,8,,,1,7,,21210,8,,,1,8,,21219,8,,,1,8,,21233,8,,,1,7,,21240,8,,,1,8,,21250,8,,,1,48,,21259,8,,,1,7,,21269,8,,,1,8,,21279,8,,,1,8,,21289,8,,,1,7,,21160,8,,,1,8,,21170,8,,,1,8,,21177,8,,,1,7,,21184,8,,,1,48,,21193,8,,,1,7,,21202,8,,,1,7,,21211,8,,,1,7,,21220,8,,,1,7,,21225,8,,,1,7,,21234,8,,,1,7,,21241,8,,,1,7,,21251,8,,,1,7,,21260,8,,,1,47,,21270,8,,,1,7,,21280,8,,,1,7,,21290,8,,,1,7,,21161,8,,,1,7,,21171,8,,,1,7,,21178,8,,,1,7,,21185,8,,,1,7,,21194,8,,,1,47,,21203,8,,,1,7,,21212,8,,,1,7,,21221,8,,,1,7,,21226,8,,,1,7,,21235,8,,,1,7,,21242,8,,,1,7,,21252,8,,,1,7,,21261,8,,,1,7,,21271,8,,,1,47,,21281,8,,,1,7,,21291,8,,,1,7,,21162,8,,,1,7,,21172,8,,,1,7,,21179,8,,,1,7,,21186,8,,,1,8,,21195,8,,,1,9,,21204,8,,,1,48,,21213,8,,,1,8,,21222,8,,,1,9,,21227,8,,,1,8,,21243,8,,,1,9,,21253,8,,,1,8,,21262,8,,,1,8,,21272,8,,,1,49,,21282,8,,,1,8,,21292,8,,,1,9,,21163,8,,,1,8,,21180,8,,,1,9,,21187,8,,,1,8,,21196,8,,,1,8,,21205,8,,,1,49,,21214,8,,,1,8,,21223,8,,,1,9,,21228,8,,,1,8,,21244,8,,,1,8,,21254,8,,,1,9,,21263,8,,,1,8,,21273,8,,,1,49,,21283,8,,,1,8,,21293,8,,,1,8,,21164,8,,,1,10,,21181,8,,,1,10,,21188,8,,,1,10,,21197,8,,,1,10,,21206,8,,,1,50,,21215,8,,,1,10,,21224,8,,,1,10,,21229,8,,,1,10,,21245,8,,,1,10,,21264,8,,,1,10,,21274,8,,,1,50,,21284,8,,,1,10,,21294,8,,,1,10,,21165,8,,,1,10,,21182,8,,,1,10,,21189,8,,,1
101,'GLOBAUX-01-F2',539,,21375,8,,,1,10,,21385,8,,,1,10,,21394,8,,,1,50,,21404,8,,,1,10,,21414,8,,,1,10,,21424,8,,,1,10,,21295,8,,,1,10,,21305,8,,,1,10,,21312,8,,,1,50,,21337,8,,,1,10,,21346,8,,,1,10,,21355,8,,,1,9,,21369,8,,,1,10,,21376,8,,,1,9,,21386,8,,,1,49,,21395,8,,,1,10,,21405,8,,,1,9,,21415,8,,,1,8,,21425,8,,,1,9,,21296,8,,,1,8,,21306,8,,,1,9,,21313,8,,,1,48,,21329,8,,,1,9,,21338,8,,,1,8,,21347,8,,,1,8,,21356,8,,,1,9,,21370,8,,,1,8,,21377,8,,,1,9,,21387,8,,,1,48,,21396,8,,,1,9,,21406,8,,,1,8,,21416,8,,,1,8,,21426,8,,,1,9,,21297,8,,,1,8,,21307,8,,,1,9,,21314,8,,,1,48,,21330,8,,,1,9,,21339,8,,,1,8,,21348,8,,,1,8,,21357,8,,,1,9,,21371,8,,,1,8,,21378,8,,,1,9,,21388,8,,,1,48,,21397,8,,,1,8,,21407,8,,,1,9,,21417,8,,,1,8,,21427,8,,,1,7,,21298,8,,,1,8,,21308,8,,,1,8,,21315,8,,,1,7,,21322,8,,,1,48,,21331,8,,,1,8,,21340,8,,,1,7,,21349,8,,,1,8,,21358,8,,,1,8,,21372,8,,,1,7,,21379,8,,,1,8,,21389,8,,,1,48,,21398,8,,,1,7,,21408,8,,,1,8,,21418,8,,,1,8,,21428,8,,,1,7,,21299,8,,,1,8,,21309,8,,,1,8,,21316,8,,,1,7,,21323,8,,,1,48,,21332,8,,,1,7,,21341,8,,,1,7,,21350,8,,,1,7,,21359,8,,,1,7,,21364,8,,,1,7,,21373,8,,,1,7,,21380,8,,,1,7,,21390,8,,,1,7,,21399,8,,,1,47,,21409,8,,,1,7,,21419,8,,,1,7,,21429,8,,,1,7,,21300,8,,,1,7,,21310,8,,,1,7,,21317,8,,,1,7,,21324,8,,,1,7,,21333,8,,,1,47,,21342,8,,,1,7,,21351,8,,,1,7,,21360,8,,,1,7,,21365,8,,,1,7,,21374,8,,,1,7,,21381,8,,,1,7,,21391,8,,,1,7,,21400,8,,,1,7,,21410,8,,,1,47,,21420,8,,,1,7,,21430,8,,,1,7,,21301,8,,,1,7,,21311,8,,,1,7,,21318,8,,,1,7,,21325,8,,,1,8,,21334,8,,,1,9,,21343,8,,,1,48,,21352,8,,,1,8,,21361,8,,,1,9,,21366,8,,,1,8,,21382,8,,,1,9,,21392,8,,,1,8,,21401,8,,,1,8,,21411,8,,,1,49,,21421,8,,,1,8,,21431,8,,,1,9,,21302,8,,,1,8,,21319,8,,,1,9,,21326,8,,,1,8,,21335,8,,,1,8,,21344,8,,,1,49,,21353,8,,,1,8,,21362,8,,,1,9,,21367,8,,,1,8,,21383,8,,,1,8,,21393,8,,,1,9,,21402,8,,,1,8,,21412,8,,,1,49,,21422,8,,,1,8,,21432,8,,,1,8,,21303,8,,,1,10,,21320,8,,,1,10,,21327,8,,,1,10,,21336,8,,,1,10,,21345,8,,,1,50,,21354,8,,,1,10,,21363,8,,,1,10,,21368,8,,,1,10,,21384,8,,,1,10,,21403,8,,,1,10,,21413,8,,,1,50,,21423,8,,,1,10,,21433,8,,,1,10,,21304,8,,,1,10,,21321,8,,,1,10,,21328,8,,,1
101,'GLOBAUX-01-I',539,,21514,8,,,1,10,,21524,8,,,1,10,,21533,8,,,1,50,,21543,8,,,1,10,,21553,8,,,1,10,,21563,8,,,1,10,,21434,8,,,1,10,,21444,8,,,1,10,,21451,8,,,1,50,,21476,8,,,1,10,,21485,8,,,1,10,,21494,8,,,1,9,,21508,8,,,1,10,,21515,8,,,1,9,,21525,8,,,1,49,,21534,8,,,1,10,,21544,8,,,1,9,,21554,8,,,1,8,,21564,8,,,1,9,,21435,8,,,1,8,,21445,8,,,1,9,,21452,8,,,1,48,,21468,8,,,1,9,,21477,8,,,1,8,,21486,8,,,1,8,,21495,8,,,1,9,,21509,8,,,1,8,,21516,8,,,1,9,,21526,8,,,1,48,,21535,8,,,1,9,,21545,8,,,1,8,,21555,8,,,1,8,,21565,8,,,1,9,,21436,8,,,1,8,,21446,8,,,1,9,,21453,8,,,1,48,,21469,8,,,1,9,,21478,8,,,1,8,,21487,8,,,1,8,,21496,8,,,1,9,,21510,8,,,1,8,,21517,8,,,1,9,,21527,8,,,1,48,,21536,8,,,1,8,,21546,8,,,1,9,,21556,8,,,1,8,,21566,8,,,1,7,,21437,8,,,1,8,,21447,8,,,1,8,,21454,8,,,1,7,,21461,8,,,1,48,,21470,8,,,1,8,,21479,8,,,1,7,,21488,8,,,1,8,,21497,8,,,1,8,,21511,8,,,1,7,,21518,8,,,1,8,,21528,8,,,1,48,,21537,8,,,1,7,,21547,8,,,1,8,,21557,8,,,1,8,,21567,8,,,1,7,,21438,8,,,1,8,,21448,8,,,1,8,,21455,8,,,1,7,,21462,8,,,1,48,,21471,8,,,1,7,,21480,8,,,1,7,,21489,8,,,1,7,,21498,8,,,1,7,,21503,8,,,1,7,,21512,8,,,1,7,,21519,8,,,1,7,,21529,8,,,1,7,,21538,8,,,1,47,,21548,8,,,1,7,,21558,8,,,1,7,,21568,8,,,1,7,,21439,8,,,1,7,,21449,8,,,1,7,,21456,8,,,1,7,,21463,8,,,1,7,,21472,8,,,1,47,,21481,8,,,1,7,,21490,8,,,1,7,,21499,8,,,1,7,,21504,8,,,1,7,,21513,8,,,1,7,,21520,8,,,1,7,,21530,8,,,1,7,,21539,8,,,1,7,,21549,8,,,1,47,,21559,8,,,1,7,,21569,8,,,1,7,,21440,8,,,1,7,,21450,8,,,1,7,,21457,8,,,1,7,,21464,8,,,1,8,,21473,8,,,1,9,,21482,8,,,1,48,,21491,8,,,1,8,,21500,8,,,1,9,,21505,8,,,1,8,,21521,8,,,1,9,,21531,8,,,1,8,,21540,8,,,1,8,,21550,8,,,1,49,,21560,8,,,1,8,,21570,8,,,1,9,,21441,8,,,1,8,,21458,8,,,1,9,,21465,8,,,1,8,,21474,8,,,1,8,,21483,8,,,1,49,,21492,8,,,1,8,,21501,8,,,1,9,,21506,8,,,1,8,,21522,8,,,1,8,,21532,8,,,1,9,,21541,8,,,1,8,,21551,8,,,1,49,,21561,8,,,1,8,,21571,8,,,1,8,,21442,8,,,1,10,,21459,8,,,1,10,,21466,8,,,1,10,,21475,8,,,1,10,,21484,8,,,1,50,,21493,8,,,1,10,,21502,8,,,1,10,,21507,8,,,1,10,,21523,8,,,1,10,,21542,8,,,1,10,,21552,8,,,1,50,,21562,8,,,1,10,,21572,8,,,1,10,,21443,8,,,1,10,,21460,8,,,1,10,,21467,8,,,1
101,'GLOBAUX-01-S',539,,21696,8,,,1,8,,21708,8,,,1,7,,21732,8,,,1,47,,21749,8,,,1,7,,21753,8,,,1,7,,21772,8,,,1,7,,21802,8,,,1,7,,21809,8,,,1,5,,21573,8,,,1,5,,21595,8,,,1,5,,21602,8,,,1,5,,21612,8,,,1,5,,21616,8,,,1,4,,21618,8,,,1,45,,21633,8,,,1,3,,21640,8,,,1,4,,21655,8,,,1,4,,21659,8,,,1,3,,21665,8,,,1,4,,21670,8,,,1,3,,21676,8,,,1,4,,21681,8,,,1,4,,21697,8,,,1,3,,21705,8,,,1,3,,21709,8,,,1,3,,21717,8,,,1,3,,21733,8,,,1,3,,21739,8,,,1,3,,21740,8,,,1,3,,21750,8,,,1,3,,21752,8,,,1,2,,21754,8,,,1,43,,21755,8,,,1,3,,21757,8,,,1,3,,21763,8,,,1,2,,21773,8,,,1,3,,21782,8,,,1,2,,21783,8,,,1,3,,21788,8,,,1,2,,21803,8,,,1,3,,21808,8,,,1,2,,21810,8,,,1,3,,21574,8,,,1,2,,21585,8,,,1,3,,21593,8,,,1,2,,21596,8,,,1,3,,21603,8,,,1,3,,21613,8,,,1,2,,21614,8,,,1,3,,21615,8,,,1,3,,21617,8,,,1,3,,21619,8,,,1,3,,21634,8,,,1,3,,21641,8,,,1,43,,21647,8,,,1,3,,21656,8,,,1,4,,21660,8,,,1,3,,21671,8,,,1,3,,21677,8,,,1,4,,21682,8,,,1,3,,21698,8,,,1,4,,21706,8,,,1,4,,21710,8,,,1,3,,21716,8,,,1,4,,21718,8,,,1,4,,21734,8,,,1,4,,21741,8,,,1,5,,21751,8,,,1,5,,21758,8,,,1,5,,21764,8,,,1,46,,21774,8,,,1,6,,21789,8,,,1,6,,21804,8,,,1,6,,21575,8,,,1,6,,21586,8,,,1,6,,21597,8,,,1,6,,21604,8,,,1,6,,21620,8,,,1,6,,21635,8,,,1,6,,21648,8,,,1,46,,21661,8,,,1,6,,21672,8,,,1,6,,21683,8,,,1,6,,21699,8,,,1,6,,21711,8,,,1,6,,21719,8,,,1,6,,21735,8,,,1,6,,21742,8,,,1,6,,21759,8,,,1,6,,21765,8,,,1,46,,21775,8,,,1,6,,21790,8,,,1,6,,21805,8,,,1,6,,21576,8,,,1,6,,21587,8,,,1,6,,21598,8,,,1,6,,21605,8,,,1,6,,21621,8,,,1,6,,21636,8,,,1,6,,21649,8,,,1,46,,21662,8,,,1,6,,21673,8,,,1,6,,21684,8,,,1,6,,21700,8,,,1,6,,21712,8,,,1,6,,21720,8,,,1,6,,21736,8,,,1,6,,21743,8,,,1,6,,21760,8,,,1,6,,21766,8,,,1,46,,21776,8,,,1,6,,21791,8,,,1,6,,21806,8,,,1,6,,21577,8,,,1,6,,21588,8,,,1,6,,21599,8,,,1,6,,21606,8,,,1,6,,21622,8,,,1,6,,21637,8,,,1,6,,21650,8,,,1,46,,21663,8,,,1,6,,21674,8,,,1,6,,21685,8,,,1,5,,21694,8,,,1,5,,21701,8,,,1,4,,21713,8,,,1,4,,21721,8,,,1,4,,21726,8,,,1,4,,21737,8,,,1,4,,21744,8,,,1,3,,21756,8,,,1,4,,21761,8,,,1,4,,21767,8,,,1,44,,21777,8,,,1,3,,21787,8,,,1,4,,21792,8,,,1,4,,21794,8,,,1,4,,21807,8,,,1,3,,21578,8,,,1,4,,21580,8,,,1,4,,21589,8,,,1,4,,21600,8,,,1,3,,21601,8,,,1,3,,21607,8,,,1,3,,21623,8,,,1,4,,21628,8,,,1,3,,21638,8,,,1,3,,21642,8,,,1,3,,21651,8,,,1,3,,21657,8,,,1,3,,21664,8,,,1,43,,21666,8,,,1,3,,21675,8,,,1,3,,21678,8,,,1,3,,21686,8,,,1,4,,21690,8,,,1,3,,21695,8,,,1,3,,21702,8,,,1,3,,21707,8,,,1,3,,21714,8,,,1,3,,21722,8,,,1,3,,21727,8,,,1,4,,21728,8,,,1,3,,21738,8,,,1,3,,21745,8,,,1,4,,21762,8,,,1,3,,21768,8,,,1,4,,21778,8,,,1,3,,21784,8,,,1,44,,21793,8,,,1,4,,21795,8,,,1,4,,21798,8,,,1,4,,21579,8,,,1,4,,21581,8,,,1,4,,21590,8,,,1,4,,21594,8,,,1,4,,21608,8,,,1,4,,21624,8,,,1,4,,21629,8,,,1,4,,21639,8,,,1,4,,21643,8,,,1,4,,21652,8,,,1,4,,21658,8,,,1,5,,21667,8,,,1,45,,21679,8,,,1,5,,21687,8,,,1,5,,21691,8,,,1,5,,21703,8,,,1,5,,21715,8,,,1,6,,21723,8,,,1,5,,21729,8,,,1,6,,21746,8,,,1,5,,21769,8,,,1,6,,21779,8,,,1,6,,21785,8,,,1,46,,21796,8,,,1,6,,21799,8,,,1,6,,21582,8,,,1,6,,21591,8,,,1,6,,21609,8,,,1,6,,21625,8,,,1,6,,21630,8,,,1,6,,21644,8,,,1,6,,21653,8,,,1,6,,21668,8,,,1,46,,21680,8,,,1,6,,21688,8,,,1,6,,21692,8,,,1,6,,21704,8,,,1,6,,21724,8,,,1,6,,21730,8,,,1,7,,21747,8,,,1,6,,21770,8,,,1,6,,21780,8,,,1,6,,21786,8,,,1,46,,21797,8,,,1,6,,21800,8,,,1,6,,21583,8,,,1,6,,21592,8,,,1,6,,21610,8,,,1,6,,21626,8,,,1,6,,21631,8,,,1,7,,21645,8,,,1,8,,21654,8,,,1,48,,21669,8,,,1,8,,21689,8,,,1,8,,21693,8,,,1,8,,21725,8,,,1,8,,21731,8,,,1,8,,21748,8,,,1,8,,21771,8,,,1,8,,21781,8,,,1,48,,21801,8,,,1,8,,21584,8,,,1,8,,21611,8,,,1,8,,21627,8,,,1,8,,21632,8,,,1,8,,21646,8,,,1
