100,'GLOBAUX-01-A',530,,20201,1,,,1,10,,20211,1,,,1,10,,20229,1,,,1,50,,20236,1,,,1,10,,20246,1,,,1,10,,20269,1,,,1,10,,20287,1,,,1,10,,20297,1,,,1,10,,20304,1,,,1,50,,20314,1,,,1,10,,20331,1,,,1,10,,20341,1,,,1,10,,20202,1,,,1,10,,20212,1,,,1,10,,20230,1,,,1,50,,20237,1,,,1,10,,20247,1,,,1,9,,20270,1,,,1,9,,20278,1,,,1,10,,20288,1,,,1,9,,20298,1,,,1,8,,20305,1,,,1,49,,20315,1,,,1,8,,20332,1,,,1,9,,20342,1,,,1,8,,20203,1,,,1,9,,20213,1,,,1,8,,20221,1,,,1,8,,20231,1,,,1,49,,20238,1,,,1,8,,20248,1,,,1,8,,20263,1,,,1,8,,20271,1,,,1,7,,20279,1,,,1,8,,20289,1,,,1,8,,20299,1,,,1,7,,20306,1,,,1,48,,20316,1,,,1,8,,20333,1,,,1,7,,20343,1,,,1,8,,20204,1,,,1,8,,20214,1,,,1,7,,20222,1,,,1,8,,20232,1,,,1,7,,20239,1,,,1,46,,20249,1,,,1,7,,20256,1,,,1,6,,20264,1,,,1,7,,20272,1,,,1,6,,20280,1,,,1,7,,20290,1,,,1,6,,20300,1,,,1,7,,20307,1,,,1,6,,20317,1,,,1,47,,20324,1,,,1,6,,20334,1,,,1,7,,20344,1,,,1,6,,20205,1,,,1,7,,20215,1,,,1,6,,20223,1,,,1,7,,20233,1,,,1,6,,20240,1,,,1,7,,20250,1,,,1,46,,20257,1,,,1,7,,20265,1,,,1,6,,20273,1,,,1,7,,20281,1,,,1,6,,20291,1,,,1,7,,20301,1,,,1,6,,20308,1,,,1,7,,20318,1,,,1,6,,20325,1,,,1,47,,20335,1,,,1,6,,20345,1,,,1,7,,20206,1,,,1,6,,20216,1,,,1,7,,20224,1,,,1,6,,20234,1,,,1,7,,20241,1,,,1,6,,20251,1,,,1,7,,20258,1,,,1,6,,20266,1,,,1,47,,20274,1,,,1,6,,20282,1,,,1,7,,20292,1,,,1,6,,20302,1,,,1,7,,20309,1,,,1,6,,20319,1,,,1,7,,20326,1,,,1,6,,20336,1,,,1,7,,20346,1,,,1,46,,20207,1,,,1,7,,20217,1,,,1,6,,20225,1,,,1,7,,20235,1,,,1,6,,20242,1,,,1,7,,20252,1,,,1,6,,20259,1,,,1,7,,20267,1,,,1,6,,20275,1,,,1,47,,20283,1,,,1,6,,20293,1,,,1,7,,20303,1,,,1,6,,20310,1,,,1,7,,20320,1,,,1,7,,20327,1,,,1,8,,20337,1,,,1,8,,20347,1,,,1,7,,20208,1,,,1,48,,20218,1,,,1,8,,20226,1,,,1,7,,20243,1,,,1,8,,20253,1,,,1,8,,20260,1,,,1,7,,20268,1,,,1,8,,20276,1,,,1,48,,20284,1,,,1,8,,20294,1,,,1,8,,20311,1,,,1,8,,20321,1,,,1,9,,20328,1,,,1,8,,20338,1,,,1,9,,20348,1,,,1,8,,20209,1,,,1,49,,20219,1,,,1,8,,20227,1,,,1,8,,20244,1,,,1,9,,20254,1,,,1,8,,20261,1,,,1,9,,20277,1,,,1,8,,20285,1,,,1,48,,20295,1,,,1,10,,20312,1,,,1,10,,20322,1,,,1,10,,20329,1,,,1,10,,20339,1,,,1,10,,20349,1,,,1,50,,20210,1,,,1,10,,20220,1,,,1,10,,20228,1,,,1,10,,20245,1,,,1,10,,20255,1,,,1,10,,20262,1,,,1,50,,20286,1,,,1,10,,20296,1,,,1,10,,20313,1,,,1,10,,20323,1,,,1,10,,20330,1,,,1,10,,20340,1,,,1,50,,20350,1,,,1
100,'GLOBAUX-01-F1',530,,20351,1,,,1,10,,20361,1,,,1,10,,20368,1,,,1,50,,20393,1,,,1,10,,20403,1,,,1,10,,20413,1,,,1,10,,20435,1,,,1,10,,20445,1,,,1,10,,20454,1,,,1,50,,20463,1,,,1,10,,20472,1,,,1,10,,20481,1,,,1,10,,20352,1,,,1,10,,20362,1,,,1,10,,20369,1,,,1,50,,20394,1,,,1,9,,20404,1,,,1,9,,20414,1,,,1,10,,20429,1,,,1,9,,20436,1,,,1,9,,20446,1,,,1,10,,20455,1,,,1,49,,20464,1,,,1,9,,20473,1,,,1,9,,20482,1,,,1,8,,20353,1,,,1,9,,20363,1,,,1,8,,20370,1,,,1,8,,20385,1,,,1,49,,20395,1,,,1,8,,20405,1,,,1,9,,20415,1,,,1,8,,20430,1,,,1,9,,20437,1,,,1,8,,20447,1,,,1,8,,20456,1,,,1,49,,20465,1,,,1,8,,20474,1,,,1,9,,20483,1,,,1,8,,20354,1,,,1,8,,20364,1,,,1,7,,20371,1,,,1,8,,20378,1,,,1,48,,20386,1,,,1,7,,20396,1,,,1,8,,20406,1,,,1,8,,20416,1,,,1,7,,20431,1,,,1,8,,20438,1,,,1,8,,20448,1,,,1,7,,20457,1,,,1,48,,20466,1,,,1,8,,20475,1,,,1,7,,20484,1,,,1,8,,20355,1,,,1,8,,20365,1,,,1,7,,20372,1,,,1,8,,20379,1,,,1,8,,20387,1,,,1,47,,20397,1,,,1,8,,20407,1,,,1,7,,20417,1,,,1,7,,20423,1,,,1,7,,20432,1,,,1,7,,20439,1,,,1,7,,20449,1,,,1,7,,20458,1,,,1,7,,20467,1,,,1,47,,20476,1,,,1,7,,20485,1,,,1,7,,20356,1,,,1,7,,20366,1,,,1,7,,20373,1,,,1,7,,20380,1,,,1,7,,20388,1,,,1,7,,20398,1,,,1,47,,20408,1,,,1,7,,20418,1,,,1,7,,20424,1,,,1,7,,20433,1,,,1,7,,20440,1,,,1,7,,20450,1,,,1,7,,20459,1,,,1,7,,20468,1,,,1,7,,20477,1,,,1,47,,20486,1,,,1,7,,20357,1,,,1,7,,20367,1,,,1,7,,20374,1,,,1,7,,20381,1,,,1,7,,20389,1,,,1,7,,20399,1,,,1,7,,20409,1,,,1,47,,20419,1,,,1,7,,20425,1,,,1,7,,20434,1,,,1,7,,20441,1,,,1,7,,20451,1,,,1,8,,20460,1,,,1,9,,20469,1,,,1,8,,20478,1,,,1,49,,20487,1,,,1,8,,20358,1,,,1,8,,20375,1,,,1,9,,20382,1,,,1,8,,20390,1,,,1,9,,20400,1,,,1,8,,20410,1,,,1,48,,20420,1,,,1,9,,20426,1,,,1,8,,20442,1,,,1,9,,20452,1,,,1,8,,20461,1,,,1,9,,20470,1,,,1,8,,20479,1,,,1,48,,20488,1,,,1,9,,20359,1,,,1,8,,20376,1,,,1,9,,20383,1,,,1,8,,20391,1,,,1,9,,20401,1,,,1,9,,20411,1,,,1,49,,20421,1,,,1,9,,20427,1,,,1,9,,20443,1,,,1,9,,20453,1,,,1,9,,20462,1,,,1,9,,20471,1,,,1,9,,20480,1,,,1,50,,20489,1,,,1,10,,20360,1,,,1,10,,20377,1,,,1,10,,20384,1,,,1,10,,20392,1,,,1,10,,20402,1,,,1,50,,20412,1,,,1,10,,20422,1,,,1,10,,20428,1,,,1,10,,20444,1,,,1
100,'GLOBAUX-01-F2',530,,20490,1,,,1,10,,20500,1,,,1,10,,20507,1,,,1,50,,20532,1,,,1,10,,20542,1,,,1,10,,20552,1,,,1,10,,20574,1,,,1,10,,20584,1,,,1,10,,20593,1,,,1,50,,20602,1,,,1,10,,20611,1,,,1,10,,20620,1,,,1,10,,20491,1,,,1,10,,20501,1,,,1,10,,20508,1,,,1,50,,20533,1,,,1,9,,20543,1,,,1,9,,20553,1,,,1,10,,20568,1,,,1,9,,20575,1,,,1,9,,20585,1,,,1,10,,20594,1,,,1,49,,20603,1,,,1,9,,20612,1,,,1,9,,20621,1,,,1,8,,20492,1,,,1,9,,20502,1,,,1,8,,20509,1,,,1,8,,20524,1,,,1,49,,20534,1,,,1,8,,20544,1,,,1,9,,20554,1,,,1,8,,20569,1,,,1,9,,20576,1,,,1,8,,20586,1,,,1,8,,20595,1,,,1,49,,20604,1,,,1,8,,20613,1,,,1,9,,20622,1,,,1,8,,20493,1,,,1,8,,20503,1,,,1,7,,20510,1,,,1,8,,20517,1,,,1,48,,20525,1,,,1,7,,20535,1,,,1,8,,20545,1,,,1,8,,20555,1,,,1,7,,20570,1,,,1,8,,20577,1,,,1,8,,20587,1,,,1,7,,20596,1,,,1,48,,20605,1,,,1,8,,20614,1,,,1,7,,20623,1,,,1,8,,20494,1,,,1,8,,20504,1,,,1,7,,20511,1,,,1,8,,20518,1,,,1,8,,20526,1,,,1,47,,20536,1,,,1,8,,20546,1,,,1,7,,20556,1,,,1,7,,20562,1,,,1,7,,20571,1,,,1,7,,20578,1,,,1,7,,20588,1,,,1,7,,20597,1,,,1,7,,20606,1,,,1,47,,20615,1,,,1,7,,20624,1,,,1,7,,20495,1,,,1,7,,20505,1,,,1,7,,20512,1,,,1,7,,20519,1,,,1,7,,20527,1,,,1,7,,20537,1,,,1,47,,20547,1,,,1,7,,20557,1,,,1,7,,20563,1,,,1,7,,20572,1,,,1,7,,20579,1,,,1,7,,20589,1,,,1,7,,20598,1,,,1,7,,20607,1,,,1,7,,20616,1,,,1,47,,20625,1,,,1,7,,20496,1,,,1,7,,20506,1,,,1,7,,20513,1,,,1,7,,20520,1,,,1,7,,20528,1,,,1,7,,20538,1,,,1,7,,20548,1,,,1,47,,20558,1,,,1,7,,20564,1,,,1,7,,20573,1,,,1,7,,20580,1,,,1,7,,20590,1,,,1,8,,20599,1,,,1,9,,20608,1,,,1,8,,20617,1,,,1,49,,20626,1,,,1,8,,20497,1,,,1,8,,20514,1,,,1,9,,20521,1,,,1,8,,20529,1,,,1,9,,20539,1,,,1,8,,20549,1,,,1,48,,20559,1,,,1,9,,20565,1,,,1,8,,20581,1,,,1,9,,20591,1,,,1,8,,20600,1,,,1,9,,20609,1,,,1,8,,20618,1,,,1,48,,20627,1,,,1,9,,20498,1,,,1,8,,20515,1,,,1,9,,20522,1,,,1,8,,20530,1,,,1,9,,20540,1,,,1,9,,20550,1,,,1,49,,20560,1,,,1,9,,20566,1,,,1,9,,20582,1,,,1,9,,20592,1,,,1,9,,20601,1,,,1,9,,20610,1,,,1,9,,20619,1,,,1,50,,20628,1,,,1,10,,20499,1,,,1,10,,20516,1,,,1,10,,20523,1,,,1,10,,20531,1,,,1,10,,20541,1,,,1,50,,20551,1,,,1,10,,20561,1,,,1,10,,20567,1,,,1,10,,20583,1,,,1
100,'GLOBAUX-01-I',530,,20629,1,,,1,10,,20639,1,,,1,10,,20646,1,,,1,50,,20671,1,,,1,10,,20681,1,,,1,10,,20691,1,,,1,10,,20713,1,,,1,10,,20723,1,,,1,10,,20732,1,,,1,50,,20741,1,,,1,10,,20750,1,,,1,10,,20759,1,,,1,10,,20630,1,,,1,10,,20640,1,,,1,10,,20647,1,,,1,50,,20672,1,,,1,9,,20682,1,,,1,9,,20692,1,,,1,10,,20707,1,,,1,9,,20714,1,,,1,9,,20724,1,,,1,10,,20733,1,,,1,49,,20742,1,,,1,9,,20751,1,,,1,9,,20760,1,,,1,8,,20631,1,,,1,9,,20641,1,,,1,8,,20648,1,,,1,8,,20663,1,,,1,49,,20673,1,,,1,8,,20683,1,,,1,9,,20693,1,,,1,8,,20708,1,,,1,9,,20715,1,,,1,8,,20725,1,,,1,8,,20734,1,,,1,49,,20743,1,,,1,8,,20752,1,,,1,9,,20761,1,,,1,8,,20632,1,,,1,8,,20642,1,,,1,7,,20649,1,,,1,8,,20656,1,,,1,48,,20664,1,,,1,7,,20674,1,,,1,8,,20684,1,,,1,8,,20694,1,,,1,7,,20709,1,,,1,8,,20716,1,,,1,8,,20726,1,,,1,7,,20735,1,,,1,48,,20744,1,,,1,8,,20753,1,,,1,7,,20762,1,,,1,8,,20633,1,,,1,8,,20643,1,,,1,7,,20650,1,,,1,8,,20657,1,,,1,8,,20665,1,,,1,47,,20675,1,,,1,8,,20685,1,,,1,7,,20695,1,,,1,7,,20701,1,,,1,7,,20710,1,,,1,7,,20717,1,,,1,7,,20727,1,,,1,7,,20736,1,,,1,7,,20745,1,,,1,47,,20754,1,,,1,7,,20763,1,,,1,7,,20634,1,,,1,7,,20644,1,,,1,7,,20651,1,,,1,7,,20658,1,,,1,7,,20666,1,,,1,7,,20676,1,,,1,47,,20686,1,,,1,7,,20696,1,,,1,7,,20702,1,,,1,7,,20711,1,,,1,7,,20718,1,,,1,7,,20728,1,,,1,7,,20737,1,,,1,7,,20746,1,,,1,7,,20755,1,,,1,47,,20764,1,,,1,7,,20635,1,,,1,7,,20645,1,,,1,7,,20652,1,,,1,7,,20659,1,,,1,7,,20667,1,,,1,7,,20677,1,,,1,7,,20687,1,,,1,47,,20697,1,,,1,7,,20703,1,,,1,7,,20712,1,,,1,7,,20719,1,,,1,7,,20729,1,,,1,8,,20738,1,,,1,9,,20747,1,,,1,8,,20756,1,,,1,49,,20765,1,,,1,8,,20636,1,,,1,8,,20653,1,,,1,9,,20660,1,,,1,8,,20668,1,,,1,9,,20678,1,,,1,8,,20688,1,,,1,48,,20698,1,,,1,9,,20704,1,,,1,8,,20720,1,,,1,9,,20730,1,,,1,8,,20739,1,,,1,9,,20748,1,,,1,8,,20757,1,,,1,48,,20766,1,,,1,9,,20637,1,,,1,8,,20654,1,,,1,9,,20661,1,,,1,8,,20669,1,,,1,9,,20679,1,,,1,9,,20689,1,,,1,49,,20699,1,,,1,9,,20705,1,,,1,9,,20721,1,,,1,9,,20731,1,,,1,9,,20740,1,,,1,9,,20749,1,,,1,9,,20758,1,,,1,50,,20767,1,,,1,10,,20638,1,,,1,10,,20655,1,,,1,10,,20662,1,,,1,10,,20670,1,,,1,10,,20680,1,,,1,50,,20690,1,,,1,10,,20700,1,,,1,10,,20706,1,,,1,10,,20722,1,,,1
100,'GLOBAUX-01-S',530,,20768,1,,,1,6,,20796,1,,,1,7,,20806,1,,,1,7,,20826,1,,,1,7,,20848,1,,,1,46,,20852,1,,,1,7,,20859,1,,,1,7,,20870,1,,,1,5,,20876,1,,,1,4,,20893,1,,,1,4,,20902,1,,,1,4,,20905,1,,,1,4,,20913,1,,,1,3,,20930,1,,,1,4,,20936,1,,,1,3,,20946,1,,,1,3,,20948,1,,,1,3,,20950,1,,,1,4,,20952,1,,,1,43,,20968,1,,,1,3,,20977,1,,,1,3,,20979,1,,,1,4,,20997,1,,,1,3,,21003,1,,,1,3,,21004,1,,,1,3,,20769,1,,,1,4,,20787,1,,,1,3,,20789,1,,,1,3,,20797,1,,,1,3,,20807,1,,,1,3,,20808,1,,,1,3,,20809,1,,,1,3,,20811,1,,,1,3,,20812,1,,,1,3,,20827,1,,,1,3,,20833,1,,,1,3,,20839,1,,,1,3,,20849,1,,,1,43,,20853,1,,,1,3,,20860,1,,,1,3,,20865,1,,,1,3,,20871,1,,,1,3,,20877,1,,,1,4,,20894,1,,,1,3,,20903,1,,,1,3,,20906,1,,,1,3,,20912,1,,,1,3,,20914,1,,,1,3,,20931,1,,,1,4,,20937,1,,,1,3,,20947,1,,,1,3,,20949,1,,,1,3,,20951,1,,,1,4,,20955,1,,,1,3,,20960,1,,,1,4,,20969,1,,,1,4,,20978,1,,,1,43,,20984,1,,,1,4,,20998,1,,,1,4,,21005,1,,,1,3,,20770,1,,,1,5,,20780,1,,,1,4,,20790,1,,,1,5,,20798,1,,,1,5,,20810,1,,,1,5,,20813,1,,,1,5,,20828,1,,,1,6,,20840,1,,,1,6,,20854,1,,,1,46,,20866,1,,,1,6,,20878,1,,,1,6,,20895,1,,,1,6,,20907,1,,,1,6,,20915,1,,,1,6,,20932,1,,,1,6,,20938,1,,,1,6,,20956,1,,,1,6,,20961,1,,,1,6,,20970,1,,,1,46,,20985,1,,,1,6,,20999,1,,,1,6,,20771,1,,,1,6,,20781,1,,,1,6,,20791,1,,,1,6,,20799,1,,,1,6,,20814,1,,,1,6,,20829,1,,,1,6,,20841,1,,,1,6,,20855,1,,,1,46,,20867,1,,,1,6,,20879,1,,,1,6,,20896,1,,,1,6,,20908,1,,,1,6,,20916,1,,,1,6,,20933,1,,,1,6,,20939,1,,,1,6,,20957,1,,,1,6,,20962,1,,,1,6,,20971,1,,,1,46,,20986,1,,,1,6,,21000,1,,,1,6,,20772,1,,,1,6,,20782,1,,,1,6,,20792,1,,,1,6,,20800,1,,,1,6,,20815,1,,,1,6,,20830,1,,,1,6,,20842,1,,,1,6,,20856,1,,,1,46,,20868,1,,,1,6,,20880,1,,,1,6,,20897,1,,,1,6,,20909,1,,,1,6,,20917,1,,,1,6,,20934,1,,,1,6,,20940,1,,,1,6,,20958,1,,,1,6,,20963,1,,,1,6,,20972,1,,,1,5,,20987,1,,,1,45,,20989,1,,,1,4,,21001,1,,,1,4,,20773,1,,,1,4,,20775,1,,,1,4,,20783,1,,,1,4,,20793,1,,,1,4,,20795,1,,,1,4,,20801,1,,,1,4,,20816,1,,,1,3,,20821,1,,,1,3,,20831,1,,,1,4,,20834,1,,,1,3,,20843,1,,,1,3,,20850,1,,,1,3,,20857,1,,,1,4,,20869,1,,,1,43,,20872,1,,,1,3,,20881,1,,,1,3,,20886,1,,,1,3,,20891,1,,,1,3,,20898,1,,,1,3,,20904,1,,,1,3,,20910,1,,,1,2,,20918,1,,,1,3,,20923,1,,,1,3,,20925,1,,,1,3,,20935,1,,,1,2,,20941,1,,,1,3,,20953,1,,,1,3,,20954,1,,,1,3,,20959,1,,,1,2,,20964,1,,,1,3,,20973,1,,,1,3,,20980,1,,,1,3,,20983,1,,,1,2,,20988,1,,,1,3,,20990,1,,,1,43,,20993,1,,,1,3,,21002,1,,,1,2,,20774,1,,,1,3,,20776,1,,,1,3,,20784,1,,,1,3,,20788,1,,,1,4,,20794,1,,,1,3,,20802,1,,,1,3,,20817,1,,,1,4,,20822,1,,,1,4,,20832,1,,,1,3,,20835,1,,,1,4,,20844,1,,,1,3,,20851,1,,,1,4,,20858,1,,,1,3,,20861,1,,,1,4,,20873,1,,,1,4,,20882,1,,,1,44,,20887,1,,,1,4,,20892,1,,,1,4,,20899,1,,,1,4,,20911,1,,,1,4,,20919,1,,,1,5,,20924,1,,,1,4,,20926,1,,,1,4,,20942,1,,,1,5,,20965,1,,,1,6,,20974,1,,,1,6,,20981,1,,,1,5,,20991,1,,,1,6,,20994,1,,,1,46,,20777,1,,,1,6,,20785,1,,,1,6,,20803,1,,,1,6,,20818,1,,,1,6,,20823,1,,,1,6,,20836,1,,,1,6,,20845,1,,,1,6,,20862,1,,,1,6,,20874,1,,,1,6,,20883,1,,,1,46,,20888,1,,,1,6,,20900,1,,,1,7,,20920,1,,,1,6,,20927,1,,,1,6,,20943,1,,,1,6,,20966,1,,,1,6,,20975,1,,,1,6,,20982,1,,,1,6,,20992,1,,,1,46,,20995,1,,,1,6,,20778,1,,,1,6,,20786,1,,,1,6,,20804,1,,,1,6,,20819,1,,,1,7,,20824,1,,,1,6,,20837,1,,,1,6,,20846,1,,,1,6,,20863,1,,,1,6,,20875,1,,,1,46,,20884,1,,,1,6,,20889,1,,,1,7,,20901,1,,,1,6,,20921,1,,,1,7,,20928,1,,,1,8,,20944,1,,,1,8,,20967,1,,,1,8,,20976,1,,,1,8,,20996,1,,,1,48,,20779,1,,,1,8,,20805,1,,,1,8,,20820,1,,,1,8,,20825,1,,,1,8,,20838,1,,,1,8,,20847,1,,,1,8,,20864,1,,,1,48,,20885,1,,,1,8,,20890,1,,,1,8,,20922,1,,,1,8,,20929,1,,,1,8,,20945,1,,,1
101,'GLOBAUX-01-A',606,,21092,27,4,,1,10,,21102,27,4,,1,10,,21109,27,4,,1,10,,21119,27,4,,1,10,,21136,27,4,,1,10,,21146,27,4,,1,50,,21006,27,4,,1,10,,21016,27,4,,1,10,,21035,27,4,,1,10,,21042,27,4,,1,10,,21052,27,4,,1,10,,21074,27,4,,1,49,,21082,27,4,,1,10,,21093,27,4,,1,9,,21103,27,4,,1,10,,21110,27,4,,1,9,,21120,27,4,,1,9,,21137,27,4,,1,48,,21147,27,4,,1,9,,21007,27,4,,1,8,,21017,27,4,,1,8,,21026,27,4,,1,9,,21036,27,4,,1,8,,21043,27,4,,1,9,,21053,27,4,,1,8,,21075,27,4,,1,49,,21083,27,4,,1,8,,21094,27,4,,1,9,,21104,27,4,,1,8,,21111,27,4,,1,8,,21121,27,4,,1,9,,21138,27,4,,1,8,,21148,27,4,,1,49,,21008,27,4,,1,8,,21018,27,4,,1,8,,21027,27,4,,1,8,,21037,27,4,,1,7,,21044,27,4,,1,8,,21054,27,4,,1,8,,21069,27,4,,1,47,,21076,27,4,,1,8,,21084,27,4,,1,8,,21095,27,4,,1,7,,21105,27,4,,1,8,,21112,27,4,,1,7,,21122,27,4,,1,7,,21129,27,4,,1,6,,21139,27,4,,1,7,,21149,27,4,,1,46,,21009,27,4,,1,7,,21019,27,4,,1,6,,21028,27,4,,1,7,,21038,27,4,,1,6,,21045,27,4,,1,7,,21055,27,4,,1,6,,21062,27,4,,1,7,,21070,27,4,,1,6,,21077,27,4,,1,47,,21085,27,4,,1,6,,21096,27,4,,1,7,,21106,27,4,,1,6,,21113,27,4,,1,7,,21123,27,4,,1,6,,21130,27,4,,1,7,,21140,27,4,,1,6,,21150,27,4,,1,7,,21010,27,4,,1,46,,21020,27,4,,1,7,,21029,27,4,,1,6,,21039,27,4,,1,7,,21046,27,4,,1,6,,21056,27,4,,1,7,,21063,27,4,,1,6,,21071,27,4,,1,7,,21078,27,4,,1,6,,21086,27,4,,1,47,,21097,27,4,,1,6,,21107,27,4,,1,7,,21114,27,4,,1,6,,21124,27,4,,1,7,,21131,27,4,,1,6,,21141,27,4,,1,7,,21151,27,4,,1,6,,21011,27,4,,1,7,,21021,27,4,,1,6,,21030,27,4,,1,47,,21040,27,4,,1,7,,21047,27,4,,1,6,,21057,27,4,,1,7,,21064,27,4,,1,6,,21072,27,4,,1,6,,21079,27,4,,1,7,,21087,27,4,,1,6,,21098,27,4,,1,7,,21108,27,4,,1,46,,21115,27,4,,1,7,,21125,27,4,,1,6,,21132,27,4,,1,7,,21142,27,4,,1,6,,21152,27,4,,1,7,,21012,27,4,,1,6,,21022,27,4,,1,7,,21031,27,4,,1,6,,21041,27,4,,1,46,,21048,27,4,,1,7,,21058,27,4,,1,8,,21065,27,4,,1,8,,21073,27,4,,1,7,,21080,27,4,,1,8,,21088,27,4,,1,8,,21099,27,4,,1,7,,21116,27,4,,1,48,,21126,27,4,,1,8,,21133,27,4,,1,8,,21143,27,4,,1,9,,21153,27,4,,1,8,,21013,27,4,,1,9,,21023,27,4,,1,8,,21032,27,4,,1,48,,21049,27,4,,1,9,,21059,27,4,,1,8,,21066,27,4,,1,9,,21081,27,4,,1,8,,21089,27,4,,1,8,,21100,27,4,,1,9,,21117,27,4,,1,48,,21127,27,4,,1,9,,21134,27,4,,1,9,,21144,27,4,,1,9,,21154,27,4,,1,10,,21014,27,4,,1,9,,21024,27,4,,1,10,,21033,27,4,,1,49,,21050,27,4,,1,10,,21060,27,4,,1,9,,21067,27,4,,1,10,,21090,27,4,,1,10,,21101,27,4,,1,10,,21118,27,4,,1,50,,21128,27,4,,1,10,,21135,27,4,,1,10,,21145,27,4,,1,10,,21155,27,4,,1,10,,21015,27,4,,1,10,,21025,27,4,,1,50,,21034,27,4,,1,10,,21051,27,4,,1,10,,21061,27,4,,1,10,,21068,27,4,,1,14,,21091,27,4,,1
101,'GLOBAUX-01-F1',606,,21236,27,4,,1,10,,21246,27,4,,1,10,,21255,27,4,,1,10,,21265,27,4,,1,10,,21275,27,4,,1,10,,21285,27,4,,1,50,,21156,27,4,,1,10,,21166,27,4,,1,10,,21173,27,4,,1,10,,21198,27,4,,1,10,,21207,27,4,,1,10,,21216,27,4,,1,49,,21230,27,4,,1,10,,21237,27,4,,1,9,,21247,27,4,,1,9,,21256,27,4,,1,10,,21266,27,4,,1,9,,21276,27,4,,1,49,,21286,27,4,,1,8,,21157,27,4,,1,8,,21167,27,4,,1,9,,21174,27,4,,1,8,,21190,27,4,,1,9,,21199,27,4,,1,8,,21208,27,4,,1,49,,21217,27,4,,1,8,,21231,27,4,,1,9,,21238,27,4,,1,8,,21248,27,4,,1,9,,21257,27,4,,1,8,,21267,27,4,,1,8,,21277,27,4,,1,9,,21287,27,4,,1,48,,21158,27,4,,1,9,,21168,27,4,,1,8,,21175,27,4,,1,9,,21191,27,4,,1,8,,21200,27,4,,1,9,,21209,27,4,,1,8,,21218,27,4,,1,49,,21232,27,4,,1,8,,21239,27,4,,1,9,,21249,27,4,,1,8,,21258,27,4,,1,8,,21268,27,4,,1,9,,21278,27,4,,1,8,,21288,27,4,,1,47,,21159,27,4,,1,8,,21169,27,4,,1,8,,21176,27,4,,1,7,,21183,27,4,,1,8,,21192,27,4,,1,8,,21201,27,4,,1,7,,21210,27,4,,1,8,,21219,27,4,,1,48,,21233,27,4,,1,7,,21240,27,4,,1,8,,21250,27,4,,1,8,,21259,27,4,,1,7,,21269,27,4,,1,8,,21279,27,4,,1,8,,21289,27,4,,1,7,,21160,27,4,,1,48,,21170,27,4,,1,8,,21177,27,4,,1,7,,21184,27,4,,1,8,,21193,27,4,,1,7,,21202,27,4,,1,7,,21211,27,4,,1,7,,21220,27,4,,1,7,,21225,27,4,,1,47,,21234,27,4,,1,7,,21241,27,4,,1,7,,21251,27,4,,1,7,,21260,27,4,,1,7,,21270,27,4,,1,7,,21280,27,4,,1,7,,21290,27,4,,1,7,,21161,27,4,,1,47,,21171,27,4,,1,7,,21178,27,4,,1,7,,21185,27,4,,1,7,,21194,27,4,,1,7,,21203,27,4,,1,7,,21212,27,4,,1,7,,21221,27,4,,1,7,,21226,27,4,,1,7,,21235,27,4,,1,47,,21242,27,4,,1,6,,21252,27,4,,1,7,,21261,27,4,,1,7,,21271,27,4,,1,7,,21281,27,4,,1,7,,21291,27,4,,1,7,,21162,27,4,,1,7,,21172,27,4,,1,7,,21179,27,4,,1,47,,21186,27,4,,1,9,,21195,27,4,,1,8,,21204,27,4,,1,9,,21213,27,4,,1,8,,21222,27,4,,1,8,,21227,27,4,,1,9,,21243,27,4,,1,48,,21253,27,4,,1,8,,21262,27,4,,1,9,,21272,27,4,,1,8,,21282,27,4,,1,9,,21292,27,4,,1,8,,21163,27,4,,1,8,,21180,27,4,,1,49,,21187,27,4,,1,8,,21196,27,4,,1,9,,21205,27,4,,1,8,,21214,27,4,,1,8,,21223,27,4,,1,9,,21228,27,4,,1,8,,21244,27,4,,1,49,,21254,27,4,,1,8,,21263,27,4,,1,9,,21273,27,4,,1,8,,21283,27,4,,1,8,,21293,27,4,,1,9,,21164,27,4,,1,9,,21181,27,4,,1,50,,21188,27,4,,1,10,,21197,27,4,,1,10,,21206,27,4,,1,10,,21215,27,4,,1,10,,21224,27,4,,1,10,,21229,27,4,,1,50,,21245,27,4,,1,10,,21264,27,4,,1,10,,21274,27,4,,1,10,,21284,27,4,,1,10,,21294,27,4,,1,10,,21165,27,4,,1,50,,21182,27,4,,1,14,,21189,27,4,,1
101,'GLOBAUX-01-F2',606,,21375,27,4,,1,10,,21385,27,4,,1,10,,21394,27,4,,1,10,,21404,27,4,,1,10,,21414,27,4,,1,10,,21424,27,4,,1,50,,21295,27,4,,1,10,,21305,27,4,,1,10,,21312,27,4,,1,10,,21337,27,4,,1,10,,21346,27,4,,1,10,,21355,27,4,,1,49,,21369,27,4,,1,10,,21376,27,4,,1,9,,21386,27,4,,1,9,,21395,27,4,,1,10,,21405,27,4,,1,9,,21415,27,4,,1,49,,21425,27,4,,1,8,,21296,27,4,,1,8,,21306,27,4,,1,9,,21313,27,4,,1,8,,21329,27,4,,1,9,,21338,27,4,,1,8,,21347,27,4,,1,49,,21356,27,4,,1,8,,21370,27,4,,1,9,,21377,27,4,,1,8,,21387,27,4,,1,9,,21396,27,4,,1,8,,21406,27,4,,1,8,,21416,27,4,,1,9,,21426,27,4,,1,48,,21297,27,4,,1,9,,21307,27,4,,1,8,,21314,27,4,,1,9,,21330,27,4,,1,8,,21339,27,4,,1,9,,21348,27,4,,1,8,,21357,27,4,,1,49,,21371,27,4,,1,8,,21378,27,4,,1,9,,21388,27,4,,1,8,,21397,27,4,,1,8,,21407,27,4,,1,9,,21417,27,4,,1,8,,21427,27,4,,1,47,,21298,27,4,,1,8,,21308,27,4,,1,8,,21315,27,4,,1,7,,21322,27,4,,1,8,,21331,27,4,,1,8,,21340,27,4,,1,7,,21349,27,4,,1,8,,21358,27,4,,1,48,,21372,27,4,,1,7,,21379,27,4,,1,8,,21389,27,4,,1,8,,21398,27,4,,1,7,,21408,27,4,,1,8,,21418,27,4,,1,8,,21428,27,4,,1,7,,21299,27,4,,1,48,,21309,27,4,,1,8,,21316,27,4,,1,7,,21323,27,4,,1,8,,21332,27,4,,1,7,,21341,27,4,,1,7,,21350,27,4,,1,7,,21359,27,4,,1,7,,21364,27,4,,1,47,,21373,27,4,,1,7,,21380,27,4,,1,7,,21390,27,4,,1,7,,21399,27,4,,1,7,,21409,27,4,,1,7,,21419,27,4,,1,7,,21429,27,4,,1,7,,21300,27,4,,1,47,,21310,27,4,,1,7,,21317,27,4,,1,7,,21324,27,4,,1,7,,21333,27,4,,1,7,,21342,27,4,,1,7,,21351,27,4,,1,7,,21360,27,4,,1,7,,21365,27,4,,1,7,,21374,27,4,,1,47,,21381,27,4,,1,6,,21391,27,4,,1,7,,21400,27,4,,1,7,,21410,27,4,,1,7,,21420,27,4,,1,7,,21430,27,4,,1,7,,21301,27,4,,1,7,,21311,27,4,,1,7,,21318,27,4,,1,47,,21325,27,4,,1,9,,21334,27,4,,1,8,,21343,27,4,,1,9,,21352,27,4,,1,8,,21361,27,4,,1,8,,21366,27,4,,1,9,,21382,27,4,,1,48,,21392,27,4,,1,8,,21401,27,4,,1,9,,21411,27,4,,1,8,,21421,27,4,,1,9,,21431,27,4,,1,8,,21302,27,4,,1,8,,21319,27,4,,1,49,,21326,27,4,,1,8,,21335,27,4,,1,9,,21344,27,4,,1,8,,21353,27,4,,1,8,,21362,27,4,,1,9,,21367,27,4,,1,8,,21383,27,4,,1,49,,21393,27,4,,1,8,,21402,27,4,,1,9,,21412,27,4,,1,8,,21422,27,4,,1,8,,21432,27,4,,1,9,,21303,27,4,,1,9,,21320,27,4,,1,50,,21327,27,4,,1,10,,21336,27,4,,1,10,,21345,27,4,,1,10,,21354,27,4,,1,10,,21363,27,4,,1,10,,21368,27,4,,1,50,,21384,27,4,,1,10,,21403,27,4,,1,10,,21413,27,4,,1,10,,21423,27,4,,1,10,,21433,27,4,,1,10,,21304,27,4,,1,50,,21321,27,4,,1,14,,21328,27,4,,1
101,'GLOBAUX-01-I',606,,21514,27,4,,1,10,,21524,27,4,,1,10,,21533,27,4,,1,10,,21543,27,4,,1,10,,21553,27,4,,1,10,,21563,27,4,,1,50,,21434,27,4,,1,10,,21444,27,4,,1,10,,21451,27,4,,1,10,,21476,27,4,,1,10,,21485,27,4,,1,10,,21494,27,4,,1,49,,21508,27,4,,1,10,,21515,27,4,,1,9,,21525,27,4,,1,9,,21534,27,4,,1,10,,21544,27,4,,1,9,,21554,27,4,,1,49,,21564,27,4,,1,8,,21435,27,4,,1,8,,21445,27,4,,1,9,,21452,27,4,,1,8,,21468,27,4,,1,9,,21477,27,4,,1,8,,21486,27,4,,1,49,,21495,27,4,,1,8,,21509,27,4,,1,9,,21516,27,4,,1,8,,21526,27,4,,1,9,,21535,27,4,,1,8,,21545,27,4,,1,8,,21555,27,4,,1,9,,21565,27,4,,1,48,,21436,27,4,,1,9,,21446,27,4,,1,8,,21453,27,4,,1,9,,21469,27,4,,1,8,,21478,27,4,,1,9,,21487,27,4,,1,8,,21496,27,4,,1,49,,21510,27,4,,1,8,,21517,27,4,,1,9,,21527,27,4,,1,8,,21536,27,4,,1,8,,21546,27,4,,1,9,,21556,27,4,,1,8,,21566,27,4,,1,47,,21437,27,4,,1,8,,21447,27,4,,1,8,,21454,27,4,,1,7,,21461,27,4,,1,8,,21470,27,4,,1,8,,21479,27,4,,1,7,,21488,27,4,,1,8,,21497,27,4,,1,48,,21511,27,4,,1,7,,21518,27,4,,1,8,,21528,27,4,,1,8,,21537,27,4,,1,7,,21547,27,4,,1,8,,21557,27,4,,1,8,,21567,27,4,,1,7,,21438,27,4,,1,48,,21448,27,4,,1,8,,21455,27,4,,1,7,,21462,27,4,,1,8,,21471,27,4,,1,7,,21480,27,4,,1,7,,21489,27,4,,1,7,,21498,27,4,,1,7,,21503,27,4,,1,47,,21512,27,4,,1,7,,21519,27,4,,1,7,,21529,27,4,,1,7,,21538,27,4,,1,7,,21548,27,4,,1,7,,21558,27,4,,1,7,,21568,27,4,,1,7,,21439,27,4,,1,47,,21449,27,4,,1,7,,21456,27,4,,1,7,,21463,27,4,,1,7,,21472,27,4,,1,7,,21481,27,4,,1,7,,21490,27,4,,1,7,,21499,27,4,,1,7,,21504,27,4,,1,7,,21513,27,4,,1,47,,21520,27,4,,1,6,,21530,27,4,,1,7,,21539,27,4,,1,7,,21549,27,4,,1,7,,21559,27,4,,1,7,,21569,27,4,,1,7,,21440,27,4,,1,7,,21450,27,4,,1,7,,21457,27,4,,1,47,,21464,27,4,,1,9,,21473,27,4,,1,8,,21482,27,4,,1,9,,21491,27,4,,1,8,,21500,27,4,,1,8,,21505,27,4,,1,9,,21521,27,4,,1,48,,21531,27,4,,1,8,,21540,27,4,,1,9,,21550,27,4,,1,8,,21560,27,4,,1,9,,21570,27,4,,1,8,,21441,27,4,,1,8,,21458,27,4,,1,49,,21465,27,4,,1,8,,21474,27,4,,1,9,,21483,27,4,,1,8,,21492,27,4,,1,8,,21501,27,4,,1,9,,21506,27,4,,1,8,,21522,27,4,,1,49,,21532,27,4,,1,8,,21541,27,4,,1,9,,21551,27,4,,1,8,,21561,27,4,,1,8,,21571,27,4,,1,9,,21442,27,4,,1,9,,21459,27,4,,1,50,,21466,27,4,,1,10,,21475,27,4,,1,10,,21484,27,4,,1,10,,21493,27,4,,1,10,,21502,27,4,,1,10,,21507,27,4,,1,50,,21523,27,4,,1,10,,21542,27,4,,1,10,,21552,27,4,,1,10,,21562,27,4,,1,10,,21572,27,4,,1,10,,21443,27,4,,1,50,,21460,27,4,,1,14,,21467,27,4,,1
101,'GLOBAUX-01-S',606,,21696,27,4,,1,8,,21708,27,4,,1,7,,21732,27,4,,1,7,,21749,27,4,,1,7,,21753,27,4,,1,7,,21772,27,4,,1,7,,21802,27,4,,1,7,,21809,27,4,,1,45,,21573,27,4,,1,6,,21595,27,4,,1,5,,21602,27,4,,1,5,,21612,27,4,,1,5,,21616,27,4,,1,4,,21618,27,4,,1,4,,21633,27,4,,1,4,,21640,27,4,,1,4,,21655,27,4,,1,3,,21659,27,4,,1,4,,21665,27,4,,1,3,,21670,27,4,,1,4,,21676,27,4,,1,4,,21681,27,4,,1,3,,21697,27,4,,1,44,,21705,27,4,,1,3,,21709,27,4,,1,3,,21717,27,4,,1,3,,21733,27,4,,1,3,,21739,27,4,,1,3,,21740,27,4,,1,3,,21750,27,4,,1,2,,21752,27,4,,1,3,,21754,27,4,,1,3,,21755,27,4,,1,3,,21757,27,4,,1,2,,21763,27,4,,1,3,,21773,27,4,,1,2,,21782,27,4,,1,3,,21783,27,4,,1,2,,21788,27,4,,1,3,,21803,27,4,,1,2,,21808,27,4,,1,3,,21810,27,4,,1,2,,21574,27,4,,1,3,,21585,27,4,,1,2,,21593,27,4,,1,43,,21596,27,4,,1,2,,21603,27,4,,1,3,,21613,27,4,,1,3,,21614,27,4,,1,3,,21615,27,4,,1,3,,21617,27,4,,1,3,,21619,27,4,,1,3,,21634,27,4,,1,2,,21641,27,4,,1,3,,21647,27,4,,1,4,,21656,27,4,,1,3,,21660,27,4,,1,3,,21671,27,4,,1,4,,21677,27,4,,1,3,,21682,27,4,,1,4,,21698,27,4,,1,3,,21706,27,4,,1,4,,21710,27,4,,1,4,,21716,27,4,,1,44,,21718,27,4,,1,3,,21734,27,4,,1,5,,21741,27,4,,1,5,,21751,27,4,,1,5,,21758,27,4,,1,4,,21764,27,4,,1,6,,21774,27,4,,1,6,,21789,27,4,,1,6,,21804,27,4,,1,6,,21575,27,4,,1,6,,21586,27,4,,1,46,,21597,27,4,,1,6,,21604,27,4,,1,6,,21620,27,4,,1,6,,21635,27,4,,1,6,,21648,27,4,,1,6,,21661,27,4,,1,7,,21672,27,4,,1,6,,21683,27,4,,1,6,,21699,27,4,,1,6,,21711,27,4,,1,46,,21719,27,4,,1,6,,21735,27,4,,1,6,,21742,27,4,,1,6,,21759,27,4,,1,6,,21765,27,4,,1,6,,21775,27,4,,1,6,,21790,27,4,,1,6,,21805,27,4,,1,6,,21576,27,4,,1,6,,21587,27,4,,1,46,,21598,27,4,,1,6,,21605,27,4,,1,6,,21621,27,4,,1,6,,21636,27,4,,1,6,,21649,27,4,,1,6,,21662,27,4,,1,6,,21673,27,4,,1,6,,21684,27,4,,1,6,,21700,27,4,,1,6,,21712,27,4,,1,46,,21720,27,4,,1,6,,21736,27,4,,1,6,,21743,27,4,,1,6,,21760,27,4,,1,6,,21766,27,4,,1,6,,21776,27,4,,1,6,,21791,27,4,,1,6,,21806,27,4,,1,6,,21577,27,4,,1,6,,21588,27,4,,1,46,,21599,27,4,,1,6,,21606,27,4,,1,6,,21622,27,4,,1,6,,21637,27,4,,1,6,,21650,27,4,,1,6,,21663,27,4,,1,6,,21674,27,4,,1,6,,21685,27,4,,1,5,,21694,27,4,,1,6,,21701,27,4,,1,4,,21713,27,4,,1,44,,21721,27,4,,1,4,,21726,27,4,,1,3,,21737,27,4,,1,4,,21744,27,4,,1,4,,21756,27,4,,1,4,,21761,27,4,,1,3,,21767,27,4,,1,4,,21777,27,4,,1,4,,21787,27,4,,1,3,,21792,27,4,,1,4,,21794,27,4,,1,3,,21807,27,4,,1,4,,21578,27,4,,1,4,,21580,27,4,,1,4,,21589,27,4,,1,3,,21600,27,4,,1,44,,21601,27,4,,1,3,,21607,27,4,,1,3,,21623,27,4,,1,4,,21628,27,4,,1,3,,21638,27,4,,1,3,,21642,27,4,,1,3,,21651,27,4,,1,3,,21657,27,4,,1,3,,21664,27,4,,1,3,,21666,27,4,,1,3,,21675,27,4,,1,3,,21678,27,4,,1,3,,21686,27,4,,1,4,,21690,27,4,,1,3,,21695,27,4,,1,3,,21702,27,4,,1,3,,21707,27,4,,1,3,,21714,27,4,,1,3,,21722,27,4,,1,43,,21727,27,4,,1,4,,21728,27,4,,1,3,,21738,27,4,,1,3,,21745,27,4,,1,4,,21762,27,4,,1,3,,21768,27,4,,1,4,,21778,27,4,,1,3,,21784,27,4,,1,4,,21793,27,4,,1,4,,21795,27,4,,1,4,,21798,27,4,,1,3,,21579,27,4,,1,4,,21581,27,4,,1,4,,21590,27,4,,1,4,,21594,27,4,,1,4,,21608,27,4,,1,44,,21624,27,4,,1,4,,21629,27,4,,1,4,,21639,27,4,,1,5,,21643,27,4,,1,4,,21652,27,4,,1,4,,21658,27,4,,1,5,,21667,27,4,,1,5,,21679,27,4,,1,5,,21687,27,4,,1,5,,21691,27,4,,1,5,,21703,27,4,,1,5,,21715,27,4,,1,5,,21723,27,4,,1,46,,21729,27,4,,1,5,,21746,27,4,,1,6,,21769,27,4,,1,6,,21779,27,4,,1,6,,21785,27,4,,1,6,,21796,27,4,,1,6,,21799,27,4,,1,6,,21582,27,4,,1,6,,21591,27,4,,1,5,,21609,27,4,,1,46,,21625,27,4,,1,6,,21630,27,4,,1,6,,21644,27,4,,1,6,,21653,27,4,,1,6,,21668,27,4,,1,6,,21680,27,4,,1,7,,21688,27,4,,1,6,,21692,27,4,,1,6,,21704,27,4,,1,6,,21724,27,4,,1,46,,21730,27,4,,1,6,,21747,27,4,,1,6,,21770,27,4,,1,6,,21780,27,4,,1,6,,21786,27,4,,1,6,,21797,27,4,,1,6,,21800,27,4,,1,6,,21583,27,4,,1,6,,21592,27,4,,1,6,,21610,27,4,,1,46,,21626,27,4,,1,7,,21631,27,4,,1,7,,21645,27,4,,1,8,,21654,27,4,,1,7,,21669,27,4,,1,8,,21689,27,4,,1,8,,21693,27,4,,1,8,,21725,27,4,,1,48,,21731,27,4,,1,8,,21748,27,4,,1,8,,21771,27,4,,1,8,,21781,27,4,,1,8,,21801,27,4,,1,8,,21584,27,4,,1,8,,21611,27,4,,1,8,,21627,27,4,,1,47,,21632,27,4,,1,12,,21646,27,4,,1
