200,'GLOBAUX-01-A',556,,21824,4,4,,1,50,,21838,4,4,,1,11,,21847,31,4,,1,9,,21851,31,4,,1,10,,21872,31,4,,1,10,,21881,31,4,,1,10,,21890,31,4,,1,50,,21905,31,4,,1,10,,21919,31,4,,1,10,,21927,31,4,,1,10,,21933,31,4,,1,9,,21941,31,4,,1,11,,21952,31,4,,1,49,,21960,31,4,,1,9,,21811,31,4,,1,10,,21825,31,4,,1,9,,21839,31,4,,1,9,,21848,31,4,,1,9,,21852,31,4,,1,8,,21860,31,4,,1,49,,21873,31,4,,1,9,,21882,31,4,,1,8,,21891,31,4,,1,9,,21898,31,4,,1,8,,21906,31,4,,1,9,,21913,31,4,,1,8,,21920,31,4,,1,49,,21934,31,4,,1,8,,21942,31,4,,1,9,,21953,31,4,,1,8,,21961,31,4,,1,8,,21812,31,4,,1,9,,21826,31,4,,1,8,,21840,31,4,,1,49,,21849,31,4,,1,8,,21853,31,4,,1,9,,21861,31,4,,1,8,,21874,31,4,,1,9,,21883,31,4,,1,8,,21892,31,4,,1,8,,21899,31,4,,1,48,,21907,31,4,,1,7,,21914,31,4,,1,8,,21921,31,4,,1,8,,21935,31,4,,1,8,,21943,31,4,,1,7,,21954,31,4,,1,8,,21962,31,4,,1,8,,21813,31,4,,1,47,,21819,31,4,,1,8,,21827,31,4,,1,7,,21841,31,4,,1,7,,21850,31,4,,1,8,,21854,31,4,,1,7,,21862,31,4,,1,7,,21866,31,4,,1,8,,21875,31,4,,1,46,,21884,31,4,,1,7,,21893,31,4,,1,6,,21900,31,4,,1,6,,21908,31,4,,1,7,,21915,31,4,,1,6,,21922,31,4,,1,7,,21928,31,4,,1,6,,21936,31,4,,1,7,,21944,31,4,,1,46,,21947,31,4,,1,7,,21955,31,4,,1,6,,21963,31,4,,1,7,,21814,31,4,,1,6,,21820,31,4,,1,7,,21828,31,4,,1,6,,21833,31,4,,1,7,,21842,31,4,,1,6,,21855,31,4,,1,47,,21863,31,4,,1,6,,21867,31,4,,1,7,,21876,31,4,,1,6,,21885,31,4,,1,7,,21894,31,4,,1,6,,21901,31,4,,1,7,,21909,31,4,,1,6,,21916,31,4,,1,7,,21923,31,4,,1,6,,21929,31,4,,1,46,,21937,31,4,,1,7,,21945,31,4,,1,6,,21948,31,4,,1,7,,21956,31,4,,1,6,,21964,31,4,,1,7,,21815,31,4,,1,6,,21821,31,4,,1,6,,21829,31,4,,1,7,,21834,31,4,,1,46,,21843,31,4,,1,6,,21856,31,4,,1,7,,21864,31,4,,1,6,,21868,31,4,,1,6,,21877,31,4,,1,6,,21886,31,4,,1,7,,21895,31,4,,1,6,,21902,31,4,,1,6,,21910,31,4,,1,47,,21917,31,4,,1,6,,21924,31,4,,1,6,,21930,31,4,,1,7,,21938,31,4,,1,6,,21946,31,4,,1,6,,21949,31,4,,1,6,,21957,31,4,,1,7,,21965,31,4,,1,6,,21816,31,4,,1,6,,21822,31,4,,1,47,,21830,31,4,,1,6,,21835,31,4,,1,7,,21844,31,4,,1,7,,21857,31,4,,1,7,,21865,31,4,,1,8,,21869,31,4,,1,7,,21878,31,4,,1,8,,21887,31,4,,1,47,,21896,31,4,,1,8,,21903,31,4,,1,7,,21911,31,4,,1,7,,21918,31,4,,1,8,,21925,31,4,,1,7,,21931,31,4,,1,7,,21939,31,4,,1,8,,21950,31,4,,1,7,,21958,31,4,,1,48,,21817,31,4,,1,8,,21823,31,4,,1,7,,21831,31,4,,1,8,,21836,31,4,,1,8,,21845,31,4,,1,9,,21858,31,4,,1,8,,21870,31,4,,1,49,,21879,31,4,,1,9,,21888,31,4,,1,9,,21897,31,4,,1,9,,21904,31,4,,1,9,,21912,31,4,,1,9,,21926,31,4,,1,10,,21932,31,4,,1,49,,21940,31,4,,1,10,,21951,31,4,,1,9,,21959,31,4,,1,10,,21818,31,4,,1,10,,21832,31,4,,1,10,,21837,31,4,,1,50,,21846,31,4,,1,10,,21859,31,4,,1,10,,21871,31,4,,1,10,,21880,31,4,,1,13,,21889,31,4,,1
200,'GLOBAUX-01-F1',556,,21974,4,4,,1,50,,21992,4,4,,1,10,,22001,31,4,,1,10,,22009,31,4,,1,9,,22017,31,4,,1,9,,22025,31,4,,1,9,,22031,31,4,,1,50,,22043,31,4,,1,9,,22047,31,4,,1,9,,22062,31,4,,1,10,,22074,31,4,,1,9,,22082,31,4,,1,9,,22090,31,4,,1,9,,22095,31,4,,1,50,,21966,31,4,,1,9,,21975,31,4,,1,9,,21993,31,4,,1,10,,22002,31,4,,1,9,,22010,31,4,,1,9,,22018,31,4,,1,50,,22026,31,4,,1,9,,22032,31,4,,1,9,,22044,31,4,,1,9,,22048,31,4,,1,9,,22055,31,4,,1,9,,22063,31,4,,1,8,,22075,31,4,,1,49,,22083,31,4,,1,8,,22091,31,4,,1,9,,22096,31,4,,1,9,,21967,31,4,,1,8,,21976,31,4,,1,9,,21986,31,4,,1,8,,21994,31,4,,1,49,,22003,31,4,,1,8,,22011,31,4,,1,9,,22019,31,4,,1,9,,22027,31,4,,1,8,,22033,31,4,,1,9,,22045,31,4,,1,8,,22049,31,4,,1,49,,22056,31,4,,1,9,,22064,31,4,,1,8,,22076,31,4,,1,9,,22084,31,4,,1,9,,22092,31,4,,1,8,,22097,31,4,,1,9,,21968,31,4,,1,48,,21977,31,4,,1,8,,21987,31,4,,1,8,,21995,31,4,,1,8,,22004,31,4,,1,8,,22012,31,4,,1,8,,22020,31,4,,1,8,,22028,31,4,,1,48,,22034,31,4,,1,8,,22046,31,4,,1,8,,22050,31,4,,1,8,,22057,31,4,,1,8,,22065,31,4,,1,7,,22070,31,4,,1,8,,22077,31,4,,1,7,,22085,31,4,,1,46,,22093,31,4,,1,7,,22098,31,4,,1,7,,22103,31,4,,1,7,,21969,31,4,,1,7,,21978,31,4,,1,7,,21981,31,4,,1,6,,21988,31,4,,1,7,,21996,31,4,,1,7,,22005,31,4,,1,47,,22013,31,4,,1,7,,22021,31,4,,1,7,,22029,31,4,,1,7,,22035,31,4,,1,7,,22039,31,4,,1,7,,22051,31,4,,1,6,,22058,31,4,,1,7,,22066,31,4,,1,7,,22071,31,4,,1,47,,22078,31,4,,1,7,,22086,31,4,,1,7,,22094,31,4,,1,7,,22099,31,4,,1,6,,22104,31,4,,1,7,,21970,31,4,,1,7,,21979,31,4,,1,7,,21982,31,4,,1,47,,21989,31,4,,1,7,,21997,31,4,,1,7,,22006,31,4,,1,7,,22014,31,4,,1,7,,22022,31,4,,1,8,,22030,31,4,,1,7,,22036,31,4,,1,7,,22040,31,4,,1,7,,22052,31,4,,1,48,,22059,31,4,,1,7,,22067,31,4,,1,7,,22072,31,4,,1,8,,22079,31,4,,1,7,,22087,31,4,,1,8,,22100,31,4,,1,8,,22105,31,4,,1,8,,21971,31,4,,1,47,,21980,31,4,,1,8,,21983,31,4,,1,8,,21990,31,4,,1,8,,21998,31,4,,1,8,,22007,31,4,,1,7,,22015,31,4,,1,8,,22023,31,4,,1,48,,22037,31,4,,1,8,,22041,31,4,,1,8,,22053,31,4,,1,8,,22060,31,4,,1,8,,22068,31,4,,1,8,,22073,31,4,,1,8,,22080,31,4,,1,8,,22088,31,4,,1,49,,22101,31,4,,1,9,,22106,31,4,,1,8,,21972,31,4,,1,9,,21984,31,4,,1,8,,21991,31,4,,1,9,,21999,31,4,,1,9,,22008,31,4,,1,50,,22016,31,4,,1,10,,22024,31,4,,1,10,,22038,31,4,,1,10,,22042,31,4,,1,10,,22054,31,4,,1,10,,22061,31,4,,1,50,,22069,31,4,,1,10,,22081,31,4,,1,10,,22089,31,4,,1,9,,22102,31,4,,1,11,,22107,31,4,,1,10,,21973,31,4,,1,50,,21985,31,4,,1,12,,22000,31,4,,1
200,'GLOBAUX-01-F2',556,,22116,4,4,,1,50,,22134,4,4,,1,10,,22143,31,4,,1,10,,22151,31,4,,1,9,,22159,31,4,,1,9,,22167,31,4,,1,9,,22173,31,4,,1,50,,22185,31,4,,1,9,,22189,31,4,,1,9,,22204,31,4,,1,10,,22216,31,4,,1,9,,22224,31,4,,1,9,,22232,31,4,,1,9,,22237,31,4,,1,50,,22108,31,4,,1,9,,22117,31,4,,1,9,,22135,31,4,,1,10,,22144,31,4,,1,9,,22152,31,4,,1,9,,22160,31,4,,1,50,,22168,31,4,,1,9,,22174,31,4,,1,9,,22186,31,4,,1,9,,22190,31,4,,1,9,,22197,31,4,,1,9,,22205,31,4,,1,8,,22217,31,4,,1,49,,22225,31,4,,1,8,,22233,31,4,,1,9,,22238,31,4,,1,9,,22109,31,4,,1,8,,22118,31,4,,1,9,,22128,31,4,,1,8,,22136,31,4,,1,49,,22145,31,4,,1,8,,22153,31,4,,1,9,,22161,31,4,,1,9,,22169,31,4,,1,8,,22175,31,4,,1,9,,22187,31,4,,1,8,,22191,31,4,,1,49,,22198,31,4,,1,9,,22206,31,4,,1,8,,22218,31,4,,1,9,,22226,31,4,,1,9,,22234,31,4,,1,8,,22239,31,4,,1,9,,22110,31,4,,1,48,,22119,31,4,,1,8,,22129,31,4,,1,8,,22137,31,4,,1,8,,22146,31,4,,1,8,,22154,31,4,,1,8,,22162,31,4,,1,8,,22170,31,4,,1,48,,22176,31,4,,1,8,,22188,31,4,,1,8,,22192,31,4,,1,8,,22199,31,4,,1,8,,22207,31,4,,1,7,,22212,31,4,,1,8,,22219,31,4,,1,7,,22227,31,4,,1,46,,22235,31,4,,1,7,,22240,31,4,,1,7,,22245,31,4,,1,7,,22111,31,4,,1,7,,22120,31,4,,1,7,,22123,31,4,,1,6,,22130,31,4,,1,7,,22138,31,4,,1,7,,22147,31,4,,1,47,,22155,31,4,,1,7,,22163,31,4,,1,7,,22171,31,4,,1,7,,22177,31,4,,1,7,,22181,31,4,,1,7,,22193,31,4,,1,6,,22200,31,4,,1,7,,22208,31,4,,1,7,,22213,31,4,,1,47,,22220,31,4,,1,7,,22228,31,4,,1,7,,22236,31,4,,1,7,,22241,31,4,,1,6,,22246,31,4,,1,7,,22112,31,4,,1,7,,22121,31,4,,1,7,,22124,31,4,,1,47,,22131,31,4,,1,7,,22139,31,4,,1,7,,22148,31,4,,1,7,,22156,31,4,,1,7,,22164,31,4,,1,8,,22172,31,4,,1,7,,22178,31,4,,1,7,,22182,31,4,,1,7,,22194,31,4,,1,48,,22201,31,4,,1,7,,22209,31,4,,1,7,,22214,31,4,,1,8,,22221,31,4,,1,7,,22229,31,4,,1,8,,22242,31,4,,1,8,,22247,31,4,,1,8,,22113,31,4,,1,47,,22122,31,4,,1,8,,22125,31,4,,1,8,,22132,31,4,,1,8,,22140,31,4,,1,8,,22149,31,4,,1,7,,22157,31,4,,1,8,,22165,31,4,,1,48,,22179,31,4,,1,8,,22183,31,4,,1,8,,22195,31,4,,1,8,,22202,31,4,,1,8,,22210,31,4,,1,8,,22215,31,4,,1,8,,22222,31,4,,1,8,,22230,31,4,,1,49,,22243,31,4,,1,9,,22248,31,4,,1,8,,22114,31,4,,1,9,,22126,31,4,,1,8,,22133,31,4,,1,9,,22141,31,4,,1,9,,22150,31,4,,1,50,,22158,31,4,,1,10,,22166,31,4,,1,10,,22180,31,4,,1,10,,22184,31,4,,1,10,,22196,31,4,,1,10,,22203,31,4,,1,50,,22211,31,4,,1,10,,22223,31,4,,1,10,,22231,31,4,,1,9,,22244,31,4,,1,11,,22249,31,4,,1,10,,22115,31,4,,1,50,,22127,31,4,,1,12,,22142,31,4,,1
200,'GLOBAUX-01-I',556,,22258,4,4,,1,50,,22276,4,4,,1,10,,22285,31,4,,1,10,,22293,31,4,,1,9,,22301,31,4,,1,9,,22309,31,4,,1,9,,22315,31,4,,1,50,,22327,31,4,,1,9,,22331,31,4,,1,9,,22346,31,4,,1,10,,22358,31,4,,1,9,,22366,31,4,,1,9,,22374,31,4,,1,9,,22379,31,4,,1,50,,22250,31,4,,1,9,,22259,31,4,,1,9,,22277,31,4,,1,10,,22286,31,4,,1,9,,22294,31,4,,1,9,,22302,31,4,,1,50,,22310,31,4,,1,9,,22316,31,4,,1,9,,22328,31,4,,1,9,,22332,31,4,,1,9,,22339,31,4,,1,9,,22347,31,4,,1,8,,22359,31,4,,1,49,,22367,31,4,,1,8,,22375,31,4,,1,9,,22380,31,4,,1,9,,22251,31,4,,1,8,,22260,31,4,,1,9,,22270,31,4,,1,8,,22278,31,4,,1,49,,22287,31,4,,1,8,,22295,31,4,,1,9,,22303,31,4,,1,9,,22311,31,4,,1,8,,22317,31,4,,1,9,,22329,31,4,,1,8,,22333,31,4,,1,49,,22340,31,4,,1,9,,22348,31,4,,1,8,,22360,31,4,,1,9,,22368,31,4,,1,9,,22376,31,4,,1,8,,22381,31,4,,1,9,,22252,31,4,,1,48,,22261,31,4,,1,8,,22271,31,4,,1,8,,22279,31,4,,1,8,,22288,31,4,,1,8,,22296,31,4,,1,8,,22304,31,4,,1,8,,22312,31,4,,1,48,,22318,31,4,,1,8,,22330,31,4,,1,8,,22334,31,4,,1,8,,22341,31,4,,1,8,,22349,31,4,,1,7,,22354,31,4,,1,8,,22361,31,4,,1,7,,22369,31,4,,1,46,,22377,31,4,,1,7,,22382,31,4,,1,7,,22387,31,4,,1,7,,22253,31,4,,1,7,,22262,31,4,,1,7,,22265,31,4,,1,6,,22272,31,4,,1,7,,22280,31,4,,1,7,,22289,31,4,,1,47,,22297,31,4,,1,7,,22305,31,4,,1,7,,22313,31,4,,1,7,,22319,31,4,,1,7,,22323,31,4,,1,7,,22335,31,4,,1,6,,22342,31,4,,1,7,,22350,31,4,,1,7,,22355,31,4,,1,47,,22362,31,4,,1,7,,22370,31,4,,1,7,,22378,31,4,,1,7,,22383,31,4,,1,6,,22388,31,4,,1,7,,22254,31,4,,1,7,,22263,31,4,,1,7,,22266,31,4,,1,47,,22273,31,4,,1,7,,22281,31,4,,1,7,,22290,31,4,,1,7,,22298,31,4,,1,7,,22306,31,4,,1,8,,22314,31,4,,1,7,,22320,31,4,,1,7,,22324,31,4,,1,7,,22336,31,4,,1,48,,22343,31,4,,1,7,,22351,31,4,,1,7,,22356,31,4,,1,8,,22363,31,4,,1,7,,22371,31,4,,1,8,,22384,31,4,,1,8,,22389,31,4,,1,8,,22255,31,4,,1,47,,22264,31,4,,1,8,,22267,31,4,,1,8,,22274,31,4,,1,8,,22282,31,4,,1,8,,22291,31,4,,1,7,,22299,31,4,,1,8,,22307,31,4,,1,48,,22321,31,4,,1,8,,22325,31,4,,1,8,,22337,31,4,,1,8,,22344,31,4,,1,8,,22352,31,4,,1,8,,22357,31,4,,1,8,,22364,31,4,,1,8,,22372,31,4,,1,49,,22385,31,4,,1,9,,22390,31,4,,1,8,,22256,31,4,,1,9,,22268,31,4,,1,8,,22275,31,4,,1,9,,22283,31,4,,1,9,,22292,31,4,,1,50,,22300,31,4,,1,10,,22308,31,4,,1,10,,22322,31,4,,1,10,,22326,31,4,,1,10,,22338,31,4,,1,10,,22345,31,4,,1,50,,22353,31,4,,1,10,,22365,31,4,,1,10,,22373,31,4,,1,9,,22386,31,4,,1,11,,22391,31,4,,1,10,,22257,31,4,,1,50,,22269,31,4,,1,12,,22284,31,4,,1
200,'GLOBAUX-01-S',616,,22463,31,4,,1,6,,22473,31,4,,1,6,,22483,31,4,,1,6,,22498,31,4,,1,6,,22509,31,4,,1,6,,22518,31,4,,1,6,,22532,31,4,,1,6,,22534,31,4,,1,45,,22554,31,4,,1,5,,22571,31,4,,1,5,,22573,31,4,,1,5,,22580,31,4,,1,5,,22582,31,4,,1,4,,22594,31,4,,1,4,,22600,31,4,,1,4,,22606,31,4,,1,4,,22607,31,4,,1,4,,22613,31,4,,1,3,,22622,31,4,,1,4,,22392,31,4,,1,3,,22393,31,4,,1,4,,22403,31,4,,1,43,,22411,31,4,,1,4,,22412,31,4,,1,3,,22421,31,4,,1,4,,22423,31,4,,1,3,,22428,31,4,,1,4,,22436,31,4,,1,3,,22444,31,4,,1,3,,22456,31,4,,1,3,,22461,31,4,,1,4,,22462,31,4,,1,3,,22464,31,4,,1,3,,22474,31,4,,1,3,,22484,31,4,,1,4,,22492,31,4,,1,3,,22494,31,4,,1,3,,22499,31,4,,1,4,,22504,31,4,,1,3,,22510,31,4,,1,43,,22515,31,4,,1,3,,22519,31,4,,1,3,,22527,31,4,,1,4,,22533,31,4,,1,3,,22535,31,4,,1,3,,22540,31,4,,1,3,,22555,31,4,,1,4,,22564,31,4,,1,3,,22572,31,4,,1,4,,22574,31,4,,1,3,,22575,31,4,,1,4,,22583,31,4,,1,4,,22590,31,4,,1,3,,22595,31,4,,1,4,,22601,31,4,,1,4,,22608,31,4,,1,4,,22614,31,4,,1,3,,22623,31,4,,1,44,,22630,31,4,,1,4,,22394,31,4,,1,4,,22404,31,4,,1,4,,22413,31,4,,1,4,,22420,31,4,,1,4,,22424,31,4,,1,5,,22437,31,4,,1,5,,22445,31,4,,1,5,,22457,31,4,,1,6,,22465,31,4,,1,6,,22475,31,4,,1,6,,22485,31,4,,1,46,,22495,31,4,,1,6,,22505,31,4,,1,6,,22511,31,4,,1,6,,22520,31,4,,1,6,,22528,31,4,,1,6,,22541,31,4,,1,6,,22556,31,4,,1,6,,22565,31,4,,1,7,,22576,31,4,,1,6,,22584,31,4,,1,45,,22596,31,4,,1,6,,22602,31,4,,1,6,,22615,31,4,,1,6,,22624,31,4,,1,6,,22395,31,4,,1,6,,22405,31,4,,1,6,,22414,31,4,,1,6,,22425,31,4,,1,6,,22438,31,4,,1,6,,22446,31,4,,1,46,,22458,31,4,,1,6,,22466,31,4,,1,6,,22476,31,4,,1,6,,22486,31,4,,1,6,,22496,31,4,,1,6,,22506,31,4,,1,6,,22512,31,4,,1,6,,22521,31,4,,1,7,,22529,31,4,,1,6,,22542,31,4,,1,46,,22557,31,4,,1,6,,22566,31,4,,1,6,,22577,31,4,,1,6,,22585,31,4,,1,6,,22597,31,4,,1,6,,22603,31,4,,1,6,,22616,31,4,,1,6,,22625,31,4,,1,6,,22396,31,4,,1,6,,22406,31,4,,1,46,,22415,31,4,,1,6,,22426,31,4,,1,6,,22439,31,4,,1,6,,22447,31,4,,1,6,,22459,31,4,,1,7,,22467,31,4,,1,5,,22477,31,4,,1,5,,22487,31,4,,1,4,,22497,31,4,,1,5,,22500,31,4,,1,4,,22507,31,4,,1,45,,22513,31,4,,1,4,,22516,31,4,,1,4,,22522,31,4,,1,4,,22530,31,4,,1,4,,22536,31,4,,1,3,,22543,31,4,,1,3,,22547,31,4,,1,4,,22558,31,4,,1,3,,22562,31,4,,1,3,,22567,31,4,,1,3,,22578,31,4,,1,3,,22581,31,4,,1,2,,22586,31,4,,1,3,,22591,31,4,,1,3,,22598,31,4,,1,3,,22604,31,4,,1,3,,22609,31,4,,1,3,,22617,31,4,,1,43,,22618,31,4,,1,3,,22626,31,4,,1,3,,22397,31,4,,1,3,,22398,31,4,,1,3,,22399,31,4,,1,3,,22400,31,4,,1,3,,22407,31,4,,1,3,,22416,31,4,,1,3,,22422,31,4,,1,6,,22429,31,4,,1,2,,22433,31,4,,1,3,,22440,31,4,,1,6,,22449,31,4,,1,3,,22453,31,4,,1,3,,22460,31,4,,1,6,,22469,31,4,,1,3,,22478,31,4,,1,46,,22488,31,4,,1,5,,22501,31,4,,1,3,,22508,31,4,,1,3,,22514,31,4,,1,4,,22517,31,4,,1,3,,22523,31,4,,1,4,,22531,31,4,,1,3,,22537,31,4,,1,3,,22544,31,4,,1,3,,22548,31,4,,1,4,,22551,31,4,,1,4,,22559,31,4,,1,4,,22563,31,4,,1,4,,22568,31,4,,1,4,,22579,31,4,,1,4,,22587,31,4,,1,44,,22592,31,4,,1,3,,22599,31,4,,1,4,,22605,31,4,,1,4,,22610,31,4,,1,5,,22619,31,4,,1,4,,22627,31,4,,1,5,,22401,31,4,,1,5,,22408,31,4,,1,5,,22417,31,4,,1,5,,22430,31,4,,1,6,,22434,31,4,,1,6,,22441,31,4,,1,6,,22450,31,4,,1,46,,22454,31,4,,1,6,,22470,31,4,,1,6,,22479,31,4,,1,6,,22489,31,4,,1,6,,22502,31,4,,1,6,,22524,31,4,,1,6,,22538,31,4,,1,6,,22545,31,4,,1,6,,22549,31,4,,1,6,,22552,31,4,,1,46,,22560,31,4,,1,6,,22569,31,4,,1,6,,22588,31,4,,1,6,,22593,31,4,,1,6,,22611,31,4,,1,6,,22620,31,4,,1,6,,22628,31,4,,1,6,,22402,31,4,,1,6,,22409,31,4,,1,6,,22418,31,4,,1,46,,22431,31,4,,1,6,,22435,31,4,,1,6,,22442,31,4,,1,6,,22451,31,4,,1,6,,22455,31,4,,1,6,,22471,31,4,,1,6,,22480,31,4,,1,6,,22490,31,4,,1,6,,22503,31,4,,1,6,,22525,31,4,,1,45,,22539,31,4,,1,6,,22546,31,4,,1,6,,22550,31,4,,1,7,,22553,31,4,,1,7,,22561,31,4,,1,7,,22570,31,4,,1,7,,22589,31,4,,1,7,,22612,31,4,,1,7,,22621,31,4,,1,47,,22629,31,4,,1,7,,22410,31,4,,1,8,,22419,31,4,,1,8,,22432,31,4,,1,8,,22443,31,4,,1,8,,22452,31,4,,1,8,,22472,31,4,,1,48,,22481,31,4,,1,8,,22491,31,4,,1,11,,22526,31,4,,1
201,'GLOBAUX-01-A',524,,22741,1,,,1,9,,22748,1,,,1,10,,22757,1,,,1,9,,22769,1,,,1,50,,22778,1,,,1,9,,22631,1,,,1,10,,22645,1,,,1,10,,22658,1,,,1,9,,22666,1,,,1,10,,22669,1,,,1,9,,22688,1,,,1,50,,22696,1,,,1,9,,22704,1,,,1,10,,22712,1,,,1,9,,22719,1,,,1,9,,22727,1,,,1,9,,22733,1,,,1,49,,22749,1,,,1,9,,22758,1,,,1,8,,22770,1,,,1,9,,22779,1,,,1,9,,22632,1,,,1,9,,22646,1,,,1,8,,22659,1,,,1,49,,22667,1,,,1,9,,22670,1,,,1,9,,22677,1,,,1,8,,22689,1,,,1,9,,22697,1,,,1,9,,22705,1,,,1,9,,22713,1,,,1,48,,22720,1,,,1,9,,22728,1,,,1,9,,22734,1,,,1,7,,22750,1,,,1,8,,22759,1,,,1,8,,22771,1,,,1,7,,22780,1,,,1,48,,22633,1,,,1,7,,22640,1,,,1,8,,22647,1,,,1,7,,22660,1,,,1,7,,22668,1,,,1,7,,22671,1,,,1,7,,22678,1,,,1,7,,22682,1,,,1,7,,22690,1,,,1,47,,22698,1,,,1,7,,22706,1,,,1,6,,22714,1,,,1,7,,22721,1,,,1,7,,22729,1,,,1,6,,22735,1,,,1,7,,22742,1,,,1,6,,22751,1,,,1,6,,22760,1,,,1,47,,22763,1,,,1,6,,22772,1,,,1,7,,22781,1,,,1,6,,22634,1,,,1,6,,22641,1,,,1,7,,22648,1,,,1,6,,22653,1,,,1,7,,22661,1,,,1,6,,22672,1,,,1,47,,22679,1,,,1,6,,22683,1,,,1,6,,22691,1,,,1,7,,22699,1,,,1,6,,22707,1,,,1,7,,22715,1,,,1,6,,22722,1,,,1,6,,22730,1,,,1,7,,22736,1,,,1,46,,22743,1,,,1,7,,22752,1,,,1,6,,22761,1,,,1,7,,22764,1,,,1,6,,22773,1,,,1,6,,22782,1,,,1,7,,22635,1,,,1,6,,22642,1,,,1,7,,22649,1,,,1,6,,22654,1,,,1,46,,22662,1,,,1,7,,22673,1,,,1,6,,22680,1,,,1,7,,22684,1,,,1,6,,22692,1,,,1,7,,22700,1,,,1,6,,22708,1,,,1,6,,22716,1,,,1,7,,22723,1,,,1,46,,22731,1,,,1,7,,22737,1,,,1,6,,22744,1,,,1,6,,22753,1,,,1,7,,22762,1,,,1,6,,22765,1,,,1,7,,22774,1,,,1,6,,22783,1,,,1,7,,22636,1,,,1,46,,22643,1,,,1,6,,22650,1,,,1,7,,22655,1,,,1,6,,22663,1,,,1,7,,22674,1,,,1,6,,22681,1,,,1,8,,22685,1,,,1,7,,22693,1,,,1,7,,22701,1,,,1,47,,22709,1,,,1,8,,22717,1,,,1,7,,22724,1,,,1,7,,22732,1,,,1,8,,22738,1,,,1,7,,22745,1,,,1,8,,22754,1,,,1,7,,22766,1,,,1,48,,22775,1,,,1,8,,22637,1,,,1,8,,22644,1,,,1,7,,22651,1,,,1,8,,22656,1,,,1,8,,22664,1,,,1,8,,22675,1,,,1,8,,22686,1,,,1,48,,22694,1,,,1,8,,22702,1,,,1,9,,22710,1,,,1,8,,22718,1,,,1,10,,22725,1,,,1,9,,22739,1,,,1,10,,22746,1,,,1,49,,22755,1,,,1,10,,22767,1,,,1,9,,22776,1,,,1,10,,22638,1,,,1,9,,22652,1,,,1,10,,22657,1,,,1,49,,22665,1,,,1,10,,22676,1,,,1,10,,22687,1,,,1,9,,22695,1,,,1,10,,22703,1,,,1,10,,22711,1,,,1,50,,22726,1,,,1,10,,22740,1,,,1,10,,22747,1,,,1,10,,22756,1,,,1,10,,22768,1,,,1,10,,22777,1,,,1,50,,22639,1,,,1
201,'GLOBAUX-01-F1',524,,22877,1,,,1,9,,22890,1,,,1,9,,22898,1,,,1,10,,22906,1,,,1,49,,22911,1,,,1,9,,22784,1,,,1,10,,22792,1,,,1,9,,22809,1,,,1,9,,22817,1,,,1,10,,22825,1,,,1,9,,22833,1,,,1,49,,22841,1,,,1,10,,22846,1,,,1,9,,22859,1,,,1,9,,22862,1,,,1,10,,22878,1,,,1,9,,22891,1,,,1,49,,22899,1,,,1,9,,22907,1,,,1,10,,22912,1,,,1,9,,22785,1,,,1,9,,22793,1,,,1,9,,22803,1,,,1,8,,22810,1,,,1,49,,22818,1,,,1,9,,22826,1,,,1,9,,22834,1,,,1,8,,22842,1,,,1,9,,22847,1,,,1,8,,22860,1,,,1,9,,22863,1,,,1,49,,22870,1,,,1,8,,22879,1,,,1,9,,22892,1,,,1,8,,22900,1,,,1,9,,22908,1,,,1,9,,22913,1,,,1,8,,22786,1,,,1,49,,22794,1,,,1,8,,22804,1,,,1,9,,22811,1,,,1,8,,22819,1,,,1,9,,22827,1,,,1,9,,22835,1,,,1,8,,22843,1,,,1,48,,22848,1,,,1,7,,22861,1,,,1,8,,22864,1,,,1,8,,22871,1,,,1,8,,22880,1,,,1,7,,22886,1,,,1,7,,22893,1,,,1,7,,22901,1,,,1,47,,22909,1,,,1,6,,22914,1,,,1,7,,22919,1,,,1,7,,22787,1,,,1,7,,22795,1,,,1,7,,22798,1,,,1,7,,22805,1,,,1,6,,22812,1,,,1,7,,22820,1,,,1,47,,22828,1,,,1,7,,22836,1,,,1,7,,22844,1,,,1,7,,22849,1,,,1,6,,22854,1,,,1,7,,22865,1,,,1,7,,22872,1,,,1,7,,22881,1,,,1,47,,22887,1,,,1,7,,22894,1,,,1,6,,22902,1,,,1,7,,22910,1,,,1,7,,22915,1,,,1,7,,22920,1,,,1,7,,22788,1,,,1,7,,22796,1,,,1,6,,22799,1,,,1,48,,22806,1,,,1,7,,22813,1,,,1,7,,22821,1,,,1,8,,22829,1,,,1,7,,22837,1,,,1,7,,22845,1,,,1,8,,22850,1,,,1,7,,22855,1,,,1,47,,22866,1,,,1,8,,22873,1,,,1,7,,22882,1,,,1,7,,22888,1,,,1,8,,22895,1,,,1,7,,22903,1,,,1,8,,22916,1,,,1,7,,22921,1,,,1,48,,22789,1,,,1,8,,22797,1,,,1,8,,22800,1,,,1,8,,22807,1,,,1,8,,22814,1,,,1,7,,22822,1,,,1,8,,22830,1,,,1,8,,22838,1,,,1,48,,22851,1,,,1,8,,22856,1,,,1,8,,22867,1,,,1,7,,22874,1,,,1,8,,22883,1,,,1,8,,22889,1,,,1,8,,22896,1,,,1,9,,22904,1,,,1,48,,22917,1,,,1,9,,22922,1,,,1,8,,22790,1,,,1,9,,22801,1,,,1,8,,22808,1,,,1,9,,22815,1,,,1,9,,22823,1,,,1,48,,22831,1,,,1,9,,22839,1,,,1,9,,22852,1,,,1,9,,22857,1,,,1,9,,22868,1,,,1,10,,22875,1,,,1,50,,22884,1,,,1,10,,22897,1,,,1,10,,22905,1,,,1,10,,22918,1,,,1,10,,22923,1,,,1,10,,22791,1,,,1,50,,22802,1,,,1,10,,22816,1,,,1,10,,22824,1,,,1,10,,22832,1,,,1,10,,22840,1,,,1,10,,22853,1,,,1,50,,22858,1,,,1,10,,22869,1,,,1,10,,22876,1,,,1,10,,22885,1,,,1
201,'GLOBAUX-01-F2',524,,23017,1,,,1,9,,23030,1,,,1,9,,23038,1,,,1,10,,23046,1,,,1,49,,23051,1,,,1,9,,22924,1,,,1,10,,22932,1,,,1,9,,22949,1,,,1,9,,22957,1,,,1,10,,22965,1,,,1,9,,22973,1,,,1,49,,22981,1,,,1,10,,22986,1,,,1,9,,22999,1,,,1,9,,23002,1,,,1,10,,23018,1,,,1,9,,23031,1,,,1,49,,23039,1,,,1,9,,23047,1,,,1,10,,23052,1,,,1,9,,22925,1,,,1,9,,22933,1,,,1,9,,22943,1,,,1,8,,22950,1,,,1,49,,22958,1,,,1,9,,22966,1,,,1,9,,22974,1,,,1,8,,22982,1,,,1,9,,22987,1,,,1,8,,23000,1,,,1,9,,23003,1,,,1,49,,23010,1,,,1,8,,23019,1,,,1,9,,23032,1,,,1,8,,23040,1,,,1,9,,23048,1,,,1,9,,23053,1,,,1,8,,22926,1,,,1,49,,22934,1,,,1,8,,22944,1,,,1,9,,22951,1,,,1,8,,22959,1,,,1,9,,22967,1,,,1,9,,22975,1,,,1,8,,22983,1,,,1,48,,22988,1,,,1,7,,23001,1,,,1,8,,23004,1,,,1,8,,23011,1,,,1,8,,23020,1,,,1,7,,23026,1,,,1,7,,23033,1,,,1,7,,23041,1,,,1,47,,23049,1,,,1,6,,23054,1,,,1,7,,23059,1,,,1,7,,22927,1,,,1,7,,22935,1,,,1,7,,22938,1,,,1,7,,22945,1,,,1,6,,22952,1,,,1,7,,22960,1,,,1,47,,22968,1,,,1,7,,22976,1,,,1,7,,22984,1,,,1,7,,22989,1,,,1,6,,22994,1,,,1,7,,23005,1,,,1,7,,23012,1,,,1,7,,23021,1,,,1,47,,23027,1,,,1,7,,23034,1,,,1,6,,23042,1,,,1,7,,23050,1,,,1,7,,23055,1,,,1,7,,23060,1,,,1,7,,22928,1,,,1,7,,22936,1,,,1,6,,22939,1,,,1,48,,22946,1,,,1,7,,22953,1,,,1,7,,22961,1,,,1,8,,22969,1,,,1,7,,22977,1,,,1,7,,22985,1,,,1,8,,22990,1,,,1,7,,22995,1,,,1,47,,23006,1,,,1,8,,23013,1,,,1,7,,23022,1,,,1,7,,23028,1,,,1,8,,23035,1,,,1,7,,23043,1,,,1,8,,23056,1,,,1,7,,23061,1,,,1,48,,22929,1,,,1,8,,22937,1,,,1,8,,22940,1,,,1,8,,22947,1,,,1,8,,22954,1,,,1,7,,22962,1,,,1,8,,22970,1,,,1,8,,22978,1,,,1,48,,22991,1,,,1,8,,22996,1,,,1,8,,23007,1,,,1,7,,23014,1,,,1,8,,23023,1,,,1,8,,23029,1,,,1,8,,23036,1,,,1,9,,23044,1,,,1,48,,23057,1,,,1,9,,23062,1,,,1,8,,22930,1,,,1,9,,22941,1,,,1,8,,22948,1,,,1,9,,22955,1,,,1,9,,22963,1,,,1,48,,22971,1,,,1,9,,22979,1,,,1,9,,22992,1,,,1,9,,22997,1,,,1,9,,23008,1,,,1,10,,23015,1,,,1,50,,23024,1,,,1,10,,23037,1,,,1,10,,23045,1,,,1,10,,23058,1,,,1,10,,23063,1,,,1,10,,22931,1,,,1,50,,22942,1,,,1,10,,22956,1,,,1,10,,22964,1,,,1,10,,22972,1,,,1,10,,22980,1,,,1,10,,22993,1,,,1,50,,22998,1,,,1,10,,23009,1,,,1,10,,23016,1,,,1,10,,23025,1,,,1
201,'GLOBAUX-01-I',524,,23157,1,,,1,9,,23170,1,,,1,9,,23178,1,,,1,10,,23186,1,,,1,49,,23191,1,,,1,9,,23064,1,,,1,10,,23072,1,,,1,9,,23089,1,,,1,9,,23097,1,,,1,10,,23105,1,,,1,9,,23113,1,,,1,49,,23121,1,,,1,10,,23126,1,,,1,9,,23139,1,,,1,9,,23142,1,,,1,10,,23158,1,,,1,9,,23171,1,,,1,49,,23179,1,,,1,9,,23187,1,,,1,10,,23192,1,,,1,9,,23065,1,,,1,9,,23073,1,,,1,9,,23083,1,,,1,8,,23090,1,,,1,49,,23098,1,,,1,9,,23106,1,,,1,9,,23114,1,,,1,8,,23122,1,,,1,9,,23127,1,,,1,8,,23140,1,,,1,9,,23143,1,,,1,49,,23150,1,,,1,8,,23159,1,,,1,9,,23172,1,,,1,8,,23180,1,,,1,9,,23188,1,,,1,9,,23193,1,,,1,8,,23066,1,,,1,49,,23074,1,,,1,8,,23084,1,,,1,9,,23091,1,,,1,8,,23099,1,,,1,9,,23107,1,,,1,9,,23115,1,,,1,8,,23123,1,,,1,48,,23128,1,,,1,7,,23141,1,,,1,8,,23144,1,,,1,8,,23151,1,,,1,8,,23160,1,,,1,7,,23166,1,,,1,7,,23173,1,,,1,7,,23181,1,,,1,47,,23189,1,,,1,6,,23194,1,,,1,7,,23199,1,,,1,7,,23067,1,,,1,7,,23075,1,,,1,7,,23078,1,,,1,7,,23085,1,,,1,6,,23092,1,,,1,7,,23100,1,,,1,47,,23108,1,,,1,7,,23116,1,,,1,7,,23124,1,,,1,7,,23129,1,,,1,6,,23134,1,,,1,7,,23145,1,,,1,7,,23152,1,,,1,7,,23161,1,,,1,47,,23167,1,,,1,7,,23174,1,,,1,6,,23182,1,,,1,7,,23190,1,,,1,7,,23195,1,,,1,7,,23200,1,,,1,7,,23068,1,,,1,7,,23076,1,,,1,6,,23079,1,,,1,48,,23086,1,,,1,7,,23093,1,,,1,7,,23101,1,,,1,8,,23109,1,,,1,7,,23117,1,,,1,7,,23125,1,,,1,8,,23130,1,,,1,7,,23135,1,,,1,47,,23146,1,,,1,8,,23153,1,,,1,7,,23162,1,,,1,7,,23168,1,,,1,8,,23175,1,,,1,7,,23183,1,,,1,8,,23196,1,,,1,7,,23201,1,,,1,48,,23069,1,,,1,8,,23077,1,,,1,8,,23080,1,,,1,8,,23087,1,,,1,8,,23094,1,,,1,7,,23102,1,,,1,8,,23110,1,,,1,8,,23118,1,,,1,48,,23131,1,,,1,8,,23136,1,,,1,8,,23147,1,,,1,7,,23154,1,,,1,8,,23163,1,,,1,8,,23169,1,,,1,8,,23176,1,,,1,9,,23184,1,,,1,48,,23197,1,,,1,9,,23202,1,,,1,8,,23070,1,,,1,9,,23081,1,,,1,8,,23088,1,,,1,9,,23095,1,,,1,9,,23103,1,,,1,48,,23111,1,,,1,9,,23119,1,,,1,9,,23132,1,,,1,9,,23137,1,,,1,9,,23148,1,,,1,10,,23155,1,,,1,50,,23164,1,,,1,10,,23177,1,,,1,10,,23185,1,,,1,10,,23198,1,,,1,10,,23203,1,,,1,10,,23071,1,,,1,50,,23082,1,,,1,10,,23096,1,,,1,10,,23104,1,,,1,10,,23112,1,,,1,10,,23120,1,,,1,10,,23133,1,,,1,50,,23138,1,,,1,10,,23149,1,,,1,10,,23156,1,,,1,10,,23165,1,,,1
201,'GLOBAUX-01-S',524,,23391,1,,,1,6,,23405,1,,,1,6,,23411,1,,,1,6,,23418,1,,,1,6,,23424,1,,,1,6,,23204,1,,,1,46,,23206,1,,,1,6,,23224,1,,,1,6,,23226,1,,,1,5,,23238,1,,,1,5,,23243,1,,,1,5,,23251,1,,,1,5,,23276,1,,,1,4,,23277,1,,,1,4,,23279,1,,,1,4,,23288,1,,,1,4,,23297,1,,,1,3,,23305,1,,,1,4,,23308,1,,,1,3,,23313,1,,,1,44,,23322,1,,,1,3,,23327,1,,,1,3,,23331,1,,,1,3,,23339,1,,,1,3,,23344,1,,,1,3,,23346,1,,,1,3,,23351,1,,,1,2,,23366,1,,,1,6,,23383,1,,,1,3,,23384,1,,,1,6,,23390,1,,,1,3,,23392,1,,,1,3,,23394,1,,,1,6,,23406,1,,,1,3,,23412,1,,,1,3,,23417,1,,,1,2,,23419,1,,,1,43,,23425,1,,,1,3,,23434,1,,,1,6,,23205,1,,,1,3,,23207,1,,,1,3,,23216,1,,,1,3,,23225,1,,,1,3,,23227,1,,,1,6,,23235,1,,,1,3,,23239,1,,,1,2,,23244,1,,,1,3,,23252,1,,,1,3,,23259,1,,,1,3,,23260,1,,,1,4,,23271,1,,,1,3,,23278,1,,,1,3,,23280,1,,,1,3,,23289,1,,,1,4,,23298,1,,,1,43,,23306,1,,,1,4,,23309,1,,,1,4,,23314,1,,,1,3,,23318,1,,,1,4,,23323,1,,,1,4,,23328,1,,,1,4,,23332,1,,,1,3,,23340,1,,,1,5,,23345,1,,,1,5,,23352,1,,,1,5,,23367,1,,,1,5,,23376,1,,,1,5,,23386,1,,,1,5,,23395,1,,,1,46,,23407,1,,,1,6,,23413,1,,,1,6,,23426,1,,,1,6,,23435,1,,,1,6,,23208,1,,,1,6,,23217,1,,,1,6,,23228,1,,,1,6,,23240,1,,,1,6,,23253,1,,,1,6,,23261,1,,,1,46,,23272,1,,,1,6,,23281,1,,,1,6,,23290,1,,,1,6,,23299,1,,,1,6,,23310,1,,,1,6,,23319,1,,,1,6,,23324,1,,,1,6,,23333,1,,,1,6,,23341,1,,,1,6,,23353,1,,,1,46,,23368,1,,,1,6,,23377,1,,,1,6,,23387,1,,,1,6,,23396,1,,,1,6,,23408,1,,,1,6,,23414,1,,,1,6,,23427,1,,,1,6,,23436,1,,,1,6,,23209,1,,,1,6,,23218,1,,,1,46,,23229,1,,,1,6,,23241,1,,,1,6,,23254,1,,,1,6,,23262,1,,,1,6,,23273,1,,,1,6,,23282,1,,,1,6,,23291,1,,,1,6,,23300,1,,,1,6,,23311,1,,,1,6,,23320,1,,,1,46,,23325,1,,,1,6,,23334,1,,,1,6,,23342,1,,,1,6,,23354,1,,,1,6,,23369,1,,,1,6,,23378,1,,,1,6,,23388,1,,,1,6,,23397,1,,,1,6,,23409,1,,,1,5,,23415,1,,,1,45,,23428,1,,,1,5,,23437,1,,,1,5,,23210,1,,,1,5,,23212,1,,,1,5,,23219,1,,,1,4,,23230,1,,,1,4,,23236,1,,,1,3,,23242,1,,,1,4,,23248,1,,,1,3,,23255,1,,,1,3,,23263,1,,,1,4,,23267,1,,,1,3,,23274,1,,,1,3,,23283,1,,,1,3,,23284,1,,,1,4,,23292,1,,,1,43,,23296,1,,,1,3,,23301,1,,,1,3,,23307,1,,,1,4,,23312,1,,,1,3,,23315,1,,,1,3,,23321,1,,,1,3,,23326,1,,,1,3,,23329,1,,,1,4,,23335,1,,,1,3,,23343,1,,,1,3,,23347,1,,,1,3,,23355,1,,,1,3,,23358,1,,,1,3,,23362,1,,,1,4,,23370,1,,,1,3,,23374,1,,,1,3,,23379,1,,,1,3,,23389,1,,,1,3,,23393,1,,,1,43,,23398,1,,,1,4,,23402,1,,,1,3,,23410,1,,,1,3,,23416,1,,,1,3,,23420,1,,,1,4,,23429,1,,,1,3,,23430,1,,,1,3,,23438,1,,,1,4,,23211,1,,,1,4,,23213,1,,,1,4,,23220,1,,,1,3,,23231,1,,,1,4,,23237,1,,,1,4,,23245,1,,,1,4,,23249,1,,,1,4,,23256,1,,,1,45,,23264,1,,,1,5,,23268,1,,,1,4,,23275,1,,,1,5,,23285,1,,,1,5,,23293,1,,,1,5,,23302,1,,,1,5,,23316,1,,,1,5,,23330,1,,,1,5,,23336,1,,,1,5,,23348,1,,,1,5,,23356,1,,,1,5,,23359,1,,,1,45,,23363,1,,,1,6,,23371,1,,,1,6,,23380,1,,,1,6,,23399,1,,,1,6,,23403,1,,,1,6,,23421,1,,,1,6,,23431,1,,,1,6,,23439,1,,,1,6,,23214,1,,,1,6,,23221,1,,,1,46,,23232,1,,,1,6,,23246,1,,,1,6,,23250,1,,,1,6,,23257,1,,,1,6,,23265,1,,,1,6,,23269,1,,,1,6,,23286,1,,,1,6,,23294,1,,,1,6,,23303,1,,,1,6,,23317,1,,,1,46,,23337,1,,,1,6,,23349,1,,,1,6,,23357,1,,,1,6,,23360,1,,,1,6,,23364,1,,,1,6,,23372,1,,,1,6,,23381,1,,,1,6,,23400,1,,,1,6,,23404,1,,,1,6,,23422,1,,,1,46,,23432,1,,,1,6,,23440,1,,,1,6,,23215,1,,,1,6,,23222,1,,,1,6,,23233,1,,,1,7,,23247,1,,,1,7,,23258,1,,,1,7,,23266,1,,,1,7,,23270,1,,,1,7,,23287,1,,,1,47,,23295,1,,,1,7,,23304,1,,,1,8,,23338,1,,,1,8,,23350,1,,,1,8,,23361,1,,,1,8,,23365,1,,,1,8,,23373,1,,,1,48,,23382,1,,,1,8,,23423,1,,,1,8,,23433,1,,,1,8,,23441,1,,,1,8,,23223,1,,,1
