200,'GLOBAUX-01-A',551,,21824,2,,,1,50,,21838,2,,,1,11,,21847,29,,,1,10,,21851,29,,,1,9,,21872,29,,,1,10,,21881,29,,,1,10,,21890,29,,,1,50,,21905,29,,,1,10,,21919,29,,,1,10,,21927,29,,,1,10,,21933,29,,,1,10,,21941,29,,,1,10,,21952,29,,,1,49,,21960,29,,,1,10,,21811,29,,,1,9,,21825,29,,,1,9,,21839,29,,,1,9,,21848,29,,,1,9,,21852,29,,,1,9,,21860,29,,,1,48,,21873,29,,,1,9,,21882,29,,,1,8,,21891,29,,,1,9,,21898,29,,,1,8,,21906,29,,,1,9,,21913,29,,,1,8,,21920,29,,,1,49,,21934,29,,,1,8,,21942,29,,,1,9,,21953,29,,,1,8,,21961,29,,,1,9,,21812,29,,,1,8,,21826,29,,,1,9,,21840,29,,,1,48,,21849,29,,,1,9,,21853,29,,,1,8,,21861,29,,,1,9,,21874,29,,,1,8,,21883,29,,,1,9,,21892,29,,,1,7,,21899,29,,,1,48,,21907,29,,,1,8,,21914,29,,,1,8,,21921,29,,,1,7,,21935,29,,,1,8,,21943,29,,,1,8,,21954,29,,,1,7,,21962,29,,,1,8,,21813,29,,,1,48,,21819,29,,,1,7,,21827,29,,,1,7,,21841,29,,,1,8,,21850,29,,,1,7,,21854,29,,,1,7,,21862,29,,,1,8,,21866,29,,,1,7,,21875,29,,,1,6,,21884,29,,,1,47,,21893,29,,,1,6,,21900,29,,,1,7,,21908,29,,,1,6,,21915,29,,,1,6,,21922,29,,,1,7,,21928,29,,,1,6,,21936,29,,,1,7,,21944,29,,,1,6,,21947,29,,,1,47,,21955,29,,,1,6,,21963,29,,,1,7,,21814,29,,,1,6,,21820,29,,,1,7,,21828,29,,,1,6,,21833,29,,,1,7,,21842,29,,,1,7,,21855,29,,,1,6,,21863,29,,,1,47,,21867,29,,,1,6,,21876,29,,,1,6,,21885,29,,,1,7,,21894,29,,,1,6,,21901,29,,,1,7,,21909,29,,,1,6,,21916,29,,,1,7,,21923,29,,,1,6,,21929,29,,,1,47,,21937,29,,,1,6,,21945,29,,,1,6,,21948,29,,,1,7,,21956,29,,,1,6,,21964,29,,,1,7,,21815,29,,,1,6,,21821,29,,,1,6,,21829,29,,,1,7,,21834,29,,,1,6,,21843,29,,,1,47,,21856,29,,,1,6,,21864,29,,,1,6,,21868,29,,,1,6,,21877,29,,,1,6,,21886,29,,,1,7,,21895,29,,,1,6,,21902,29,,,1,6,,21910,29,,,1,7,,21917,29,,,1,46,,21924,29,,,1,6,,21930,29,,,1,7,,21938,29,,,1,6,,21946,29,,,1,7,,21949,29,,,1,6,,21957,29,,,1,6,,21965,29,,,1,6,,21816,29,,,1,7,,21822,29,,,1,6,,21830,29,,,1,46,,21835,29,,,1,7,,21844,29,,,1,7,,21857,29,,,1,8,,21865,29,,,1,7,,21869,29,,,1,7,,21878,29,,,1,8,,21887,29,,,1,7,,21896,29,,,1,48,,21903,29,,,1,7,,21911,29,,,1,8,,21918,29,,,1,7,,21925,29,,,1,7,,21931,29,,,1,8,,21939,29,,,1,7,,21950,29,,,1,7,,21958,29,,,1,48,,21817,29,,,1,8,,21823,29,,,1,8,,21831,29,,,1,7,,21836,29,,,1,8,,21845,29,,,1,9,,21858,29,,,1,8,,21870,29,,,1,9,,21879,29,,,1,49,,21888,29,,,1,9,,21897,29,,,1,9,,21904,29,,,1,9,,21912,29,,,1,9,,21926,29,,,1,10,,21932,29,,,1,50,,21940,29,,,1,9,,21951,29,,,1,10,,21959,29,,,1,9,,21818,29,,,1,10,,21832,29,,,1,10,,21837,29,,,1,50,,21846,29,,,1,10,,21859,29,,,1,10,,21871,29,,,1,10,,21880,29,,,1,13,,21889,29,,,1
200,'GLOBAUX-01-F1',551,,21974,2,,,1,50,,21992,2,,,1,10,,22001,29,,,1,10,,22009,29,,,1,9,,22017,29,,,1,9,,22025,29,,,1,10,,22031,29,,,1,9,,22043,29,,,1,49,,22047,29,,,1,9,,22062,29,,,1,10,,22074,29,,,1,9,,22082,29,,,1,9,,22090,29,,,1,10,,22095,29,,,1,49,,21966,29,,,1,9,,21975,29,,,1,9,,21993,29,,,1,10,,22002,29,,,1,9,,22010,29,,,1,9,,22018,29,,,1,10,,22026,29,,,1,49,,22032,29,,,1,9,,22044,29,,,1,9,,22048,29,,,1,9,,22055,29,,,1,9,,22063,29,,,1,8,,22075,29,,,1,49,,22083,29,,,1,9,,22091,29,,,1,8,,22096,29,,,1,9,,21967,29,,,1,8,,21976,29,,,1,9,,21986,29,,,1,8,,21994,29,,,1,49,,22003,29,,,1,9,,22011,29,,,1,8,,22019,29,,,1,9,,22027,29,,,1,8,,22033,29,,,1,9,,22045,29,,,1,9,,22049,29,,,1,48,,22056,29,,,1,9,,22064,29,,,1,9,,22076,29,,,1,8,,22084,29,,,1,9,,22092,29,,,1,9,,22097,29,,,1,8,,21968,29,,,1,48,,21977,29,,,1,8,,21987,29,,,1,8,,21995,29,,,1,8,,22004,29,,,1,8,,22012,29,,,1,8,,22020,29,,,1,8,,22028,29,,,1,8,,22034,29,,,1,48,,22046,29,,,1,8,,22050,29,,,1,8,,22057,29,,,1,8,,22065,29,,,1,8,,22070,29,,,1,7,,22077,29,,,1,7,,22085,29,,,1,7,,22093,29,,,1,46,,22098,29,,,1,7,,22103,29,,,1,7,,21969,29,,,1,7,,21978,29,,,1,7,,21981,29,,,1,7,,21988,29,,,1,7,,21996,29,,,1,6,,22005,29,,,1,7,,22013,29,,,1,47,,22021,29,,,1,7,,22029,29,,,1,7,,22035,29,,,1,7,,22039,29,,,1,7,,22051,29,,,1,7,,22058,29,,,1,6,,22066,29,,,1,7,,22071,29,,,1,47,,22078,29,,,1,7,,22086,29,,,1,7,,22094,29,,,1,7,,22099,29,,,1,6,,22104,29,,,1,7,,21970,29,,,1,7,,21979,29,,,1,7,,21982,29,,,1,7,,21989,29,,,1,47,,21997,29,,,1,7,,22006,29,,,1,7,,22014,29,,,1,8,,22022,29,,,1,7,,22030,29,,,1,7,,22036,29,,,1,7,,22040,29,,,1,8,,22052,29,,,1,47,,22059,29,,,1,7,,22067,29,,,1,7,,22072,29,,,1,8,,22079,29,,,1,7,,22087,29,,,1,8,,22100,29,,,1,8,,22105,29,,,1,8,,21971,29,,,1,47,,21980,29,,,1,8,,21983,29,,,1,8,,21990,29,,,1,8,,21998,29,,,1,8,,22007,29,,,1,8,,22015,29,,,1,7,,22023,29,,,1,8,,22037,29,,,1,48,,22041,29,,,1,8,,22053,29,,,1,8,,22060,29,,,1,8,,22068,29,,,1,8,,22073,29,,,1,8,,22080,29,,,1,9,,22088,29,,,1,48,,22101,29,,,1,9,,22106,29,,,1,8,,21972,29,,,1,9,,21984,29,,,1,8,,21991,29,,,1,9,,21999,29,,,1,9,,22008,29,,,1,50,,22016,29,,,1,10,,22024,29,,,1,10,,22038,29,,,1,10,,22042,29,,,1,10,,22054,29,,,1,10,,22061,29,,,1,50,,22069,29,,,1,10,,22081,29,,,1,10,,22089,29,,,1,10,,22102,29,,,1,10,,22107,29,,,1,10,,21973,29,,,1,50,,21985,29,,,1,12,,22000,29,,,1
200,'GLOBAUX-01-F2',551,,22116,2,,,1,50,,22134,2,,,1,10,,22143,29,,,1,10,,22151,29,,,1,9,,22159,29,,,1,9,,22167,29,,,1,10,,22173,29,,,1,9,,22185,29,,,1,49,,22189,29,,,1,9,,22204,29,,,1,10,,22216,29,,,1,9,,22224,29,,,1,9,,22232,29,,,1,10,,22237,29,,,1,49,,22108,29,,,1,9,,22117,29,,,1,9,,22135,29,,,1,10,,22144,29,,,1,9,,22152,29,,,1,9,,22160,29,,,1,10,,22168,29,,,1,49,,22174,29,,,1,9,,22186,29,,,1,9,,22190,29,,,1,9,,22197,29,,,1,9,,22205,29,,,1,8,,22217,29,,,1,49,,22225,29,,,1,9,,22233,29,,,1,8,,22238,29,,,1,9,,22109,29,,,1,8,,22118,29,,,1,9,,22128,29,,,1,8,,22136,29,,,1,49,,22145,29,,,1,9,,22153,29,,,1,8,,22161,29,,,1,9,,22169,29,,,1,8,,22175,29,,,1,9,,22187,29,,,1,9,,22191,29,,,1,48,,22198,29,,,1,9,,22206,29,,,1,9,,22218,29,,,1,8,,22226,29,,,1,9,,22234,29,,,1,9,,22239,29,,,1,8,,22110,29,,,1,48,,22119,29,,,1,8,,22129,29,,,1,8,,22137,29,,,1,8,,22146,29,,,1,8,,22154,29,,,1,8,,22162,29,,,1,8,,22170,29,,,1,8,,22176,29,,,1,48,,22188,29,,,1,8,,22192,29,,,1,8,,22199,29,,,1,8,,22207,29,,,1,8,,22212,29,,,1,7,,22219,29,,,1,7,,22227,29,,,1,7,,22235,29,,,1,46,,22240,29,,,1,7,,22245,29,,,1,7,,22111,29,,,1,7,,22120,29,,,1,7,,22123,29,,,1,7,,22130,29,,,1,7,,22138,29,,,1,6,,22147,29,,,1,7,,22155,29,,,1,47,,22163,29,,,1,7,,22171,29,,,1,7,,22177,29,,,1,7,,22181,29,,,1,7,,22193,29,,,1,7,,22200,29,,,1,6,,22208,29,,,1,7,,22213,29,,,1,47,,22220,29,,,1,7,,22228,29,,,1,7,,22236,29,,,1,7,,22241,29,,,1,6,,22246,29,,,1,7,,22112,29,,,1,7,,22121,29,,,1,7,,22124,29,,,1,7,,22131,29,,,1,47,,22139,29,,,1,7,,22148,29,,,1,7,,22156,29,,,1,8,,22164,29,,,1,7,,22172,29,,,1,7,,22178,29,,,1,7,,22182,29,,,1,8,,22194,29,,,1,47,,22201,29,,,1,7,,22209,29,,,1,7,,22214,29,,,1,8,,22221,29,,,1,7,,22229,29,,,1,8,,22242,29,,,1,8,,22247,29,,,1,8,,22113,29,,,1,47,,22122,29,,,1,8,,22125,29,,,1,8,,22132,29,,,1,8,,22140,29,,,1,8,,22149,29,,,1,8,,22157,29,,,1,7,,22165,29,,,1,8,,22179,29,,,1,48,,22183,29,,,1,8,,22195,29,,,1,8,,22202,29,,,1,8,,22210,29,,,1,8,,22215,29,,,1,8,,22222,29,,,1,9,,22230,29,,,1,48,,22243,29,,,1,9,,22248,29,,,1,8,,22114,29,,,1,9,,22126,29,,,1,8,,22133,29,,,1,9,,22141,29,,,1,9,,22150,29,,,1,50,,22158,29,,,1,10,,22166,29,,,1,10,,22180,29,,,1,10,,22184,29,,,1,10,,22196,29,,,1,10,,22203,29,,,1,50,,22211,29,,,1,10,,22223,29,,,1,10,,22231,29,,,1,10,,22244,29,,,1,10,,22249,29,,,1,10,,22115,29,,,1,50,,22127,29,,,1,12,,22142,29,,,1
200,'GLOBAUX-01-I',551,,22258,2,,,1,50,,22276,2,,,1,10,,22285,29,,,1,10,,22293,29,,,1,9,,22301,29,,,1,9,,22309,29,,,1,10,,22315,29,,,1,9,,22327,29,,,1,49,,22331,29,,,1,9,,22346,29,,,1,10,,22358,29,,,1,9,,22366,29,,,1,9,,22374,29,,,1,10,,22379,29,,,1,49,,22250,29,,,1,9,,22259,29,,,1,9,,22277,29,,,1,10,,22286,29,,,1,9,,22294,29,,,1,9,,22302,29,,,1,10,,22310,29,,,1,49,,22316,29,,,1,9,,22328,29,,,1,9,,22332,29,,,1,9,,22339,29,,,1,9,,22347,29,,,1,8,,22359,29,,,1,49,,22367,29,,,1,9,,22375,29,,,1,8,,22380,29,,,1,9,,22251,29,,,1,8,,22260,29,,,1,9,,22270,29,,,1,8,,22278,29,,,1,49,,22287,29,,,1,9,,22295,29,,,1,8,,22303,29,,,1,9,,22311,29,,,1,8,,22317,29,,,1,9,,22329,29,,,1,9,,22333,29,,,1,48,,22340,29,,,1,9,,22348,29,,,1,9,,22360,29,,,1,8,,22368,29,,,1,9,,22376,29,,,1,9,,22381,29,,,1,8,,22252,29,,,1,48,,22261,29,,,1,8,,22271,29,,,1,8,,22279,29,,,1,8,,22288,29,,,1,8,,22296,29,,,1,8,,22304,29,,,1,8,,22312,29,,,1,8,,22318,29,,,1,48,,22330,29,,,1,8,,22334,29,,,1,8,,22341,29,,,1,8,,22349,29,,,1,8,,22354,29,,,1,7,,22361,29,,,1,7,,22369,29,,,1,7,,22377,29,,,1,46,,22382,29,,,1,7,,22387,29,,,1,7,,22253,29,,,1,7,,22262,29,,,1,7,,22265,29,,,1,7,,22272,29,,,1,7,,22280,29,,,1,6,,22289,29,,,1,7,,22297,29,,,1,47,,22305,29,,,1,7,,22313,29,,,1,7,,22319,29,,,1,7,,22323,29,,,1,7,,22335,29,,,1,7,,22342,29,,,1,6,,22350,29,,,1,7,,22355,29,,,1,47,,22362,29,,,1,7,,22370,29,,,1,7,,22378,29,,,1,7,,22383,29,,,1,6,,22388,29,,,1,7,,22254,29,,,1,7,,22263,29,,,1,7,,22266,29,,,1,7,,22273,29,,,1,47,,22281,29,,,1,7,,22290,29,,,1,7,,22298,29,,,1,8,,22306,29,,,1,7,,22314,29,,,1,7,,22320,29,,,1,7,,22324,29,,,1,8,,22336,29,,,1,47,,22343,29,,,1,7,,22351,29,,,1,7,,22356,29,,,1,8,,22363,29,,,1,7,,22371,29,,,1,8,,22384,29,,,1,8,,22389,29,,,1,8,,22255,29,,,1,47,,22264,29,,,1,8,,22267,29,,,1,8,,22274,29,,,1,8,,22282,29,,,1,8,,22291,29,,,1,8,,22299,29,,,1,7,,22307,29,,,1,8,,22321,29,,,1,48,,22325,29,,,1,8,,22337,29,,,1,8,,22344,29,,,1,8,,22352,29,,,1,8,,22357,29,,,1,8,,22364,29,,,1,9,,22372,29,,,1,48,,22385,29,,,1,9,,22390,29,,,1,8,,22256,29,,,1,9,,22268,29,,,1,8,,22275,29,,,1,9,,22283,29,,,1,9,,22292,29,,,1,50,,22300,29,,,1,10,,22308,29,,,1,10,,22322,29,,,1,10,,22326,29,,,1,10,,22338,29,,,1,10,,22345,29,,,1,50,,22353,29,,,1,10,,22365,29,,,1,10,,22373,29,,,1,10,,22386,29,,,1,10,,22391,29,,,1,10,,22257,29,,,1,50,,22269,29,,,1,12,,22284,29,,,1
200,'GLOBAUX-01-S',611,,22463,29,,,1,6,,22473,29,,,1,6,,22483,29,,,1,6,,22498,29,,,1,6,,22509,29,,,1,6,,22518,29,,,1,6,,22532,29,,,1,6,,22534,29,,,1,5,,22554,29,,,1,45,,22571,29,,,1,5,,22573,29,,,1,6,,22580,29,,,1,5,,22582,29,,,1,4,,22594,29,,,1,4,,22600,29,,,1,4,,22606,29,,,1,4,,22607,29,,,1,3,,22613,29,,,1,4,,22622,29,,,1,3,,22392,29,,,1,4,,22393,29,,,1,3,,22403,29,,,1,3,,22411,29,,,1,4,,22412,29,,,1,43,,22421,29,,,1,4,,22423,29,,,1,3,,22428,29,,,1,4,,22436,29,,,1,3,,22444,29,,,1,3,,22456,29,,,1,4,,22461,29,,,1,3,,22462,29,,,1,3,,22464,29,,,1,3,,22474,29,,,1,4,,22484,29,,,1,3,,22492,29,,,1,3,,22494,29,,,1,4,,22499,29,,,1,3,,22504,29,,,1,3,,22510,29,,,1,3,,22515,29,,,1,3,,22519,29,,,1,44,,22527,29,,,1,3,,22533,29,,,1,3,,22535,29,,,1,3,,22540,29,,,1,4,,22555,29,,,1,3,,22564,29,,,1,3,,22572,29,,,1,4,,22574,29,,,1,3,,22575,29,,,1,4,,22583,29,,,1,4,,22590,29,,,1,4,,22595,29,,,1,3,,22601,29,,,1,4,,22608,29,,,1,4,,22614,29,,,1,4,,22623,29,,,1,3,,22630,29,,,1,44,,22394,29,,,1,4,,22404,29,,,1,4,,22413,29,,,1,4,,22420,29,,,1,4,,22424,29,,,1,5,,22437,29,,,1,5,,22445,29,,,1,5,,22457,29,,,1,6,,22465,29,,,1,6,,22475,29,,,1,6,,22485,29,,,1,6,,22495,29,,,1,46,,22505,29,,,1,6,,22511,29,,,1,7,,22520,29,,,1,6,,22528,29,,,1,6,,22541,29,,,1,6,,22556,29,,,1,6,,22565,29,,,1,6,,22576,29,,,1,6,,22584,29,,,1,6,,22596,29,,,1,46,,22602,29,,,1,6,,22615,29,,,1,6,,22624,29,,,1,6,,22395,29,,,1,6,,22405,29,,,1,6,,22414,29,,,1,6,,22425,29,,,1,6,,22438,29,,,1,6,,22446,29,,,1,6,,22458,29,,,1,46,,22466,29,,,1,6,,22476,29,,,1,6,,22486,29,,,1,6,,22496,29,,,1,6,,22506,29,,,1,6,,22512,29,,,1,6,,22521,29,,,1,6,,22529,29,,,1,6,,22542,29,,,1,6,,22557,29,,,1,46,,22566,29,,,1,6,,22577,29,,,1,6,,22585,29,,,1,6,,22597,29,,,1,6,,22603,29,,,1,6,,22616,29,,,1,6,,22625,29,,,1,6,,22396,29,,,1,6,,22406,29,,,1,6,,22415,29,,,1,46,,22426,29,,,1,6,,22439,29,,,1,7,,22447,29,,,1,6,,22459,29,,,1,6,,22467,29,,,1,5,,22477,29,,,1,5,,22487,29,,,1,5,,22497,29,,,1,4,,22500,29,,,1,5,,22507,29,,,1,4,,22513,29,,,1,44,,22516,29,,,1,4,,22522,29,,,1,4,,22530,29,,,1,4,,22536,29,,,1,3,,22543,29,,,1,3,,22547,29,,,1,4,,22558,29,,,1,3,,22562,29,,,1,3,,22567,29,,,1,3,,22578,29,,,1,3,,22581,29,,,1,3,,22586,29,,,1,3,,22591,29,,,1,3,,22598,29,,,1,2,,22604,29,,,1,3,,22609,29,,,1,3,,22617,29,,,1,3,,22618,29,,,1,3,,22626,29,,,1,43,,22397,29,,,1,3,,22398,29,,,1,3,,22399,29,,,1,3,,22400,29,,,1,3,,22407,29,,,1,3,,22416,29,,,1,3,,22422,29,,,1,6,,22429,29,,,1,3,,22433,29,,,1,2,,22440,29,,,1,6,,22449,29,,,1,3,,22453,29,,,1,3,,22460,29,,,1,6,,22469,29,,,1,3,,22478,29,,,1,6,,22488,29,,,1,45,,22501,29,,,1,3,,22508,29,,,1,4,,22514,29,,,1,3,,22517,29,,,1,3,,22523,29,,,1,4,,22531,29,,,1,3,,22537,29,,,1,4,,22544,29,,,1,3,,22548,29,,,1,4,,22551,29,,,1,3,,22559,29,,,1,4,,22563,29,,,1,4,,22568,29,,,1,4,,22579,29,,,1,4,,22587,29,,,1,4,,22592,29,,,1,3,,22599,29,,,1,44,,22605,29,,,1,4,,22610,29,,,1,5,,22619,29,,,1,4,,22627,29,,,1,5,,22401,29,,,1,5,,22408,29,,,1,5,,22417,29,,,1,5,,22430,29,,,1,6,,22434,29,,,1,6,,22441,29,,,1,6,,22450,29,,,1,46,,22454,29,,,1,6,,22470,29,,,1,6,,22479,29,,,1,6,,22489,29,,,1,6,,22502,29,,,1,6,,22524,29,,,1,6,,22538,29,,,1,6,,22545,29,,,1,6,,22549,29,,,1,6,,22552,29,,,1,46,,22560,29,,,1,6,,22569,29,,,1,6,,22588,29,,,1,6,,22593,29,,,1,6,,22611,29,,,1,6,,22620,29,,,1,6,,22628,29,,,1,6,,22402,29,,,1,6,,22409,29,,,1,6,,22418,29,,,1,46,,22431,29,,,1,6,,22435,29,,,1,6,,22442,29,,,1,6,,22451,29,,,1,6,,22455,29,,,1,6,,22471,29,,,1,6,,22480,29,,,1,6,,22490,29,,,1,6,,22503,29,,,1,6,,22525,29,,,1,46,,22539,29,,,1,6,,22546,29,,,1,5,,22550,29,,,1,7,,22553,29,,,1,7,,22561,29,,,1,7,,22570,29,,,1,7,,22589,29,,,1,7,,22612,29,,,1,7,,22621,29,,,1,47,,22629,29,,,1,7,,22410,29,,,1,9,,22419,29,,,1,8,,22432,29,,,1,7,,22443,29,,,1,8,,22452,29,,,1,8,,22472,29,,,1,8,,22481,29,,,1,48,,22491,29,,,1,11,,22526,29,,,1
201,'GLOBAUX-01-A',528,,22741,3,,,1,9,,22748,3,,,1,10,,22757,3,,,1,9,,22769,3,,,1,50,,22778,3,,,1,10,,22631,3,,,1,9,,22645,3,,,1,10,,22658,3,,,1,9,,22666,3,,,1,10,,22669,3,,,1,50,,22688,3,,,1,9,,22696,3,,,1,9,,22704,3,,,1,10,,22712,3,,,1,9,,22719,3,,,1,9,,22727,3,,,1,9,,22733,3,,,1,49,,22749,3,,,1,9,,22758,3,,,1,8,,22770,3,,,1,9,,22779,3,,,1,9,,22632,3,,,1,9,,22646,3,,,1,48,,22659,3,,,1,9,,22667,3,,,1,9,,22670,3,,,1,9,,22677,3,,,1,8,,22689,3,,,1,9,,22697,3,,,1,9,,22705,3,,,1,49,,22713,3,,,1,8,,22720,3,,,1,9,,22728,3,,,1,9,,22734,3,,,1,8,,22750,3,,,1,7,,22759,3,,,1,8,,22771,3,,,1,8,,22780,3,,,1,47,,22633,3,,,1,8,,22640,3,,,1,7,,22647,3,,,1,7,,22660,3,,,1,7,,22668,3,,,1,7,,22671,3,,,1,7,,22678,3,,,1,7,,22682,3,,,1,47,,22690,3,,,1,7,,22698,3,,,1,7,,22706,3,,,1,7,,22714,3,,,1,6,,22721,3,,,1,7,,22729,3,,,1,6,,22735,3,,,1,7,,22742,3,,,1,6,,22751,3,,,1,47,,22760,3,,,1,6,,22763,3,,,1,6,,22772,3,,,1,7,,22781,3,,,1,6,,22634,3,,,1,7,,22641,3,,,1,6,,22648,3,,,1,6,,22653,3,,,1,7,,22661,3,,,1,46,,22672,3,,,1,7,,22679,3,,,1,6,,22683,3,,,1,7,,22691,3,,,1,6,,22699,3,,,1,6,,22707,3,,,1,7,,22715,3,,,1,6,,22722,3,,,1,7,,22730,3,,,1,6,,22736,3,,,1,46,,22743,3,,,1,7,,22752,3,,,1,6,,22761,3,,,1,7,,22764,3,,,1,6,,22773,3,,,1,7,,22782,3,,,1,6,,22635,3,,,1,6,,22642,3,,,1,7,,22649,3,,,1,46,,22654,3,,,1,7,,22662,3,,,1,6,,22673,3,,,1,6,,22680,3,,,1,7,,22684,3,,,1,6,,22692,3,,,1,7,,22700,3,,,1,6,,22708,3,,,1,7,,22716,3,,,1,46,,22723,3,,,1,6,,22731,3,,,1,7,,22737,3,,,1,6,,22744,3,,,1,7,,22753,3,,,1,6,,22762,3,,,1,6,,22765,3,,,1,7,,22774,3,,,1,6,,22783,3,,,1,7,,22636,3,,,1,46,,22643,3,,,1,7,,22650,3,,,1,6,,22655,3,,,1,6,,22663,3,,,1,7,,22674,3,,,1,7,,22681,3,,,1,7,,22685,3,,,1,7,,22693,3,,,1,7,,22701,3,,,1,47,,22709,3,,,1,8,,22717,3,,,1,7,,22724,3,,,1,7,,22732,3,,,1,8,,22738,3,,,1,7,,22745,3,,,1,8,,22754,3,,,1,7,,22766,3,,,1,48,,22775,3,,,1,8,,22637,3,,,1,8,,22644,3,,,1,7,,22651,3,,,1,8,,22656,3,,,1,8,,22664,3,,,1,8,,22675,3,,,1,48,,22686,3,,,1,8,,22694,3,,,1,8,,22702,3,,,1,9,,22710,3,,,1,8,,22718,3,,,1,10,,22725,3,,,1,9,,22739,3,,,1,50,,22746,3,,,1,9,,22755,3,,,1,10,,22767,3,,,1,9,,22776,3,,,1,10,,22638,3,,,1,9,,22652,3,,,1,10,,22657,3,,,1,49,,22665,3,,,1,10,,22676,3,,,1,10,,22687,3,,,1,9,,22695,3,,,1,10,,22703,3,,,1,10,,22711,3,,,1,50,,22726,3,,,1,10,,22740,3,,,1,10,,22747,3,,,1,10,,22756,3,,,1,10,,22768,3,,,1,10,,22777,3,,,1,50,,22639,3,,,1
201,'GLOBAUX-01-F1',528,,22877,3,,,1,9,,22890,3,,,1,9,,22898,3,,,1,10,,22906,3,,,1,49,,22911,3,,,1,9,,22784,3,,,1,10,,22792,3,,,1,9,,22809,3,,,1,9,,22817,3,,,1,10,,22825,3,,,1,49,,22833,3,,,1,9,,22841,3,,,1,10,,22846,3,,,1,9,,22859,3,,,1,9,,22862,3,,,1,10,,22878,3,,,1,9,,22891,3,,,1,49,,22899,3,,,1,10,,22907,3,,,1,9,,22912,3,,,1,9,,22785,3,,,1,9,,22793,3,,,1,9,,22803,3,,,1,49,,22810,3,,,1,8,,22818,3,,,1,9,,22826,3,,,1,9,,22834,3,,,1,8,,22842,3,,,1,9,,22847,3,,,1,9,,22860,3,,,1,48,,22863,3,,,1,9,,22870,3,,,1,8,,22879,3,,,1,9,,22892,3,,,1,8,,22900,3,,,1,9,,22908,3,,,1,9,,22913,3,,,1,48,,22786,3,,,1,9,,22794,3,,,1,8,,22804,3,,,1,9,,22811,3,,,1,9,,22819,3,,,1,8,,22827,3,,,1,9,,22835,3,,,1,48,,22843,3,,,1,8,,22848,3,,,1,8,,22861,3,,,1,8,,22864,3,,,1,7,,22871,3,,,1,8,,22880,3,,,1,7,,22886,3,,,1,7,,22893,3,,,1,47,,22901,3,,,1,7,,22909,3,,,1,7,,22914,3,,,1,6,,22919,3,,,1,7,,22787,3,,,1,7,,22795,3,,,1,7,,22798,3,,,1,7,,22805,3,,,1,7,,22812,3,,,1,46,,22820,3,,,1,7,,22828,3,,,1,7,,22836,3,,,1,7,,22844,3,,,1,7,,22849,3,,,1,7,,22854,3,,,1,6,,22865,3,,,1,7,,22872,3,,,1,7,,22881,3,,,1,47,,22887,3,,,1,7,,22894,3,,,1,7,,22902,3,,,1,6,,22910,3,,,1,7,,22915,3,,,1,7,,22920,3,,,1,7,,22788,3,,,1,7,,22796,3,,,1,7,,22799,3,,,1,47,,22806,3,,,1,7,,22813,3,,,1,7,,22821,3,,,1,8,,22829,3,,,1,7,,22837,3,,,1,7,,22845,3,,,1,8,,22850,3,,,1,7,,22855,3,,,1,47,,22866,3,,,1,8,,22873,3,,,1,7,,22882,3,,,1,7,,22888,3,,,1,8,,22895,3,,,1,7,,22903,3,,,1,8,,22916,3,,,1,8,,22921,3,,,1,47,,22789,3,,,1,8,,22797,3,,,1,8,,22800,3,,,1,8,,22807,3,,,1,8,,22814,3,,,1,8,,22822,3,,,1,7,,22830,3,,,1,8,,22838,3,,,1,48,,22851,3,,,1,8,,22856,3,,,1,8,,22867,3,,,1,8,,22874,3,,,1,7,,22883,3,,,1,8,,22889,3,,,1,8,,22896,3,,,1,49,,22904,3,,,1,8,,22917,3,,,1,9,,22922,3,,,1,8,,22790,3,,,1,9,,22801,3,,,1,8,,22808,3,,,1,9,,22815,3,,,1,49,,22823,3,,,1,8,,22831,3,,,1,9,,22839,3,,,1,9,,22852,3,,,1,9,,22857,3,,,1,9,,22868,3,,,1,10,,22875,3,,,1,50,,22884,3,,,1,10,,22897,3,,,1,10,,22905,3,,,1,10,,22918,3,,,1,10,,22923,3,,,1,10,,22791,3,,,1,50,,22802,3,,,1,10,,22816,3,,,1,10,,22824,3,,,1,10,,22832,3,,,1,10,,22840,3,,,1,10,,22853,3,,,1,50,,22858,3,,,1,10,,22869,3,,,1,10,,22876,3,,,1,10,,22885,3,,,1
201,'GLOBAUX-01-F2',528,,23017,3,,,1,9,,23030,3,,,1,9,,23038,3,,,1,10,,23046,3,,,1,49,,23051,3,,,1,9,,22924,3,,,1,10,,22932,3,,,1,9,,22949,3,,,1,9,,22957,3,,,1,10,,22965,3,,,1,49,,22973,3,,,1,9,,22981,3,,,1,10,,22986,3,,,1,9,,22999,3,,,1,9,,23002,3,,,1,10,,23018,3,,,1,9,,23031,3,,,1,49,,23039,3,,,1,10,,23047,3,,,1,9,,23052,3,,,1,9,,22925,3,,,1,9,,22933,3,,,1,9,,22943,3,,,1,49,,22950,3,,,1,8,,22958,3,,,1,9,,22966,3,,,1,9,,22974,3,,,1,8,,22982,3,,,1,9,,22987,3,,,1,9,,23000,3,,,1,48,,23003,3,,,1,9,,23010,3,,,1,8,,23019,3,,,1,9,,23032,3,,,1,8,,23040,3,,,1,9,,23048,3,,,1,9,,23053,3,,,1,48,,22926,3,,,1,9,,22934,3,,,1,8,,22944,3,,,1,9,,22951,3,,,1,9,,22959,3,,,1,8,,22967,3,,,1,9,,22975,3,,,1,48,,22983,3,,,1,8,,22988,3,,,1,8,,23001,3,,,1,8,,23004,3,,,1,7,,23011,3,,,1,8,,23020,3,,,1,7,,23026,3,,,1,7,,23033,3,,,1,47,,23041,3,,,1,7,,23049,3,,,1,7,,23054,3,,,1,6,,23059,3,,,1,7,,22927,3,,,1,7,,22935,3,,,1,7,,22938,3,,,1,7,,22945,3,,,1,7,,22952,3,,,1,46,,22960,3,,,1,7,,22968,3,,,1,7,,22976,3,,,1,7,,22984,3,,,1,7,,22989,3,,,1,7,,22994,3,,,1,6,,23005,3,,,1,7,,23012,3,,,1,7,,23021,3,,,1,47,,23027,3,,,1,7,,23034,3,,,1,7,,23042,3,,,1,6,,23050,3,,,1,7,,23055,3,,,1,7,,23060,3,,,1,7,,22928,3,,,1,7,,22936,3,,,1,7,,22939,3,,,1,47,,22946,3,,,1,7,,22953,3,,,1,7,,22961,3,,,1,8,,22969,3,,,1,7,,22977,3,,,1,7,,22985,3,,,1,8,,22990,3,,,1,7,,22995,3,,,1,47,,23006,3,,,1,8,,23013,3,,,1,7,,23022,3,,,1,7,,23028,3,,,1,8,,23035,3,,,1,7,,23043,3,,,1,8,,23056,3,,,1,8,,23061,3,,,1,47,,22929,3,,,1,8,,22937,3,,,1,8,,22940,3,,,1,8,,22947,3,,,1,8,,22954,3,,,1,8,,22962,3,,,1,7,,22970,3,,,1,8,,22978,3,,,1,48,,22991,3,,,1,8,,22996,3,,,1,8,,23007,3,,,1,8,,23014,3,,,1,7,,23023,3,,,1,8,,23029,3,,,1,8,,23036,3,,,1,49,,23044,3,,,1,8,,23057,3,,,1,9,,23062,3,,,1,8,,22930,3,,,1,9,,22941,3,,,1,8,,22948,3,,,1,9,,22955,3,,,1,49,,22963,3,,,1,8,,22971,3,,,1,9,,22979,3,,,1,9,,22992,3,,,1,9,,22997,3,,,1,9,,23008,3,,,1,10,,23015,3,,,1,50,,23024,3,,,1,10,,23037,3,,,1,10,,23045,3,,,1,10,,23058,3,,,1,10,,23063,3,,,1,10,,22931,3,,,1,50,,22942,3,,,1,10,,22956,3,,,1,10,,22964,3,,,1,10,,22972,3,,,1,10,,22980,3,,,1,10,,22993,3,,,1,50,,22998,3,,,1,10,,23009,3,,,1,10,,23016,3,,,1,10,,23025,3,,,1
201,'GLOBAUX-01-I',528,,23157,3,,,1,9,,23170,3,,,1,9,,23178,3,,,1,10,,23186,3,,,1,49,,23191,3,,,1,9,,23064,3,,,1,10,,23072,3,,,1,9,,23089,3,,,1,9,,23097,3,,,1,10,,23105,3,,,1,49,,23113,3,,,1,9,,23121,3,,,1,10,,23126,3,,,1,9,,23139,3,,,1,9,,23142,3,,,1,10,,23158,3,,,1,9,,23171,3,,,1,49,,23179,3,,,1,10,,23187,3,,,1,9,,23192,3,,,1,9,,23065,3,,,1,9,,23073,3,,,1,9,,23083,3,,,1,49,,23090,3,,,1,8,,23098,3,,,1,9,,23106,3,,,1,9,,23114,3,,,1,8,,23122,3,,,1,9,,23127,3,,,1,9,,23140,3,,,1,48,,23143,3,,,1,9,,23150,3,,,1,8,,23159,3,,,1,9,,23172,3,,,1,8,,23180,3,,,1,9,,23188,3,,,1,9,,23193,3,,,1,48,,23066,3,,,1,9,,23074,3,,,1,8,,23084,3,,,1,9,,23091,3,,,1,9,,23099,3,,,1,8,,23107,3,,,1,9,,23115,3,,,1,48,,23123,3,,,1,8,,23128,3,,,1,8,,23141,3,,,1,8,,23144,3,,,1,7,,23151,3,,,1,8,,23160,3,,,1,7,,23166,3,,,1,7,,23173,3,,,1,47,,23181,3,,,1,7,,23189,3,,,1,7,,23194,3,,,1,6,,23199,3,,,1,7,,23067,3,,,1,7,,23075,3,,,1,7,,23078,3,,,1,7,,23085,3,,,1,7,,23092,3,,,1,46,,23100,3,,,1,7,,23108,3,,,1,7,,23116,3,,,1,7,,23124,3,,,1,7,,23129,3,,,1,7,,23134,3,,,1,6,,23145,3,,,1,7,,23152,3,,,1,7,,23161,3,,,1,47,,23167,3,,,1,7,,23174,3,,,1,7,,23182,3,,,1,6,,23190,3,,,1,7,,23195,3,,,1,7,,23200,3,,,1,7,,23068,3,,,1,7,,23076,3,,,1,7,,23079,3,,,1,47,,23086,3,,,1,7,,23093,3,,,1,7,,23101,3,,,1,8,,23109,3,,,1,7,,23117,3,,,1,7,,23125,3,,,1,8,,23130,3,,,1,7,,23135,3,,,1,47,,23146,3,,,1,8,,23153,3,,,1,7,,23162,3,,,1,7,,23168,3,,,1,8,,23175,3,,,1,7,,23183,3,,,1,8,,23196,3,,,1,8,,23201,3,,,1,47,,23069,3,,,1,8,,23077,3,,,1,8,,23080,3,,,1,8,,23087,3,,,1,8,,23094,3,,,1,8,,23102,3,,,1,7,,23110,3,,,1,8,,23118,3,,,1,48,,23131,3,,,1,8,,23136,3,,,1,8,,23147,3,,,1,8,,23154,3,,,1,7,,23163,3,,,1,8,,23169,3,,,1,8,,23176,3,,,1,49,,23184,3,,,1,8,,23197,3,,,1,9,,23202,3,,,1,8,,23070,3,,,1,9,,23081,3,,,1,8,,23088,3,,,1,9,,23095,3,,,1,49,,23103,3,,,1,8,,23111,3,,,1,9,,23119,3,,,1,9,,23132,3,,,1,9,,23137,3,,,1,9,,23148,3,,,1,10,,23155,3,,,1,50,,23164,3,,,1,10,,23177,3,,,1,10,,23185,3,,,1,10,,23198,3,,,1,10,,23203,3,,,1,10,,23071,3,,,1,50,,23082,3,,,1,10,,23096,3,,,1,10,,23104,3,,,1,10,,23112,3,,,1,10,,23120,3,,,1,10,,23133,3,,,1,50,,23138,3,,,1,10,,23149,3,,,1,10,,23156,3,,,1,10,,23165,3,,,1
201,'GLOBAUX-01-S',528,,23391,3,,,1,6,,23405,3,,,1,6,,23411,3,,,1,6,,23418,3,,,1,6,,23424,3,,,1,6,,23204,3,,,1,46,,23206,3,,,1,6,,23224,3,,,1,6,,23226,3,,,1,5,,23238,3,,,1,5,,23243,3,,,1,5,,23251,3,,,1,5,,23276,3,,,1,4,,23277,3,,,1,4,,23279,3,,,1,4,,23288,3,,,1,4,,23297,3,,,1,3,,23305,3,,,1,4,,23308,3,,,1,43,,23313,3,,,1,4,,23322,3,,,1,3,,23327,3,,,1,3,,23331,3,,,1,3,,23339,3,,,1,3,,23344,3,,,1,3,,23346,3,,,1,3,,23351,3,,,1,3,,23366,3,,,1,6,,23383,3,,,1,2,,23384,3,,,1,6,,23390,3,,,1,3,,23392,3,,,1,3,,23394,3,,,1,6,,23406,3,,,1,3,,23412,3,,,1,3,,23417,3,,,1,43,,23419,3,,,1,3,,23425,3,,,1,3,,23434,3,,,1,5,,23205,3,,,1,3,,23207,3,,,1,3,,23216,3,,,1,3,,23225,3,,,1,3,,23227,3,,,1,6,,23235,3,,,1,3,,23239,3,,,1,3,,23244,3,,,1,3,,23252,3,,,1,2,,23259,3,,,1,4,,23260,3,,,1,3,,23271,3,,,1,3,,23278,3,,,1,3,,23280,3,,,1,4,,23289,3,,,1,43,,23298,3,,,1,3,,23306,3,,,1,4,,23309,3,,,1,4,,23314,3,,,1,3,,23318,3,,,1,4,,23323,3,,,1,4,,23328,3,,,1,4,,23332,3,,,1,3,,23340,3,,,1,5,,23345,3,,,1,5,,23352,3,,,1,5,,23367,3,,,1,5,,23376,3,,,1,5,,23386,3,,,1,45,,23395,3,,,1,6,,23407,3,,,1,6,,23413,3,,,1,6,,23426,3,,,1,6,,23435,3,,,1,6,,23208,3,,,1,6,,23217,3,,,1,6,,23228,3,,,1,6,,23240,3,,,1,6,,23253,3,,,1,46,,23261,3,,,1,6,,23272,3,,,1,6,,23281,3,,,1,6,,23290,3,,,1,6,,23299,3,,,1,6,,23310,3,,,1,6,,23319,3,,,1,6,,23324,3,,,1,6,,23333,3,,,1,6,,23341,3,,,1,46,,23353,3,,,1,6,,23368,3,,,1,6,,23377,3,,,1,6,,23387,3,,,1,6,,23396,3,,,1,6,,23408,3,,,1,6,,23414,3,,,1,6,,23427,3,,,1,6,,23436,3,,,1,6,,23209,3,,,1,46,,23218,3,,,1,6,,23229,3,,,1,6,,23241,3,,,1,6,,23254,3,,,1,6,,23262,3,,,1,6,,23273,3,,,1,6,,23282,3,,,1,6,,23291,3,,,1,6,,23300,3,,,1,6,,23311,3,,,1,46,,23320,3,,,1,6,,23325,3,,,1,6,,23334,3,,,1,6,,23342,3,,,1,6,,23354,3,,,1,6,,23369,3,,,1,6,,23378,3,,,1,6,,23388,3,,,1,6,,23397,3,,,1,6,,23409,3,,,1,45,,23415,3,,,1,5,,23428,3,,,1,5,,23437,3,,,1,5,,23210,3,,,1,5,,23212,3,,,1,5,,23219,3,,,1,4,,23230,3,,,1,4,,23236,3,,,1,3,,23242,3,,,1,4,,23248,3,,,1,3,,23255,3,,,1,3,,23263,3,,,1,4,,23267,3,,,1,3,,23274,3,,,1,3,,23283,3,,,1,3,,23284,3,,,1,44,,23292,3,,,1,3,,23296,3,,,1,3,,23301,3,,,1,3,,23307,3,,,1,4,,23312,3,,,1,3,,23315,3,,,1,3,,23321,3,,,1,3,,23326,3,,,1,3,,23329,3,,,1,4,,23335,3,,,1,3,,23343,3,,,1,3,,23347,3,,,1,3,,23355,3,,,1,3,,23358,3,,,1,4,,23362,3,,,1,3,,23370,3,,,1,3,,23374,3,,,1,3,,23379,3,,,1,43,,23389,3,,,1,3,,23393,3,,,1,4,,23398,3,,,1,3,,23402,3,,,1,3,,23410,3,,,1,3,,23416,3,,,1,3,,23420,3,,,1,4,,23429,3,,,1,3,,23430,3,,,1,3,,23438,3,,,1,4,,23211,3,,,1,4,,23213,3,,,1,4,,23220,3,,,1,4,,23231,3,,,1,3,,23237,3,,,1,4,,23245,3,,,1,4,,23249,3,,,1,45,,23256,3,,,1,4,,23264,3,,,1,5,,23268,3,,,1,5,,23275,3,,,1,4,,23285,3,,,1,5,,23293,3,,,1,5,,23302,3,,,1,5,,23316,3,,,1,5,,23330,3,,,1,5,,23336,3,,,1,5,,23348,3,,,1,5,,23356,3,,,1,5,,23359,3,,,1,45,,23363,3,,,1,6,,23371,3,,,1,6,,23380,3,,,1,6,,23399,3,,,1,6,,23403,3,,,1,6,,23421,3,,,1,6,,23431,3,,,1,6,,23439,3,,,1,6,,23214,3,,,1,6,,23221,3,,,1,46,,23232,3,,,1,6,,23246,3,,,1,6,,23250,3,,,1,6,,23257,3,,,1,6,,23265,3,,,1,6,,23269,3,,,1,6,,23286,3,,,1,6,,23294,3,,,1,6,,23303,3,,,1,6,,23317,3,,,1,46,,23337,3,,,1,6,,23349,3,,,1,6,,23357,3,,,1,6,,23360,3,,,1,6,,23364,3,,,1,6,,23372,3,,,1,6,,23381,3,,,1,6,,23400,3,,,1,6,,23404,3,,,1,6,,23422,3,,,1,46,,23432,3,,,1,6,,23440,3,,,1,6,,23215,3,,,1,6,,23222,3,,,1,6,,23233,3,,,1,7,,23247,3,,,1,7,,23258,3,,,1,7,,23266,3,,,1,7,,23270,3,,,1,47,,23287,3,,,1,7,,23295,3,,,1,7,,23304,3,,,1,8,,23338,3,,,1,8,,23350,3,,,1,8,,23361,3,,,1,8,,23365,3,,,1,8,,23373,3,,,1,48,,23382,3,,,1,8,,23423,3,,,1,8,,23433,3,,,1,8,,23441,3,,,1,8,,23223,3,,,1
