200,'GLOBAUX-01-A',608,,21847,27,,,1,10,,21851,27,,,1,10,,21872,27,,,1,9,,21881,27,,,1,10,,21890,27,,,1,10,,21905,27,,,1,50,,21919,27,,,1,10,,21927,27,,,1,10,,21933,27,,,1,10,,21941,27,,,1,10,,21952,27,,,1,9,,21960,27,,,1,50,,21811,27,,,1,9,,21825,27,,,1,9,,21839,27,,,1,9,,21848,27,,,1,9,,21852,27,,,1,9,,21860,27,,,1,8,,21873,27,,,1,49,,21882,27,,,1,9,,21891,27,,,1,8,,21898,27,,,1,9,,21906,27,,,1,8,,21913,27,,,1,9,,21920,27,,,1,8,,21934,27,,,1,48,,21942,27,,,1,9,,21953,27,,,1,8,,21961,27,,,1,9,,21812,27,,,1,8,,21826,27,,,1,9,,21840,27,,,1,8,,21849,27,,,1,49,,21853,27,,,1,8,,21861,27,,,1,9,,21874,27,,,1,8,,21883,27,,,1,9,,21892,27,,,1,7,,21899,27,,,1,8,,21907,27,,,1,48,,21914,27,,,1,8,,21921,27,,,1,7,,21935,27,,,1,8,,21943,27,,,1,8,,21954,27,,,1,7,,21962,27,,,1,8,,21813,27,,,1,8,,21819,27,,,1,47,,21827,27,,,1,7,,21841,27,,,1,8,,21850,27,,,1,7,,21854,27,,,1,7,,21862,27,,,1,8,,21866,27,,,1,7,,21875,27,,,1,6,,21884,27,,,1,47,,21893,27,,,1,6,,21900,27,,,1,7,,21908,27,,,1,6,,21915,27,,,1,6,,21922,27,,,1,7,,21928,27,,,1,6,,21936,27,,,1,7,,21944,27,,,1,6,,21947,27,,,1,47,,21955,27,,,1,6,,21963,27,,,1,7,,21814,27,,,1,6,,21820,27,,,1,7,,21828,27,,,1,6,,21833,27,,,1,7,,21842,27,,,1,7,,21855,27,,,1,6,,21863,27,,,1,6,,21867,27,,,1,47,,21876,27,,,1,6,,21885,27,,,1,7,,21894,27,,,1,6,,21901,27,,,1,7,,21909,27,,,1,6,,21916,27,,,1,7,,21923,27,,,1,6,,21929,27,,,1,7,,21937,27,,,1,46,,21945,27,,,1,6,,21948,27,,,1,7,,21956,27,,,1,6,,21964,27,,,1,7,,21815,27,,,1,6,,21821,27,,,1,6,,21829,27,,,1,7,,21834,27,,,1,6,,21843,27,,,1,47,,21856,27,,,1,6,,21864,27,,,1,6,,21868,27,,,1,6,,21877,27,,,1,7,,21886,27,,,1,6,,21895,27,,,1,6,,21902,27,,,1,7,,21910,27,,,1,6,,21917,27,,,1,6,,21924,27,,,1,47,,21930,27,,,1,6,,21938,27,,,1,6,,21946,27,,,1,7,,21949,27,,,1,6,,21957,27,,,1,6,,21965,27,,,1,6,,21816,27,,,1,7,,21822,27,,,1,6,,21830,27,,,1,47,,21835,27,,,1,6,,21844,27,,,1,7,,21857,27,,,1,8,,21865,27,,,1,7,,21869,27,,,1,8,,21878,27,,,1,7,,21887,27,,,1,7,,21896,27,,,1,8,,21903,27,,,1,47,,21911,27,,,1,8,,21918,27,,,1,7,,21925,27,,,1,7,,21931,27,,,1,8,,21939,27,,,1,7,,21950,27,,,1,8,,21958,27,,,1,7,,21817,27,,,1,48,,21823,27,,,1,8,,21831,27,,,1,7,,21836,27,,,1,8,,21845,27,,,1,9,,21858,27,,,1,9,,21870,27,,,1,8,,21879,27,,,1,49,,21888,27,,,1,9,,21897,27,,,1,9,,21904,27,,,1,9,,21912,27,,,1,10,,21926,27,,,1,9,,21932,27,,,1,50,,21940,27,,,1,9,,21951,27,,,1,10,,21959,27,,,1,9,,21818,27,,,1,10,,21832,27,,,1,10,,21837,27,,,1,10,,21846,27,,,1,50,,21859,27,,,1,10,,21871,27,,,1,10,,21880,27,,,1,13,,21889,27,,,1
200,'GLOBAUX-01-F1',608,,22001,27,,,1,9,,22009,27,,,1,9,,22017,27,,,1,10,,22025,27,,,1,9,,22031,27,,,1,9,,22043,27,,,1,49,,22047,27,,,1,10,,22062,27,,,1,9,,22074,27,,,1,9,,22082,27,,,1,10,,22090,27,,,1,9,,22095,27,,,1,9,,21966,27,,,1,49,,21975,27,,,1,10,,21993,27,,,1,9,,22002,27,,,1,9,,22010,27,,,1,10,,22018,27,,,1,9,,22026,27,,,1,49,,22032,27,,,1,9,,22044,27,,,1,9,,22048,27,,,1,9,,22055,27,,,1,9,,22063,27,,,1,8,,22075,27,,,1,9,,22083,27,,,1,49,,22091,27,,,1,8,,22096,27,,,1,9,,21967,27,,,1,8,,21976,27,,,1,9,,21986,27,,,1,8,,21994,27,,,1,9,,22003,27,,,1,49,,22011,27,,,1,8,,22019,27,,,1,9,,22027,27,,,1,8,,22033,27,,,1,9,,22045,27,,,1,9,,22049,27,,,1,8,,22056,27,,,1,49,,22064,27,,,1,9,,22076,27,,,1,8,,22084,27,,,1,9,,22092,27,,,1,9,,22097,27,,,1,8,,21968,27,,,1,8,,21977,27,,,1,48,,21987,27,,,1,8,,21995,27,,,1,8,,22004,27,,,1,8,,22012,27,,,1,8,,22020,27,,,1,8,,22028,27,,,1,8,,22034,27,,,1,48,,22046,27,,,1,8,,22050,27,,,1,8,,22057,27,,,1,8,,22065,27,,,1,8,,22070,27,,,1,7,,22077,27,,,1,7,,22085,27,,,1,7,,22093,27,,,1,46,,22098,27,,,1,7,,22103,27,,,1,7,,21969,27,,,1,7,,21978,27,,,1,7,,21981,27,,,1,7,,21988,27,,,1,7,,21996,27,,,1,6,,22005,27,,,1,7,,22013,27,,,1,47,,22021,27,,,1,7,,22029,27,,,1,7,,22035,27,,,1,7,,22039,27,,,1,7,,22051,27,,,1,7,,22058,27,,,1,6,,22066,27,,,1,7,,22071,27,,,1,7,,22078,27,,,1,47,,22086,27,,,1,7,,22094,27,,,1,7,,22099,27,,,1,6,,22104,27,,,1,7,,21970,27,,,1,7,,21979,27,,,1,7,,21982,27,,,1,7,,21989,27,,,1,7,,21997,27,,,1,47,,22006,27,,,1,7,,22014,27,,,1,8,,22022,27,,,1,7,,22030,27,,,1,7,,22036,27,,,1,7,,22040,27,,,1,8,,22052,27,,,1,7,,22059,27,,,1,47,,22067,27,,,1,7,,22072,27,,,1,8,,22079,27,,,1,7,,22087,27,,,1,8,,22100,27,,,1,8,,22105,27,,,1,8,,21971,27,,,1,8,,21980,27,,,1,47,,21983,27,,,1,8,,21990,27,,,1,8,,21998,27,,,1,8,,22007,27,,,1,8,,22015,27,,,1,7,,22023,27,,,1,8,,22037,27,,,1,48,,22041,27,,,1,8,,22053,27,,,1,8,,22060,27,,,1,8,,22068,27,,,1,8,,22073,27,,,1,8,,22080,27,,,1,9,,22088,27,,,1,8,,22101,27,,,1,49,,22106,27,,,1,8,,21972,27,,,1,9,,21984,27,,,1,9,,21991,27,,,1,8,,21999,27,,,1,9,,22008,27,,,1,10,,22016,27,,,1,50,,22024,27,,,1,10,,22038,27,,,1,10,,22042,27,,,1,10,,22054,27,,,1,10,,22061,27,,,1,10,,22069,27,,,1,50,,22081,27,,,1,10,,22089,27,,,1,10,,22102,27,,,1,10,,22107,27,,,1,10,,21973,27,,,1,10,,21985,27,,,1,52,,22000,27,,,1
200,'GLOBAUX-01-F2',608,,22143,27,,,1,9,,22151,27,,,1,9,,22159,27,,,1,10,,22167,27,,,1,9,,22173,27,,,1,9,,22185,27,,,1,49,,22189,27,,,1,10,,22204,27,,,1,9,,22216,27,,,1,9,,22224,27,,,1,10,,22232,27,,,1,9,,22237,27,,,1,9,,22108,27,,,1,49,,22117,27,,,1,10,,22135,27,,,1,9,,22144,27,,,1,9,,22152,27,,,1,10,,22160,27,,,1,9,,22168,27,,,1,49,,22174,27,,,1,9,,22186,27,,,1,9,,22190,27,,,1,9,,22197,27,,,1,9,,22205,27,,,1,8,,22217,27,,,1,9,,22225,27,,,1,49,,22233,27,,,1,8,,22238,27,,,1,9,,22109,27,,,1,8,,22118,27,,,1,9,,22128,27,,,1,8,,22136,27,,,1,9,,22145,27,,,1,49,,22153,27,,,1,8,,22161,27,,,1,9,,22169,27,,,1,8,,22175,27,,,1,9,,22187,27,,,1,9,,22191,27,,,1,8,,22198,27,,,1,49,,22206,27,,,1,9,,22218,27,,,1,8,,22226,27,,,1,9,,22234,27,,,1,9,,22239,27,,,1,8,,22110,27,,,1,8,,22119,27,,,1,48,,22129,27,,,1,8,,22137,27,,,1,8,,22146,27,,,1,8,,22154,27,,,1,8,,22162,27,,,1,8,,22170,27,,,1,8,,22176,27,,,1,48,,22188,27,,,1,8,,22192,27,,,1,8,,22199,27,,,1,8,,22207,27,,,1,8,,22212,27,,,1,7,,22219,27,,,1,7,,22227,27,,,1,7,,22235,27,,,1,46,,22240,27,,,1,7,,22245,27,,,1,7,,22111,27,,,1,7,,22120,27,,,1,7,,22123,27,,,1,7,,22130,27,,,1,7,,22138,27,,,1,6,,22147,27,,,1,7,,22155,27,,,1,47,,22163,27,,,1,7,,22171,27,,,1,7,,22177,27,,,1,7,,22181,27,,,1,7,,22193,27,,,1,7,,22200,27,,,1,6,,22208,27,,,1,7,,22213,27,,,1,7,,22220,27,,,1,47,,22228,27,,,1,7,,22236,27,,,1,7,,22241,27,,,1,6,,22246,27,,,1,7,,22112,27,,,1,7,,22121,27,,,1,7,,22124,27,,,1,7,,22131,27,,,1,7,,22139,27,,,1,47,,22148,27,,,1,7,,22156,27,,,1,8,,22164,27,,,1,7,,22172,27,,,1,7,,22178,27,,,1,7,,22182,27,,,1,8,,22194,27,,,1,7,,22201,27,,,1,47,,22209,27,,,1,7,,22214,27,,,1,8,,22221,27,,,1,7,,22229,27,,,1,8,,22242,27,,,1,8,,22247,27,,,1,8,,22113,27,,,1,8,,22122,27,,,1,47,,22125,27,,,1,8,,22132,27,,,1,8,,22140,27,,,1,8,,22149,27,,,1,8,,22157,27,,,1,7,,22165,27,,,1,8,,22179,27,,,1,48,,22183,27,,,1,8,,22195,27,,,1,8,,22202,27,,,1,8,,22210,27,,,1,8,,22215,27,,,1,8,,22222,27,,,1,9,,22230,27,,,1,8,,22243,27,,,1,49,,22248,27,,,1,8,,22114,27,,,1,9,,22126,27,,,1,9,,22133,27,,,1,8,,22141,27,,,1,9,,22150,27,,,1,10,,22158,27,,,1,50,,22166,27,,,1,10,,22180,27,,,1,10,,22184,27,,,1,10,,22196,27,,,1,10,,22203,27,,,1,10,,22211,27,,,1,50,,22223,27,,,1,10,,22231,27,,,1,10,,22244,27,,,1,10,,22249,27,,,1,10,,22115,27,,,1,10,,22127,27,,,1,52,,22142,27,,,1
200,'GLOBAUX-01-I',608,,22285,27,,,1,9,,22293,27,,,1,9,,22301,27,,,1,10,,22309,27,,,1,9,,22315,27,,,1,9,,22327,27,,,1,49,,22331,27,,,1,10,,22346,27,,,1,9,,22358,27,,,1,9,,22366,27,,,1,10,,22374,27,,,1,9,,22379,27,,,1,9,,22250,27,,,1,49,,22259,27,,,1,10,,22277,27,,,1,9,,22286,27,,,1,9,,22294,27,,,1,10,,22302,27,,,1,9,,22310,27,,,1,49,,22316,27,,,1,9,,22328,27,,,1,9,,22332,27,,,1,9,,22339,27,,,1,9,,22347,27,,,1,8,,22359,27,,,1,9,,22367,27,,,1,49,,22375,27,,,1,8,,22380,27,,,1,9,,22251,27,,,1,8,,22260,27,,,1,9,,22270,27,,,1,8,,22278,27,,,1,9,,22287,27,,,1,49,,22295,27,,,1,8,,22303,27,,,1,9,,22311,27,,,1,8,,22317,27,,,1,9,,22329,27,,,1,9,,22333,27,,,1,8,,22340,27,,,1,49,,22348,27,,,1,9,,22360,27,,,1,8,,22368,27,,,1,9,,22376,27,,,1,9,,22381,27,,,1,8,,22252,27,,,1,8,,22261,27,,,1,48,,22271,27,,,1,8,,22279,27,,,1,8,,22288,27,,,1,8,,22296,27,,,1,8,,22304,27,,,1,8,,22312,27,,,1,8,,22318,27,,,1,48,,22330,27,,,1,8,,22334,27,,,1,8,,22341,27,,,1,8,,22349,27,,,1,8,,22354,27,,,1,7,,22361,27,,,1,7,,22369,27,,,1,7,,22377,27,,,1,46,,22382,27,,,1,7,,22387,27,,,1,7,,22253,27,,,1,7,,22262,27,,,1,7,,22265,27,,,1,7,,22272,27,,,1,7,,22280,27,,,1,6,,22289,27,,,1,7,,22297,27,,,1,47,,22305,27,,,1,7,,22313,27,,,1,7,,22319,27,,,1,7,,22323,27,,,1,7,,22335,27,,,1,7,,22342,27,,,1,6,,22350,27,,,1,7,,22355,27,,,1,7,,22362,27,,,1,47,,22370,27,,,1,7,,22378,27,,,1,7,,22383,27,,,1,6,,22388,27,,,1,7,,22254,27,,,1,7,,22263,27,,,1,7,,22266,27,,,1,7,,22273,27,,,1,7,,22281,27,,,1,47,,22290,27,,,1,7,,22298,27,,,1,8,,22306,27,,,1,7,,22314,27,,,1,7,,22320,27,,,1,7,,22324,27,,,1,8,,22336,27,,,1,7,,22343,27,,,1,47,,22351,27,,,1,7,,22356,27,,,1,8,,22363,27,,,1,7,,22371,27,,,1,8,,22384,27,,,1,8,,22389,27,,,1,8,,22255,27,,,1,8,,22264,27,,,1,47,,22267,27,,,1,8,,22274,27,,,1,8,,22282,27,,,1,8,,22291,27,,,1,8,,22299,27,,,1,7,,22307,27,,,1,8,,22321,27,,,1,48,,22325,27,,,1,8,,22337,27,,,1,8,,22344,27,,,1,8,,22352,27,,,1,8,,22357,27,,,1,8,,22364,27,,,1,9,,22372,27,,,1,8,,22385,27,,,1,49,,22390,27,,,1,8,,22256,27,,,1,9,,22268,27,,,1,9,,22275,27,,,1,8,,22283,27,,,1,9,,22292,27,,,1,10,,22300,27,,,1,50,,22308,27,,,1,10,,22322,27,,,1,10,,22326,27,,,1,10,,22338,27,,,1,10,,22345,27,,,1,10,,22353,27,,,1,50,,22365,27,,,1,10,,22373,27,,,1,10,,22386,27,,,1,10,,22391,27,,,1,10,,22257,27,,,1,10,,22269,27,,,1,52,,22284,27,,,1
200,'GLOBAUX-01-S',607,,22463,27,,,1,6,,22473,27,,,1,6,,22483,27,,,1,6,,22498,27,,,1,6,,22509,27,,,1,6,,22518,27,,,1,6,,22532,27,,,1,6,,22534,27,,,1,6,,22554,27,,,1,45,,22571,27,,,1,5,,22573,27,,,1,5,,22580,27,,,1,5,,22582,27,,,1,4,,22594,27,,,1,4,,22600,27,,,1,4,,22606,27,,,1,4,,22607,27,,,1,3,,22613,27,,,1,4,,22622,27,,,1,3,,22392,27,,,1,4,,22393,27,,,1,3,,22403,27,,,1,4,,22411,27,,,1,3,,22412,27,,,1,4,,22421,27,,,1,43,,22423,27,,,1,3,,22428,27,,,1,4,,22436,27,,,1,3,,22444,27,,,1,4,,22456,27,,,1,3,,22461,27,,,1,3,,22462,27,,,1,3,,22464,27,,,1,4,,22474,27,,,1,3,,22484,27,,,1,3,,22492,27,,,1,3,,22494,27,,,1,4,,22499,27,,,1,3,,22504,27,,,1,3,,22510,27,,,1,4,,22515,27,,,1,3,,22519,27,,,1,3,,22527,27,,,1,43,,22533,27,,,1,3,,22535,27,,,1,4,,22540,27,,,1,3,,22555,27,,,1,3,,22564,27,,,1,3,,22572,27,,,1,4,,22574,27,,,1,4,,22575,27,,,1,3,,22583,27,,,1,4,,22590,27,,,1,4,,22595,27,,,1,3,,22601,27,,,1,4,,22608,27,,,1,4,,22614,27,,,1,4,,22623,27,,,1,3,,22630,27,,,1,4,,22394,27,,,1,44,,22404,27,,,1,4,,22413,27,,,1,4,,22420,27,,,1,4,,22424,27,,,1,5,,22437,27,,,1,5,,22445,27,,,1,5,,22457,27,,,1,6,,22465,27,,,1,6,,22475,27,,,1,6,,22485,27,,,1,7,,22495,27,,,1,46,,22505,27,,,1,6,,22511,27,,,1,6,,22520,27,,,1,6,,22528,27,,,1,6,,22541,27,,,1,6,,22556,27,,,1,6,,22565,27,,,1,6,,22576,27,,,1,6,,22584,27,,,1,6,,22596,27,,,1,46,,22602,27,,,1,6,,22615,27,,,1,6,,22624,27,,,1,6,,22395,27,,,1,6,,22405,27,,,1,6,,22414,27,,,1,6,,22425,27,,,1,6,,22438,27,,,1,6,,22446,27,,,1,6,,22458,27,,,1,46,,22466,27,,,1,6,,22476,27,,,1,6,,22486,27,,,1,6,,22496,27,,,1,6,,22506,27,,,1,6,,22512,27,,,1,6,,22521,27,,,1,6,,22529,27,,,1,6,,22542,27,,,1,6,,22557,27,,,1,46,,22566,27,,,1,6,,22577,27,,,1,6,,22585,27,,,1,6,,22597,27,,,1,6,,22603,27,,,1,6,,22616,27,,,1,6,,22625,27,,,1,6,,22396,27,,,1,6,,22406,27,,,1,6,,22415,27,,,1,46,,22426,27,,,1,6,,22439,27,,,1,7,,22447,27,,,1,6,,22459,27,,,1,6,,22467,27,,,1,5,,22477,27,,,1,5,,22487,27,,,1,5,,22497,27,,,1,4,,22500,27,,,1,5,,22507,27,,,1,4,,22513,27,,,1,5,,22516,27,,,1,44,,22522,27,,,1,3,,22530,27,,,1,4,,22536,27,,,1,3,,22543,27,,,1,4,,22547,27,,,1,3,,22558,27,,,1,3,,22562,27,,,1,3,,22567,27,,,1,3,,22578,27,,,1,3,,22581,27,,,1,3,,22586,27,,,1,3,,22591,27,,,1,3,,22598,27,,,1,3,,22604,27,,,1,2,,22609,27,,,1,3,,22617,27,,,1,3,,22618,27,,,1,3,,22626,27,,,1,3,,22397,27,,,1,43,,22398,27,,,1,3,,22399,27,,,1,3,,22400,27,,,1,3,,22407,27,,,1,3,,22416,27,,,1,3,,22422,27,,,1,3,,22427,27,0,5,1,3,,22429,27,,,1,3,,22433,27,,,1,3,,22440,27,,,1,2,,22448,27,0,5,1,3,,22449,27,,,1,3,,22453,27,,,1,3,,22460,27,,,1,3,,22468,27,0,5,1,3,,22469,27,,,1,3,,22478,27,,,1,3,,22482,27,0,5,1,3,,22488,27,,,1,2,,22493,27,0,5,1,3,,22501,27,,,1,43,,22508,27,,,1,4,,22514,27,,,1,3,,22517,27,,,1,3,,22523,27,,,1,4,,22531,27,,,1,3,,22537,27,,,1,4,,22544,27,,,1,3,,22548,27,,,1,4,,22551,27,,,1,4,,22559,27,,,1,4,,22563,27,,,1,3,,22568,27,,,1,4,,22579,27,,,1,4,,22587,27,,,1,4,,22592,27,,,1,4,,22599,27,,,1,44,,22605,27,,,1,3,,22610,27,,,1,5,,22619,27,,,1,5,,22627,27,,,1,5,,22401,27,,,1,5,,22408,27,,,1,5,,22417,27,,,1,5,,22430,27,,,1,5,,22434,27,,,1,6,,22441,27,,,1,6,,22450,27,,,1,6,,22454,27,,,1,46,,22470,27,,,1,6,,22479,27,,,1,6,,22489,27,,,1,6,,22502,27,,,1,6,,22524,27,,,1,6,,22538,27,,,1,6,,22545,27,,,1,6,,22549,27,,,1,6,,22552,27,,,1,6,,22560,27,,,1,46,,22569,27,,,1,6,,22588,27,,,1,6,,22593,27,,,1,6,,22611,27,,,1,6,,22620,27,,,1,6,,22628,27,,,1,6,,22402,27,,,1,6,,22409,27,,,1,6,,22418,27,,,1,6,,22431,27,,,1,46,,22435,27,,,1,6,,22442,27,,,1,6,,22451,27,,,1,6,,22455,27,,,1,6,,22471,27,,,1,6,,22480,27,,,1,6,,22490,27,,,1,6,,22503,27,,,1,6,,22525,27,,,1,6,,22539,27,,,1,46,,22546,27,,,1,6,,22550,27,,,1,6,,22553,27,,,1,7,,22561,27,,,1,7,,22570,27,,,1,7,,22589,27,,,1,8,,22612,27,,,1,7,,22621,27,,,1,7,,22629,27,,,1,47,,22410,27,,,1,8,,22419,27,,,1,8,,22432,27,,,1,8,,22443,27,,,1,8,,22452,27,,,1,7,,22472,27,,,1,8,,22481,27,,,1,8,,22491,27,,,1,52,,22526,27,,,1
201,'GLOBAUX-01-A',531,,22741,5,,,1,10,,22748,5,,,1,9,,22757,5,,,1,50,,22769,5,,,1,9,,22778,5,,,1,10,,22631,5,,,1,9,,22645,5,,,1,10,,22658,5,,,1,10,,22666,5,,,1,9,,22669,5,,,1,50,,22688,5,,,1,10,,22696,5,,,1,9,,22704,5,,,1,9,,22712,5,,,1,10,,22719,5,,,1,9,,22727,5,,,1,49,,22733,5,,,1,8,,22749,5,,,1,9,,22758,5,,,1,9,,22770,5,,,1,9,,22779,5,,,1,8,,22632,5,,,1,9,,22646,5,,,1,49,,22659,5,,,1,9,,22667,5,,,1,8,,22670,5,,,1,9,,22677,5,,,1,9,,22689,5,,,1,9,,22697,5,,,1,8,,22705,5,,,1,49,,22713,5,,,1,9,,22720,5,,,1,9,,22728,5,,,1,8,,22734,5,,,1,8,,22750,5,,,1,8,,22759,5,,,1,7,,22771,5,,,1,48,,22780,5,,,1,8,,22633,5,,,1,7,,22640,5,,,1,7,,22647,5,,,1,7,,22660,5,,,1,7,,22668,5,,,1,7,,22671,5,,,1,7,,22678,5,,,1,7,,22682,5,,,1,47,,22690,5,,,1,7,,22698,5,,,1,7,,22706,5,,,1,7,,22714,5,,,1,7,,22721,5,,,1,6,,22729,5,,,1,7,,22735,5,,,1,6,,22742,5,,,1,47,,22751,5,,,1,6,,22760,5,,,1,6,,22763,5,,,1,7,,22772,5,,,1,6,,22781,5,,,1,7,,22634,5,,,1,6,,22641,5,,,1,7,,22648,5,,,1,6,,22653,5,,,1,6,,22661,5,,,1,47,,22672,5,,,1,6,,22679,5,,,1,7,,22683,5,,,1,6,,22691,5,,,1,6,,22699,5,,,1,7,,22707,5,,,1,6,,22715,5,,,1,7,,22722,5,,,1,6,,22730,5,,,1,46,,22736,5,,,1,7,,22743,5,,,1,6,,22752,5,,,1,7,,22761,5,,,1,6,,22764,5,,,1,6,,22773,5,,,1,7,,22782,5,,,1,6,,22635,5,,,1,7,,22642,5,,,1,6,,22649,5,,,1,47,,22654,5,,,1,6,,22662,5,,,1,6,,22673,5,,,1,7,,22680,5,,,1,6,,22684,5,,,1,7,,22692,5,,,1,6,,22700,5,,,1,7,,22708,5,,,1,6,,22716,5,,,1,46,,22723,5,,,1,7,,22731,5,,,1,6,,22737,5,,,1,7,,22744,5,,,1,6,,22753,5,,,1,6,,22762,5,,,1,7,,22765,5,,,1,6,,22774,5,,,1,7,,22783,5,,,1,46,,22636,5,,,1,7,,22643,5,,,1,6,,22650,5,,,1,6,,22655,5,,,1,7,,22663,5,,,1,6,,22674,5,,,1,7,,22681,5,,,1,7,,22685,5,,,1,7,,22693,5,,,1,48,,22701,5,,,1,7,,22709,5,,,1,7,,22717,5,,,1,7,,22724,5,,,1,8,,22732,5,,,1,7,,22738,5,,,1,8,,22745,5,,,1,7,,22754,5,,,1,48,,22766,5,,,1,8,,22775,5,,,1,7,,22637,5,,,1,8,,22644,5,,,1,8,,22651,5,,,1,8,,22656,5,,,1,7,,22664,5,,,1,8,,22675,5,,,1,48,,22686,5,,,1,8,,22694,5,,,1,9,,22702,5,,,1,8,,22710,5,,,1,9,,22718,5,,,1,9,,22725,5,,,1,9,,22739,5,,,1,50,,22746,5,,,1,9,,22755,5,,,1,10,,22767,5,,,1,9,,22776,5,,,1,10,,22638,5,,,1,9,,22652,5,,,1,50,,22657,5,,,1,9,,22665,5,,,1,10,,22676,5,,,1,10,,22687,5,,,1,10,,22695,5,,,1,9,,22703,5,,,1,50,,22711,5,,,1,10,,22726,5,,,1,10,,22740,5,,,1,10,,22747,5,,,1,10,,22756,5,,,1,10,,22768,5,,,1,50,,22777,5,,,1,10,,22639,5,,,1
201,'GLOBAUX-01-F1',531,,22877,5,,,1,9,,22890,5,,,1,10,,22898,5,,,1,9,,22906,5,,,1,49,,22911,5,,,1,10,,22784,5,,,1,9,,22792,5,,,1,9,,22809,5,,,1,10,,22817,5,,,1,9,,22825,5,,,1,49,,22833,5,,,1,10,,22841,5,,,1,9,,22846,5,,,1,9,,22859,5,,,1,10,,22862,5,,,1,9,,22878,5,,,1,49,,22891,5,,,1,10,,22899,5,,,1,9,,22907,5,,,1,9,,22912,5,,,1,9,,22785,5,,,1,9,,22793,5,,,1,9,,22803,5,,,1,49,,22810,5,,,1,9,,22818,5,,,1,8,,22826,5,,,1,9,,22834,5,,,1,9,,22842,5,,,1,8,,22847,5,,,1,9,,22860,5,,,1,49,,22863,5,,,1,8,,22870,5,,,1,9,,22879,5,,,1,8,,22892,5,,,1,9,,22900,5,,,1,8,,22908,5,,,1,9,,22913,5,,,1,49,,22786,5,,,1,8,,22794,5,,,1,9,,22804,5,,,1,8,,22811,5,,,1,9,,22819,5,,,1,9,,22827,5,,,1,8,,22835,5,,,1,48,,22843,5,,,1,8,,22848,5,,,1,8,,22861,5,,,1,8,,22864,5,,,1,8,,22871,5,,,1,8,,22880,5,,,1,7,,22886,5,,,1,6,,22893,5,,,1,47,,22901,5,,,1,7,,22909,5,,,1,7,,22914,5,,,1,7,,22919,5,,,1,7,,22787,5,,,1,6,,22795,5,,,1,7,,22798,5,,,1,7,,22805,5,,,1,7,,22812,5,,,1,47,,22820,5,,,1,7,,22828,5,,,1,6,,22836,5,,,1,7,,22844,5,,,1,7,,22849,5,,,1,7,,22854,5,,,1,7,,22865,5,,,1,7,,22872,5,,,1,46,,22881,5,,,1,7,,22887,5,,,1,7,,22894,5,,,1,7,,22902,5,,,1,7,,22910,5,,,1,7,,22915,5,,,1,6,,22920,5,,,1,7,,22788,5,,,1,7,,22796,5,,,1,47,,22799,5,,,1,7,,22806,5,,,1,7,,22813,5,,,1,8,,22821,5,,,1,7,,22829,5,,,1,7,,22837,5,,,1,8,,22845,5,,,1,7,,22850,5,,,1,47,,22855,5,,,1,8,,22866,5,,,1,7,,22873,5,,,1,7,,22882,5,,,1,8,,22888,5,,,1,7,,22895,5,,,1,8,,22903,5,,,1,7,,22916,5,,,1,48,,22921,5,,,1,8,,22789,5,,,1,8,,22797,5,,,1,7,,22800,5,,,1,8,,22807,5,,,1,8,,22814,5,,,1,8,,22822,5,,,1,8,,22830,5,,,1,48,,22838,5,,,1,7,,22851,5,,,1,8,,22856,5,,,1,8,,22867,5,,,1,8,,22874,5,,,1,8,,22883,5,,,1,8,,22889,5,,,1,8,,22896,5,,,1,48,,22904,5,,,1,9,,22917,5,,,1,8,,22922,5,,,1,9,,22790,5,,,1,8,,22801,5,,,1,9,,22808,5,,,1,8,,22815,5,,,1,49,,22823,5,,,1,9,,22831,5,,,1,9,,22839,5,,,1,8,,22852,5,,,1,9,,22857,5,,,1,9,,22868,5,,,1,50,,22875,5,,,1,10,,22884,5,,,1,10,,22897,5,,,1,10,,22905,5,,,1,10,,22918,5,,,1,10,,22923,5,,,1,50,,22791,5,,,1,10,,22802,5,,,1,10,,22816,5,,,1,10,,22824,5,,,1,10,,22832,5,,,1,10,,22840,5,,,1,50,,22853,5,,,1,10,,22858,5,,,1,10,,22869,5,,,1,10,,22876,5,,,1,10,,22885,5,,,1
201,'GLOBAUX-01-F2',531,,23017,5,,,1,9,,23030,5,,,1,10,,23038,5,,,1,9,,23046,5,,,1,49,,23051,5,,,1,10,,22924,5,,,1,9,,22932,5,,,1,9,,22949,5,,,1,10,,22957,5,,,1,9,,22965,5,,,1,49,,22973,5,,,1,10,,22981,5,,,1,9,,22986,5,,,1,9,,22999,5,,,1,10,,23002,5,,,1,9,,23018,5,,,1,49,,23031,5,,,1,10,,23039,5,,,1,9,,23047,5,,,1,9,,23052,5,,,1,9,,22925,5,,,1,9,,22933,5,,,1,9,,22943,5,,,1,49,,22950,5,,,1,9,,22958,5,,,1,8,,22966,5,,,1,9,,22974,5,,,1,9,,22982,5,,,1,8,,22987,5,,,1,9,,23000,5,,,1,49,,23003,5,,,1,8,,23010,5,,,1,9,,23019,5,,,1,8,,23032,5,,,1,9,,23040,5,,,1,8,,23048,5,,,1,9,,23053,5,,,1,49,,22926,5,,,1,8,,22934,5,,,1,9,,22944,5,,,1,8,,22951,5,,,1,9,,22959,5,,,1,9,,22967,5,,,1,8,,22975,5,,,1,48,,22983,5,,,1,8,,22988,5,,,1,8,,23001,5,,,1,8,,23004,5,,,1,8,,23011,5,,,1,8,,23020,5,,,1,7,,23026,5,,,1,6,,23033,5,,,1,47,,23041,5,,,1,7,,23049,5,,,1,7,,23054,5,,,1,7,,23059,5,,,1,7,,22927,5,,,1,6,,22935,5,,,1,7,,22938,5,,,1,7,,22945,5,,,1,7,,22952,5,,,1,47,,22960,5,,,1,7,,22968,5,,,1,6,,22976,5,,,1,7,,22984,5,,,1,7,,22989,5,,,1,7,,22994,5,,,1,7,,23005,5,,,1,7,,23012,5,,,1,46,,23021,5,,,1,7,,23027,5,,,1,7,,23034,5,,,1,7,,23042,5,,,1,7,,23050,5,,,1,7,,23055,5,,,1,6,,23060,5,,,1,7,,22928,5,,,1,7,,22936,5,,,1,47,,22939,5,,,1,7,,22946,5,,,1,7,,22953,5,,,1,8,,22961,5,,,1,7,,22969,5,,,1,7,,22977,5,,,1,8,,22985,5,,,1,7,,22990,5,,,1,47,,22995,5,,,1,8,,23006,5,,,1,7,,23013,5,,,1,7,,23022,5,,,1,8,,23028,5,,,1,7,,23035,5,,,1,8,,23043,5,,,1,7,,23056,5,,,1,48,,23061,5,,,1,8,,22929,5,,,1,8,,22937,5,,,1,7,,22940,5,,,1,8,,22947,5,,,1,8,,22954,5,,,1,8,,22962,5,,,1,8,,22970,5,,,1,48,,22978,5,,,1,7,,22991,5,,,1,8,,22996,5,,,1,8,,23007,5,,,1,8,,23014,5,,,1,8,,23023,5,,,1,8,,23029,5,,,1,8,,23036,5,,,1,48,,23044,5,,,1,9,,23057,5,,,1,8,,23062,5,,,1,9,,22930,5,,,1,8,,22941,5,,,1,9,,22948,5,,,1,8,,22955,5,,,1,49,,22963,5,,,1,9,,22971,5,,,1,9,,22979,5,,,1,8,,22992,5,,,1,9,,22997,5,,,1,9,,23008,5,,,1,50,,23015,5,,,1,10,,23024,5,,,1,10,,23037,5,,,1,10,,23045,5,,,1,10,,23058,5,,,1,10,,23063,5,,,1,50,,22931,5,,,1,10,,22942,5,,,1,10,,22956,5,,,1,10,,22964,5,,,1,10,,22972,5,,,1,10,,22980,5,,,1,50,,22993,5,,,1,10,,22998,5,,,1,10,,23009,5,,,1,10,,23016,5,,,1,10,,23025,5,,,1
201,'GLOBAUX-01-I',531,,23157,5,,,1,9,,23170,5,,,1,10,,23178,5,,,1,9,,23186,5,,,1,49,,23191,5,,,1,10,,23064,5,,,1,9,,23072,5,,,1,9,,23089,5,,,1,10,,23097,5,,,1,9,,23105,5,,,1,49,,23113,5,,,1,10,,23121,5,,,1,9,,23126,5,,,1,9,,23139,5,,,1,10,,23142,5,,,1,9,,23158,5,,,1,49,,23171,5,,,1,10,,23179,5,,,1,9,,23187,5,,,1,9,,23192,5,,,1,9,,23065,5,,,1,9,,23073,5,,,1,9,,23083,5,,,1,49,,23090,5,,,1,9,,23098,5,,,1,8,,23106,5,,,1,9,,23114,5,,,1,9,,23122,5,,,1,8,,23127,5,,,1,9,,23140,5,,,1,49,,23143,5,,,1,8,,23150,5,,,1,9,,23159,5,,,1,8,,23172,5,,,1,9,,23180,5,,,1,8,,23188,5,,,1,9,,23193,5,,,1,49,,23066,5,,,1,8,,23074,5,,,1,9,,23084,5,,,1,8,,23091,5,,,1,9,,23099,5,,,1,9,,23107,5,,,1,8,,23115,5,,,1,48,,23123,5,,,1,8,,23128,5,,,1,8,,23141,5,,,1,8,,23144,5,,,1,8,,23151,5,,,1,8,,23160,5,,,1,7,,23166,5,,,1,6,,23173,5,,,1,47,,23181,5,,,1,7,,23189,5,,,1,7,,23194,5,,,1,7,,23199,5,,,1,7,,23067,5,,,1,6,,23075,5,,,1,7,,23078,5,,,1,7,,23085,5,,,1,7,,23092,5,,,1,47,,23100,5,,,1,7,,23108,5,,,1,6,,23116,5,,,1,7,,23124,5,,,1,7,,23129,5,,,1,7,,23134,5,,,1,7,,23145,5,,,1,7,,23152,5,,,1,46,,23161,5,,,1,7,,23167,5,,,1,7,,23174,5,,,1,7,,23182,5,,,1,7,,23190,5,,,1,7,,23195,5,,,1,6,,23200,5,,,1,7,,23068,5,,,1,7,,23076,5,,,1,47,,23079,5,,,1,7,,23086,5,,,1,7,,23093,5,,,1,8,,23101,5,,,1,7,,23109,5,,,1,7,,23117,5,,,1,8,,23125,5,,,1,7,,23130,5,,,1,47,,23135,5,,,1,8,,23146,5,,,1,7,,23153,5,,,1,7,,23162,5,,,1,8,,23168,5,,,1,7,,23175,5,,,1,8,,23183,5,,,1,7,,23196,5,,,1,48,,23201,5,,,1,8,,23069,5,,,1,8,,23077,5,,,1,7,,23080,5,,,1,8,,23087,5,,,1,8,,23094,5,,,1,8,,23102,5,,,1,8,,23110,5,,,1,48,,23118,5,,,1,7,,23131,5,,,1,8,,23136,5,,,1,8,,23147,5,,,1,8,,23154,5,,,1,8,,23163,5,,,1,8,,23169,5,,,1,8,,23176,5,,,1,48,,23184,5,,,1,9,,23197,5,,,1,8,,23202,5,,,1,9,,23070,5,,,1,8,,23081,5,,,1,9,,23088,5,,,1,8,,23095,5,,,1,49,,23103,5,,,1,9,,23111,5,,,1,9,,23119,5,,,1,8,,23132,5,,,1,9,,23137,5,,,1,9,,23148,5,,,1,50,,23155,5,,,1,10,,23164,5,,,1,10,,23177,5,,,1,10,,23185,5,,,1,10,,23198,5,,,1,10,,23203,5,,,1,50,,23071,5,,,1,10,,23082,5,,,1,10,,23096,5,,,1,10,,23104,5,,,1,10,,23112,5,,,1,10,,23120,5,,,1,50,,23133,5,,,1,10,,23138,5,,,1,10,,23149,5,,,1,10,,23156,5,,,1,10,,23165,5,,,1
201,'GLOBAUX-01-S',531,,23391,5,,,1,6,,23405,5,,,1,6,,23411,5,,,1,6,,23418,5,,,1,6,,23424,5,,,1,46,,23204,5,,,1,6,,23206,5,,,1,6,,23224,5,,,1,6,,23226,5,,,1,5,,23238,5,,,1,5,,23243,5,,,1,5,,23251,5,,,1,5,,23276,5,,,1,4,,23277,5,,,1,4,,23279,5,,,1,4,,23288,5,,,1,4,,23297,5,,,1,4,,23305,5,,,1,43,,23308,5,,,1,4,,23313,5,,,1,3,,23322,5,,,1,3,,23327,5,,,1,3,,23331,5,,,1,3,,23339,5,,,1,3,,23344,5,,,1,3,,23346,5,,,1,3,,23351,5,,,1,3,,23366,5,,,1,3,,23375,2,,,1,3,,23383,5,,,1,3,,23384,5,,,1,3,,23385,2,,,1,3,,23390,5,,,1,3,,23392,5,,,1,3,,23394,5,,,1,2,,23401,2,,,1,3,,23406,5,,,1,3,,23412,5,,,1,43,,23417,5,,,1,3,,23419,5,,,1,3,,23425,5,,,1,3,,23434,5,,,1,3,,23442,2,,,1,3,,23205,5,,,1,3,,23207,5,,,1,2,,23216,5,,,1,3,,23225,5,,,1,3,,23227,5,,,1,3,,23234,2,,,1,3,,23235,5,,,1,3,,23239,5,,,1,3,,23244,5,,,1,3,,23252,5,,,1,3,,23259,5,,,1,3,,23260,5,,,1,3,,23271,5,,,1,3,,23278,5,,,1,3,,23280,5,,,1,44,,23289,5,,,1,3,,23298,5,,,1,4,,23306,5,,,1,3,,23309,5,,,1,4,,23314,5,,,1,4,,23318,5,,,1,3,,23323,5,,,1,4,,23328,5,,,1,4,,23332,5,,,1,4,,23340,5,,,1,5,,23345,5,,,1,5,,23352,5,,,1,5,,23367,5,,,1,5,,23376,5,,,1,45,,23386,5,,,1,5,,23395,5,,,1,6,,23407,5,,,1,6,,23413,5,,,1,6,,23426,5,,,1,6,,23435,5,,,1,6,,23208,5,,,1,6,,23217,5,,,1,6,,23228,5,,,1,6,,23240,5,,,1,6,,23253,5,,,1,46,,23261,5,,,1,6,,23272,5,,,1,6,,23281,5,,,1,6,,23290,5,,,1,6,,23299,5,,,1,6,,23310,5,,,1,6,,23319,5,,,1,6,,23324,5,,,1,6,,23333,5,,,1,6,,23341,5,,,1,46,,23353,5,,,1,6,,23368,5,,,1,6,,23377,5,,,1,6,,23387,5,,,1,6,,23396,5,,,1,6,,23408,5,,,1,6,,23414,5,,,1,6,,23427,5,,,1,6,,23436,5,,,1,6,,23209,5,,,1,46,,23218,5,,,1,6,,23229,5,,,1,6,,23241,5,,,1,6,,23254,5,,,1,6,,23262,5,,,1,6,,23273,5,,,1,6,,23282,5,,,1,6,,23291,5,,,1,6,,23300,5,,,1,6,,23311,5,,,1,46,,23320,5,,,1,6,,23325,5,,,1,6,,23334,5,,,1,6,,23342,5,,,1,6,,23354,5,,,1,6,,23369,5,,,1,6,,23378,5,,,1,6,,23388,5,,,1,6,,23397,5,,,1,6,,23409,5,,,1,45,,23415,5,,,1,5,,23428,5,,,1,5,,23437,5,,,1,5,,23210,5,,,1,5,,23212,5,,,1,4,,23219,5,,,1,5,,23230,5,,,1,3,,23236,5,,,1,4,,23242,5,,,1,3,,23248,5,,,1,3,,23255,5,,,1,4,,23263,5,,,1,3,,23267,5,,,1,3,,23274,5,,,1,3,,23283,5,,,1,44,,23284,5,,,1,3,,23292,5,,,1,3,,23296,5,,,1,3,,23301,5,,,1,4,,23307,5,,,1,3,,23312,5,,,1,3,,23315,5,,,1,3,,23321,5,,,1,4,,23326,5,,,1,3,,23329,5,,,1,3,,23335,5,,,1,3,,23343,5,,,1,3,,23347,5,,,1,3,,23355,5,,,1,4,,23358,5,,,1,3,,23362,5,,,1,3,,23370,5,,,1,3,,23374,5,,,1,43,,23379,5,,,1,3,,23389,5,,,1,4,,23393,5,,,1,3,,23398,5,,,1,3,,23402,5,,,1,3,,23410,5,,,1,3,,23416,5,,,1,4,,23420,5,,,1,3,,23429,5,,,1,3,,23430,5,,,1,4,,23438,5,,,1,3,,23211,5,,,1,4,,23213,5,,,1,4,,23220,5,,,1,4,,23231,5,,,1,4,,23237,5,,,1,4,,23245,5,,,1,3,,23249,5,,,1,45,,23256,5,,,1,4,,23264,5,,,1,5,,23268,5,,,1,5,,23275,5,,,1,5,,23285,5,,,1,4,,23293,5,,,1,5,,23302,5,,,1,5,,23316,5,,,1,5,,23330,5,,,1,5,,23336,5,,,1,5,,23348,5,,,1,5,,23356,5,,,1,45,,23359,5,,,1,5,,23363,5,,,1,6,,23371,5,,,1,6,,23380,5,,,1,6,,23399,5,,,1,6,,23403,5,,,1,6,,23421,5,,,1,6,,23431,5,,,1,6,,23439,5,,,1,6,,23214,5,,,1,46,,23221,5,,,1,6,,23232,5,,,1,6,,23246,5,,,1,6,,23250,5,,,1,6,,23257,5,,,1,6,,23265,5,,,1,6,,23269,5,,,1,6,,23286,5,,,1,6,,23294,5,,,1,6,,23303,5,,,1,46,,23317,5,,,1,6,,23337,5,,,1,6,,23349,5,,,1,6,,23357,5,,,1,6,,23360,5,,,1,6,,23364,5,,,1,6,,23372,5,,,1,6,,23381,5,,,1,6,,23400,5,,,1,6,,23404,5,,,1,46,,23422,5,,,1,6,,23432,5,,,1,6,,23440,5,,,1,6,,23215,5,,,1,6,,23222,5,,,1,6,,23233,5,,,1,7,,23247,5,,,1,7,,23258,5,,,1,7,,23266,5,,,1,7,,23270,5,,,1,47,,23287,5,,,1,7,,23295,5,,,1,7,,23304,5,,,1,8,,23338,5,,,1,8,,23350,5,,,1,8,,23361,5,,,1,8,,23365,5,,,1,48,,23373,5,,,1,8,,23382,5,,,1,8,,23423,5,,,1,8,,23433,5,,,1,8,,23441,5,,,1,8,,23223,5,,,1
