100,'GLOBAUX-01-A',601,,20201,24,,,1,10,,20211,24,,,1,10,,20229,24,,,1,10,,20236,24,,,1,10,,20246,24,,,1,10,,20269,24,,,1,50,,20287,24,,,1,10,,20297,24,,,1,11,,20304,24,,,1,10,,20314,24,,,1,10,,20331,24,,,1,10,,20341,24,,,1,50,,20202,24,,,1,10,,20212,24,,,1,10,,20230,24,,,1,10,,20237,24,,,1,10,,20247,24,,,1,9,,20270,24,,,1,50,,20278,24,,,1,9,,20288,24,,,1,9,,20298,24,,,1,9,,20305,24,,,1,8,,20315,24,,,1,9,,20332,24,,,1,8,,20342,24,,,1,49,,20203,24,,,1,8,,20213,24,,,1,8,,20221,24,,,1,9,,20231,24,,,1,8,,20238,24,,,1,9,,20248,24,,,1,8,,20263,24,,,1,7,,20271,24,,,1,48,,20279,24,,,1,8,,20289,24,,,1,7,,20299,24,,,1,8,,20306,24,,,1,8,,20316,24,,,1,7,,20333,24,,,1,8,,20343,24,,,1,48,,20204,24,,,1,7,,20214,24,,,1,8,,20222,24,,,1,8,,20232,24,,,1,7,,20239,24,,,1,6,,20249,24,,,1,7,,20256,24,,,1,6,,20264,24,,,1,7,,20272,24,,,1,46,,20280,24,,,1,7,,20290,24,,,1,6,,20300,24,,,1,7,,20307,24,,,1,6,,20317,24,,,1,7,,20324,24,,,1,7,,20334,24,,,1,6,,20344,24,,,1,6,,20205,24,,,1,47,,20215,24,,,1,7,,20223,24,,,1,6,,20233,24,,,1,7,,20240,24,,,1,6,,20250,24,,,1,7,,20257,24,,,1,6,,20265,24,,,1,7,,20273,24,,,1,6,,20281,24,,,1,47,,20291,24,,,1,6,,20301,24,,,1,7,,20308,24,,,1,6,,20318,24,,,1,7,,20325,24,,,1,6,,20335,24,,,1,7,,20345,24,,,1,6,,20206,24,,,1,7,,20216,24,,,1,6,,20224,24,,,1,47,,20234,24,,,1,6,,20241,24,,,1,7,,20251,24,,,1,6,,20258,24,,,1,7,,20266,24,,,1,6,,20274,24,,,1,7,,20282,24,,,1,6,,20292,24,,,1,7,,20302,24,,,1,46,,20309,24,,,1,7,,20319,24,,,1,6,,20326,24,,,1,7,,20336,24,,,1,6,,20346,24,,,1,7,,20207,24,,,1,6,,20217,24,,,1,7,,20225,24,,,1,6,,20235,24,,,1,47,,20242,24,,,1,6,,20252,24,,,1,7,,20259,24,,,1,6,,20267,24,,,1,7,,20275,24,,,1,6,,20283,24,,,1,7,,20293,24,,,1,6,,20303,24,,,1,6,,20310,24,,,1,47,,20320,24,,,1,7,,20327,24,,,1,8,,20337,24,,,1,8,,20347,24,,,1,7,,20208,24,,,1,8,,20218,24,,,1,8,,20226,24,,,1,7,,20243,24,,,1,48,,20253,24,,,1,7,,20260,24,,,1,8,,20268,24,,,1,8,,20276,24,,,1,7,,20284,24,,,1,8,,20294,24,,,1,9,,20311,24,,,1,8,,20321,24,,,1,49,,20328,24,,,1,8,,20338,24,,,1,8,,20348,24,,,1,9,,20209,24,,,1,8,,20219,24,,,1,9,,20227,24,,,1,8,,20244,24,,,1,48,,20254,24,,,1,9,,20261,24,,,1,8,,20277,24,,,1,9,,20285,24,,,1,8,,20295,24,,,1,10,,20312,24,,,1,9,,20322,24,,,1,50,,20329,24,,,1,10,,20339,24,,,1,10,,20349,24,,,1,10,,20210,24,,,1,10,,20220,24,,,1,10,,20228,24,,,1,50,,20245,24,,,1,10,,20255,24,,,1,10,,20262,24,,,1,10,,20286,24,,,1,10,,20296,24,,,1,10,,20313,24,,,1,50,,20323,24,,,1,10,,20330,24,,,1,10,,20340,24,,,1,13,,20350,24,,,1
100,'GLOBAUX-01-F1',601,,20351,24,,,1,10,,20361,24,,,1,10,,20368,24,,,1,10,,20393,24,,,1,10,,20403,24,,,1,10,,20413,24,,,1,50,,20435,24,,,1,10,,20445,24,,,1,10,,20454,24,,,1,10,,20463,24,,,1,10,,20472,24,,,1,10,,20481,24,,,1,50,,20352,24,,,1,10,,20362,24,,,1,11,,20369,24,,,1,10,,20394,24,,,1,9,,20404,24,,,1,9,,20414,24,,,1,50,,20429,24,,,1,9,,20436,24,,,1,9,,20446,24,,,1,10,,20455,24,,,1,9,,20464,24,,,1,9,,20473,24,,,1,9,,20482,24,,,1,48,,20353,24,,,1,9,,20363,24,,,1,8,,20370,24,,,1,9,,20385,24,,,1,8,,20395,24,,,1,9,,20405,24,,,1,8,,20415,24,,,1,49,,20430,24,,,1,8,,20437,24,,,1,9,,20447,24,,,1,8,,20456,24,,,1,8,,20465,24,,,1,9,,20474,24,,,1,8,,20483,24,,,1,49,,20354,24,,,1,8,,20364,24,,,1,7,,20371,24,,,1,8,,20378,24,,,1,8,,20386,24,,,1,7,,20396,24,,,1,8,,20406,24,,,1,8,,20416,24,,,1,47,,20431,24,,,1,8,,20438,24,,,1,8,,20448,24,,,1,7,,20457,24,,,1,8,,20466,24,,,1,8,,20475,24,,,1,7,,20484,24,,,1,8,,20355,24,,,1,48,,20365,24,,,1,8,,20372,24,,,1,7,,20379,24,,,1,8,,20387,24,,,1,8,,20397,24,,,1,7,,20407,24,,,1,7,,20417,24,,,1,7,,20423,24,,,1,47,,20432,24,,,1,7,,20439,24,,,1,7,,20449,24,,,1,7,,20458,24,,,1,7,,20467,24,,,1,7,,20476,24,,,1,7,,20485,24,,,1,7,,20356,24,,,1,47,,20366,24,,,1,7,,20373,24,,,1,7,,20380,24,,,1,7,,20388,24,,,1,7,,20398,24,,,1,7,,20408,24,,,1,7,,20418,24,,,1,7,,20424,24,,,1,7,,20433,24,,,1,47,,20440,24,,,1,7,,20450,24,,,1,7,,20459,24,,,1,7,,20468,24,,,1,7,,20477,24,,,1,7,,20486,24,,,1,7,,20357,24,,,1,7,,20367,24,,,1,7,,20374,24,,,1,47,,20381,24,,,1,7,,20389,24,,,1,7,,20399,24,,,1,7,,20409,24,,,1,7,,20419,24,,,1,7,,20425,24,,,1,7,,20434,24,,,1,7,,20441,24,,,1,47,,20451,24,,,1,8,,20460,24,,,1,8,,20469,24,,,1,9,,20478,24,,,1,8,,20487,24,,,1,9,,20358,24,,,1,8,,20375,24,,,1,48,,20382,24,,,1,9,,20390,24,,,1,8,,20400,24,,,1,8,,20410,24,,,1,9,,20420,24,,,1,8,,20426,24,,,1,9,,20442,24,,,1,8,,20452,24,,,1,48,,20461,24,,,1,9,,20470,24,,,1,8,,20479,24,,,1,9,,20488,24,,,1,8,,20359,24,,,1,8,,20376,24,,,1,9,,20383,24,,,1,48,,20391,24,,,1,9,,20401,24,,,1,9,,20411,24,,,1,9,,20421,24,,,1,9,,20427,24,,,1,9,,20443,24,,,1,49,,20453,24,,,1,9,,20462,24,,,1,9,,20471,24,,,1,9,,20480,24,,,1,10,,20489,24,,,1,10,,20360,24,,,1,10,,20377,24,,,1,50,,20384,24,,,1,10,,20392,24,,,1,10,,20402,24,,,1,10,,20412,24,,,1,10,,20422,24,,,1,10,,20428,24,,,1,53,,20444,24,,,1
100,'GLOBAUX-01-F2',601,,20490,24,,,1,10,,20500,24,,,1,10,,20507,24,,,1,10,,20532,24,,,1,10,,20542,24,,,1,10,,20552,24,,,1,50,,20574,24,,,1,10,,20584,24,,,1,10,,20593,24,,,1,10,,20602,24,,,1,10,,20611,24,,,1,10,,20620,24,,,1,50,,20491,24,,,1,10,,20501,24,,,1,11,,20508,24,,,1,10,,20533,24,,,1,9,,20543,24,,,1,9,,20553,24,,,1,50,,20568,24,,,1,9,,20575,24,,,1,9,,20585,24,,,1,10,,20594,24,,,1,9,,20603,24,,,1,9,,20612,24,,,1,9,,20621,24,,,1,48,,20492,24,,,1,9,,20502,24,,,1,8,,20509,24,,,1,9,,20524,24,,,1,8,,20534,24,,,1,9,,20544,24,,,1,8,,20554,24,,,1,49,,20569,24,,,1,8,,20576,24,,,1,9,,20586,24,,,1,8,,20595,24,,,1,8,,20604,24,,,1,9,,20613,24,,,1,8,,20622,24,,,1,49,,20493,24,,,1,8,,20503,24,,,1,7,,20510,24,,,1,8,,20517,24,,,1,8,,20525,24,,,1,7,,20535,24,,,1,8,,20545,24,,,1,8,,20555,24,,,1,47,,20570,24,,,1,8,,20577,24,,,1,8,,20587,24,,,1,7,,20596,24,,,1,8,,20605,24,,,1,8,,20614,24,,,1,7,,20623,24,,,1,8,,20494,24,,,1,48,,20504,24,,,1,8,,20511,24,,,1,7,,20518,24,,,1,8,,20526,24,,,1,8,,20536,24,,,1,7,,20546,24,,,1,7,,20556,24,,,1,7,,20562,24,,,1,47,,20571,24,,,1,7,,20578,24,,,1,7,,20588,24,,,1,7,,20597,24,,,1,7,,20606,24,,,1,7,,20615,24,,,1,7,,20624,24,,,1,7,,20495,24,,,1,47,,20505,24,,,1,7,,20512,24,,,1,7,,20519,24,,,1,7,,20527,24,,,1,7,,20537,24,,,1,7,,20547,24,,,1,7,,20557,24,,,1,7,,20563,24,,,1,7,,20572,24,,,1,47,,20579,24,,,1,7,,20589,24,,,1,7,,20598,24,,,1,7,,20607,24,,,1,7,,20616,24,,,1,7,,20625,24,,,1,7,,20496,24,,,1,7,,20506,24,,,1,7,,20513,24,,,1,47,,20520,24,,,1,7,,20528,24,,,1,7,,20538,24,,,1,7,,20548,24,,,1,7,,20558,24,,,1,7,,20564,24,,,1,7,,20573,24,,,1,7,,20580,24,,,1,47,,20590,24,,,1,8,,20599,24,,,1,8,,20608,24,,,1,9,,20617,24,,,1,8,,20626,24,,,1,9,,20497,24,,,1,8,,20514,24,,,1,48,,20521,24,,,1,9,,20529,24,,,1,8,,20539,24,,,1,8,,20549,24,,,1,9,,20559,24,,,1,8,,20565,24,,,1,9,,20581,24,,,1,8,,20591,24,,,1,48,,20600,24,,,1,9,,20609,24,,,1,8,,20618,24,,,1,9,,20627,24,,,1,8,,20498,24,,,1,8,,20515,24,,,1,9,,20522,24,,,1,48,,20530,24,,,1,9,,20540,24,,,1,9,,20550,24,,,1,9,,20560,24,,,1,9,,20566,24,,,1,9,,20582,24,,,1,49,,20592,24,,,1,9,,20601,24,,,1,9,,20610,24,,,1,9,,20619,24,,,1,10,,20628,24,,,1,10,,20499,24,,,1,10,,20516,24,,,1,50,,20523,24,,,1,10,,20531,24,,,1,10,,20541,24,,,1,10,,20551,24,,,1,10,,20561,24,,,1,10,,20567,24,,,1,53,,20583,24,,,1
100,'GLOBAUX-01-I',601,,20629,24,,,1,10,,20639,24,,,1,10,,20646,24,,,1,10,,20671,24,,,1,10,,20681,24,,,1,10,,20691,24,,,1,50,,20713,24,,,1,10,,20723,24,,,1,10,,20732,24,,,1,10,,20741,24,,,1,10,,20750,24,,,1,10,,20759,24,,,1,50,,20630,24,,,1,10,,20640,24,,,1,11,,20647,24,,,1,10,,20672,24,,,1,9,,20682,24,,,1,9,,20692,24,,,1,50,,20707,24,,,1,9,,20714,24,,,1,9,,20724,24,,,1,10,,20733,24,,,1,9,,20742,24,,,1,9,,20751,24,,,1,9,,20760,24,,,1,48,,20631,24,,,1,9,,20641,24,,,1,8,,20648,24,,,1,9,,20663,24,,,1,8,,20673,24,,,1,9,,20683,24,,,1,8,,20693,24,,,1,49,,20708,24,,,1,8,,20715,24,,,1,9,,20725,24,,,1,8,,20734,24,,,1,8,,20743,24,,,1,9,,20752,24,,,1,8,,20761,24,,,1,49,,20632,24,,,1,8,,20642,24,,,1,7,,20649,24,,,1,8,,20656,24,,,1,8,,20664,24,,,1,7,,20674,24,,,1,8,,20684,24,,,1,8,,20694,24,,,1,47,,20709,24,,,1,8,,20716,24,,,1,8,,20726,24,,,1,7,,20735,24,,,1,8,,20744,24,,,1,8,,20753,24,,,1,7,,20762,24,,,1,8,,20633,24,,,1,48,,20643,24,,,1,8,,20650,24,,,1,7,,20657,24,,,1,8,,20665,24,,,1,8,,20675,24,,,1,7,,20685,24,,,1,7,,20695,24,,,1,7,,20701,24,,,1,47,,20710,24,,,1,7,,20717,24,,,1,7,,20727,24,,,1,7,,20736,24,,,1,7,,20745,24,,,1,7,,20754,24,,,1,7,,20763,24,,,1,7,,20634,24,,,1,47,,20644,24,,,1,7,,20651,24,,,1,7,,20658,24,,,1,7,,20666,24,,,1,7,,20676,24,,,1,7,,20686,24,,,1,7,,20696,24,,,1,7,,20702,24,,,1,7,,20711,24,,,1,47,,20718,24,,,1,7,,20728,24,,,1,7,,20737,24,,,1,7,,20746,24,,,1,7,,20755,24,,,1,7,,20764,24,,,1,7,,20635,24,,,1,7,,20645,24,,,1,7,,20652,24,,,1,47,,20659,24,,,1,7,,20667,24,,,1,7,,20677,24,,,1,7,,20687,24,,,1,7,,20697,24,,,1,7,,20703,24,,,1,7,,20712,24,,,1,7,,20719,24,,,1,47,,20729,24,,,1,8,,20738,24,,,1,8,,20747,24,,,1,9,,20756,24,,,1,8,,20765,24,,,1,9,,20636,24,,,1,8,,20653,24,,,1,48,,20660,24,,,1,9,,20668,24,,,1,8,,20678,24,,,1,8,,20688,24,,,1,9,,20698,24,,,1,8,,20704,24,,,1,9,,20720,24,,,1,8,,20730,24,,,1,48,,20739,24,,,1,9,,20748,24,,,1,8,,20757,24,,,1,9,,20766,24,,,1,8,,20637,24,,,1,8,,20654,24,,,1,9,,20661,24,,,1,48,,20669,24,,,1,9,,20679,24,,,1,9,,20689,24,,,1,9,,20699,24,,,1,9,,20705,24,,,1,9,,20721,24,,,1,49,,20731,24,,,1,9,,20740,24,,,1,9,,20749,24,,,1,9,,20758,24,,,1,10,,20767,24,,,1,10,,20638,24,,,1,10,,20655,24,,,1,50,,20662,24,,,1,10,,20670,24,,,1,10,,20680,24,,,1,10,,20690,24,,,1,10,,20700,24,,,1,10,,20706,24,,,1,53,,20722,24,,,1
100,'GLOBAUX-01-S',601,,20768,24,,,1,7,,20796,24,,,1,7,,20806,24,,,1,7,,20826,24,,,1,7,,20848,24,,,1,7,,20852,24,,,1,6,,20859,24,,,1,7,,20870,24,,,1,5,,20876,24,,,1,4,,20893,24,,,1,44,,20902,24,,,1,4,,20905,24,,,1,4,,20913,24,,,1,3,,20930,24,,,1,4,,20936,24,,,1,3,,20946,24,,,1,3,,20948,24,,,1,3,,20950,24,,,1,4,,20952,24,,,1,3,,20968,24,,,1,3,,20977,24,,,1,4,,20979,24,,,1,3,,20997,24,,,1,3,,21003,24,,,1,4,,21004,24,,,1,3,,20769,24,,,1,3,,20787,24,,,1,3,,20789,24,,,1,43,,20797,24,,,1,4,,20807,24,,,1,3,,20808,24,,,1,3,,20809,24,,,1,3,,20811,24,,,1,3,,20812,24,,,1,3,,20827,24,,,1,3,,20833,24,,,1,3,,20839,24,,,1,3,,20849,24,,,1,3,,20853,24,,,1,3,,20860,24,,,1,3,,20865,24,,,1,3,,20871,24,,,1,3,,20877,24,,,1,3,,20894,24,,,1,4,,20903,24,,,1,3,,20906,24,,,1,3,,20912,24,,,1,43,,20914,24,,,1,3,,20931,24,,,1,3,,20937,24,,,1,4,,20947,24,,,1,3,,20949,24,,,1,3,,20951,24,,,1,4,,20955,24,,,1,3,,20960,24,,,1,4,,20969,24,,,1,3,,20978,24,,,1,4,,20984,24,,,1,3,,20998,24,,,1,4,,21005,24,,,1,4,,20770,24,,,1,4,,20780,24,,,1,5,,20790,24,,,1,45,,20798,24,,,1,5,,20810,24,,,1,5,,20813,24,,,1,5,,20828,24,,,1,6,,20840,24,,,1,6,,20854,24,,,1,6,,20866,24,,,1,6,,20878,24,,,1,6,,20895,24,,,1,6,,20907,24,,,1,6,,20915,24,,,1,46,,20932,24,,,1,6,,20938,24,,,1,6,,20956,24,,,1,6,,20961,24,,,1,6,,20970,24,,,1,6,,20985,24,,,1,6,,20999,24,,,1,6,,20771,24,,,1,6,,20781,24,,,1,6,,20791,24,,,1,46,,20799,24,,,1,6,,20814,24,,,1,6,,20829,24,,,1,6,,20841,24,,,1,6,,20855,24,,,1,6,,20867,24,,,1,6,,20879,24,,,1,6,,20896,24,,,1,6,,20908,24,,,1,6,,20916,24,,,1,46,,20933,24,,,1,6,,20939,24,,,1,6,,20957,24,,,1,6,,20962,24,,,1,6,,20971,24,,,1,6,,20986,24,,,1,6,,21000,24,,,1,6,,20772,24,,,1,6,,20782,24,,,1,6,,20792,24,,,1,46,,20800,24,,,1,6,,20815,24,,,1,6,,20830,24,,,1,6,,20842,24,,,1,6,,20856,24,,,1,6,,20868,24,,,1,6,,20880,24,,,1,6,,20897,24,,,1,6,,20909,24,,,1,6,,20917,24,,,1,47,,20934,24,,,1,6,,20940,24,,,1,6,,20958,24,,,1,6,,20963,24,,,1,6,,20972,24,,,1,5,,20987,24,,,1,4,,20989,24,,,1,4,,21001,24,,,1,4,,20773,24,,,1,4,,20775,24,,,1,4,,20783,24,,,1,4,,20793,24,,,1,44,,20795,24,,,1,4,,20801,24,,,1,4,,20816,24,,,1,3,,20821,24,,,1,4,,20831,24,,,1,3,,20834,24,,,1,3,,20843,24,,,1,3,,20850,24,,,1,4,,20857,24,,,1,3,,20869,24,,,1,3,,20872,24,,,1,3,,20881,24,,,1,3,,20886,24,,,1,3,,20891,24,,,1,3,,20898,24,,,1,3,,20904,24,,,1,3,,20910,24,,,1,3,,20918,24,,,1,2,,20923,24,,,1,43,,20925,24,,,1,3,,20935,24,,,1,3,,20941,24,,,1,2,,20953,24,,,1,3,,20954,24,,,1,3,,20959,24,,,1,3,,20964,24,,,1,2,,20973,24,,,1,3,,20980,24,,,1,3,,20983,24,,,1,2,,20988,24,,,1,3,,20990,24,,,1,3,,20993,24,,,1,3,,21002,24,,,1,2,,20774,24,,,1,3,,20776,24,,,1,3,,20784,24,,,1,3,,20788,24,,,1,4,,20794,24,,,1,3,,20802,24,,,1,3,,20817,24,,,1,44,,20822,24,,,1,3,,20832,24,,,1,4,,20835,24,,,1,4,,20844,24,,,1,3,,20851,24,,,1,4,,20858,24,,,1,3,,20861,24,,,1,4,,20873,24,,,1,4,,20882,24,,,1,4,,20887,24,,,1,4,,20892,24,,,1,4,,20899,24,,,1,4,,20911,24,,,1,4,,20919,24,,,1,5,,20924,24,,,1,44,,20926,24,,,1,4,,20942,24,,,1,5,,20965,24,,,1,6,,20974,24,,,1,6,,20981,24,,,1,5,,20991,24,,,1,6,,20994,24,,,1,6,,20777,24,,,1,6,,20785,24,,,1,6,,20803,24,,,1,6,,20818,24,,,1,46,,20823,24,,,1,6,,20836,24,,,1,6,,20845,24,,,1,6,,20862,24,,,1,6,,20874,24,,,1,6,,20883,24,,,1,6,,20888,24,,,1,6,,20900,24,,,1,7,,20920,24,,,1,6,,20927,24,,,1,46,,20943,24,,,1,6,,20966,24,,,1,6,,20975,24,,,1,6,,20982,24,,,1,6,,20992,24,,,1,6,,20995,24,,,1,6,,20778,24,,,1,6,,20786,24,,,1,6,,20804,24,,,1,6,,20819,24,,,1,46,,20824,24,,,1,6,,20837,24,,,1,6,,20846,24,,,1,6,,20863,24,,,1,6,,20875,24,,,1,6,,20884,24,,,1,7,,20889,24,,,1,6,,20901,24,,,1,7,,20921,24,,,1,6,,20928,24,,,1,48,,20944,24,,,1,8,,20967,24,,,1,8,,20976,24,,,1,8,,20996,24,,,1,8,,20779,24,,,1,8,,20805,24,,,1,8,,20820,24,,,1,48,,20825,24,,,1,8,,20838,24,,,1,7,,20847,24,,,1,8,,20864,24,,,1,8,,20885,24,,,1,8,,20890,24,,,1,8,,20922,24,,,1,8,,20929,24,,,1,52,,20945,24,,,1
101,'GLOBAUX-01-A',533,,21092,4,,,1,10,,21102,4,,,1,10,,21109,4,,,1,50,,21119,4,,,1,10,,21136,4,,,1,10,,21146,4,,,1,10,,21006,4,,,1,10,,21016,4,,,1,10,,21035,4,,,1,50,,21042,4,,,1,10,,21052,4,,,1,10,,21074,4,,,1,10,,21082,4,,,1,9,,21093,4,,,1,9,,21103,4,,,1,50,,21110,4,,,1,9,,21120,4,,,1,9,,21137,4,,,1,8,,21147,4,,,1,8,,21007,4,,,1,9,,21017,4,,,1,8,,21026,4,,,1,49,,21036,4,,,1,8,,21043,4,,,1,9,,21053,4,,,1,8,,21075,4,,,1,8,,21083,4,,,1,9,,21094,4,,,1,8,,21104,4,,,1,49,,21111,4,,,1,8,,21121,4,,,1,8,,21138,4,,,1,9,,21148,4,,,1,8,,21008,4,,,1,9,,21018,4,,,1,7,,21027,4,,,1,8,,21037,4,,,1,48,,21044,4,,,1,7,,21054,4,,,1,8,,21069,4,,,1,8,,21076,4,,,1,7,,21084,4,,,1,8,,21095,4,,,1,8,,21105,4,,,1,7,,21112,4,,,1,47,,21122,4,,,1,7,,21129,4,,,1,6,,21139,4,,,1,7,,21149,4,,,1,6,,21009,4,,,1,7,,21019,4,,,1,6,,21028,4,,,1,7,,21038,4,,,1,6,,21045,4,,,1,47,,21055,4,,,1,6,,21062,4,,,1,7,,21070,4,,,1,6,,21077,4,,,1,7,,21085,4,,,1,6,,21096,4,,,1,7,,21106,4,,,1,6,,21113,4,,,1,7,,21123,4,,,1,46,,21130,4,,,1,7,,21140,4,,,1,6,,21150,4,,,1,7,,21010,4,,,1,6,,21020,4,,,1,7,,21029,4,,,1,6,,21039,4,,,1,7,,21046,4,,,1,6,,21056,4,,,1,47,,21063,4,,,1,6,,21071,4,,,1,7,,21078,4,,,1,6,,21086,4,,,1,7,,21097,4,,,1,6,,21107,4,,,1,7,,21114,4,,,1,6,,21124,4,,,1,7,,21131,4,,,1,6,,21141,4,,,1,47,,21151,4,,,1,6,,21011,4,,,1,7,,21021,4,,,1,6,,21030,4,,,1,7,,21040,4,,,1,6,,21047,4,,,1,7,,21057,4,,,1,6,,21064,4,,,1,7,,21072,4,,,1,46,,21079,4,,,1,7,,21087,4,,,1,6,,21098,4,,,1,7,,21108,4,,,1,6,,21115,4,,,1,7,,21125,4,,,1,6,,21132,4,,,1,7,,21142,4,,,1,6,,21152,4,,,1,47,,21012,4,,,1,6,,21022,4,,,1,7,,21031,4,,,1,6,,21041,4,,,1,7,,21048,4,,,1,7,,21058,4,,,1,8,,21065,4,,,1,7,,21073,4,,,1,8,,21080,4,,,1,48,,21088,4,,,1,7,,21099,4,,,1,8,,21116,4,,,1,7,,21126,4,,,1,9,,21133,4,,,1,8,,21143,4,,,1,8,,21153,4,,,1,49,,21013,4,,,1,8,,21023,4,,,1,9,,21032,4,,,1,8,,21049,4,,,1,9,,21059,4,,,1,8,,21066,4,,,1,8,,21081,4,,,1,49,,21089,4,,,1,8,,21100,4,,,1,9,,21117,4,,,1,8,,21127,4,,,1,8,,21134,4,,,1,10,,21144,4,,,1,9,,21154,4,,,1,49,,21014,4,,,1,10,,21024,4,,,1,9,,21033,4,,,1,10,,21050,4,,,1,10,,21060,4,,,1,9,,21067,4,,,1,50,,21090,4,,,1,10,,21101,4,,,1,10,,21118,4,,,1,10,,21128,4,,,1,10,,21135,4,,,1,10,,21145,4,,,1,50,,21155,4,,,1,10,,21015,4,,,1,10,,21025,4,,,1,10,,21034,4,,,1,10,,21051,4,,,1,10,,21061,4,,,1,50,,21068,4,,,1,10,,21091,4,,,1
101,'GLOBAUX-01-F1',533,,21236,4,,,1,10,,21246,4,,,1,10,,21255,4,,,1,50,,21265,4,,,1,10,,21275,4,,,1,10,,21285,4,,,1,10,,21156,4,,,1,10,,21166,4,,,1,10,,21173,4,,,1,50,,21198,4,,,1,10,,21207,4,,,1,10,,21216,4,,,1,10,,21230,4,,,1,9,,21237,4,,,1,9,,21247,4,,,1,50,,21256,4,,,1,9,,21266,4,,,1,9,,21276,4,,,1,9,,21286,4,,,1,8,,21157,4,,,1,9,,21167,4,,,1,8,,21174,4,,,1,48,,21190,4,,,1,9,,21199,4,,,1,8,,21208,4,,,1,9,,21217,4,,,1,8,,21231,4,,,1,9,,21238,4,,,1,8,,21248,4,,,1,48,,21257,4,,,1,9,,21267,4,,,1,8,,21277,4,,,1,9,,21287,4,,,1,8,,21158,4,,,1,8,,21168,4,,,1,9,,21175,4,,,1,8,,21191,4,,,1,49,,21200,4,,,1,8,,21209,4,,,1,9,,21218,4,,,1,8,,21232,4,,,1,8,,21239,4,,,1,9,,21249,4,,,1,8,,21258,4,,,1,49,,21268,4,,,1,8,,21278,4,,,1,8,,21288,4,,,1,7,,21159,4,,,1,8,,21169,4,,,1,8,,21176,4,,,1,7,,21183,4,,,1,48,,21192,4,,,1,8,,21201,4,,,1,7,,21210,4,,,1,8,,21219,4,,,1,8,,21233,4,,,1,7,,21240,4,,,1,8,,21250,4,,,1,8,,21259,4,,,1,47,,21269,4,,,1,8,,21279,4,,,1,8,,21289,4,,,1,7,,21160,4,,,1,8,,21170,4,,,1,8,,21177,4,,,1,7,,21184,4,,,1,8,,21193,4,,,1,47,,21202,4,,,1,7,,21211,4,,,1,7,,21220,4,,,1,7,,21225,4,,,1,7,,21234,4,,,1,7,,21241,4,,,1,7,,21251,4,,,1,7,,21260,4,,,1,7,,21270,4,,,1,47,,21280,4,,,1,7,,21290,4,,,1,7,,21161,4,,,1,7,,21171,4,,,1,7,,21178,4,,,1,7,,21185,4,,,1,7,,21194,4,,,1,7,,21203,4,,,1,47,,21212,4,,,1,7,,21221,4,,,1,7,,21226,4,,,1,7,,21235,4,,,1,7,,21242,4,,,1,7,,21252,4,,,1,7,,21261,4,,,1,7,,21271,4,,,1,7,,21281,4,,,1,47,,21291,4,,,1,7,,21162,4,,,1,7,,21172,4,,,1,7,,21179,4,,,1,7,,21186,4,,,1,8,,21195,4,,,1,9,,21204,4,,,1,8,,21213,4,,,1,49,,21222,4,,,1,8,,21227,4,,,1,9,,21243,4,,,1,8,,21253,4,,,1,8,,21262,4,,,1,9,,21272,4,,,1,8,,21282,4,,,1,49,,21292,4,,,1,8,,21163,4,,,1,8,,21180,4,,,1,9,,21187,4,,,1,8,,21196,4,,,1,9,,21205,4,,,1,8,,21214,4,,,1,49,,21223,4,,,1,8,,21228,4,,,1,8,,21244,4,,,1,9,,21254,4,,,1,8,,21263,4,,,1,9,,21273,4,,,1,8,,21283,4,,,1,48,,21293,4,,,1,9,,21164,4,,,1,9,,21181,4,,,1,10,,21188,4,,,1,10,,21197,4,,,1,10,,21206,4,,,1,50,,21215,4,,,1,10,,21224,4,,,1,10,,21229,4,,,1,10,,21245,4,,,1,10,,21264,4,,,1,10,,21274,4,,,1,50,,21284,4,,,1,10,,21294,4,,,1,10,,21165,4,,,1,10,,21182,4,,,1,10,,21189,4,,,1
101,'GLOBAUX-01-F2',533,,21375,4,,,1,10,,21385,4,,,1,10,,21394,4,,,1,50,,21404,4,,,1,10,,21414,4,,,1,10,,21424,4,,,1,10,,21295,4,,,1,10,,21305,4,,,1,10,,21312,4,,,1,50,,21337,4,,,1,10,,21346,4,,,1,10,,21355,4,,,1,10,,21369,4,,,1,9,,21376,4,,,1,9,,21386,4,,,1,50,,21395,4,,,1,9,,21405,4,,,1,9,,21415,4,,,1,9,,21425,4,,,1,8,,21296,4,,,1,9,,21306,4,,,1,8,,21313,4,,,1,48,,21329,4,,,1,9,,21338,4,,,1,8,,21347,4,,,1,9,,21356,4,,,1,8,,21370,4,,,1,9,,21377,4,,,1,8,,21387,4,,,1,48,,21396,4,,,1,9,,21406,4,,,1,8,,21416,4,,,1,9,,21426,4,,,1,8,,21297,4,,,1,8,,21307,4,,,1,9,,21314,4,,,1,8,,21330,4,,,1,49,,21339,4,,,1,8,,21348,4,,,1,9,,21357,4,,,1,8,,21371,4,,,1,8,,21378,4,,,1,9,,21388,4,,,1,8,,21397,4,,,1,49,,21407,4,,,1,8,,21417,4,,,1,8,,21427,4,,,1,7,,21298,4,,,1,8,,21308,4,,,1,8,,21315,4,,,1,7,,21322,4,,,1,48,,21331,4,,,1,8,,21340,4,,,1,7,,21349,4,,,1,8,,21358,4,,,1,8,,21372,4,,,1,7,,21379,4,,,1,8,,21389,4,,,1,8,,21398,4,,,1,47,,21408,4,,,1,8,,21418,4,,,1,8,,21428,4,,,1,7,,21299,4,,,1,8,,21309,4,,,1,8,,21316,4,,,1,7,,21323,4,,,1,8,,21332,4,,,1,47,,21341,4,,,1,7,,21350,4,,,1,7,,21359,4,,,1,7,,21364,4,,,1,7,,21373,4,,,1,7,,21380,4,,,1,7,,21390,4,,,1,7,,21399,4,,,1,7,,21409,4,,,1,47,,21419,4,,,1,7,,21429,4,,,1,7,,21300,4,,,1,7,,21310,4,,,1,7,,21317,4,,,1,7,,21324,4,,,1,7,,21333,4,,,1,7,,21342,4,,,1,47,,21351,4,,,1,7,,21360,4,,,1,7,,21365,4,,,1,7,,21374,4,,,1,7,,21381,4,,,1,7,,21391,4,,,1,7,,21400,4,,,1,7,,21410,4,,,1,7,,21420,4,,,1,47,,21430,4,,,1,7,,21301,4,,,1,7,,21311,4,,,1,7,,21318,4,,,1,7,,21325,4,,,1,8,,21334,4,,,1,9,,21343,4,,,1,8,,21352,4,,,1,49,,21361,4,,,1,8,,21366,4,,,1,9,,21382,4,,,1,8,,21392,4,,,1,8,,21401,4,,,1,9,,21411,4,,,1,8,,21421,4,,,1,49,,21431,4,,,1,8,,21302,4,,,1,8,,21319,4,,,1,9,,21326,4,,,1,8,,21335,4,,,1,9,,21344,4,,,1,8,,21353,4,,,1,49,,21362,4,,,1,8,,21367,4,,,1,8,,21383,4,,,1,9,,21393,4,,,1,8,,21402,4,,,1,9,,21412,4,,,1,8,,21422,4,,,1,48,,21432,4,,,1,9,,21303,4,,,1,9,,21320,4,,,1,10,,21327,4,,,1,10,,21336,4,,,1,10,,21345,4,,,1,50,,21354,4,,,1,10,,21363,4,,,1,10,,21368,4,,,1,10,,21384,4,,,1,10,,21403,4,,,1,10,,21413,4,,,1,50,,21423,4,,,1,10,,21433,4,,,1,10,,21304,4,,,1,10,,21321,4,,,1,10,,21328,4,,,1
101,'GLOBAUX-01-I',533,,21514,4,,,1,10,,21524,4,,,1,10,,21533,4,,,1,50,,21543,4,,,1,10,,21553,4,,,1,10,,21563,4,,,1,10,,21434,4,,,1,10,,21444,4,,,1,10,,21451,4,,,1,50,,21476,4,,,1,10,,21485,4,,,1,10,,21494,4,,,1,10,,21508,4,,,1,9,,21515,4,,,1,9,,21525,4,,,1,50,,21534,4,,,1,9,,21544,4,,,1,9,,21554,4,,,1,9,,21564,4,,,1,8,,21435,4,,,1,9,,21445,4,,,1,8,,21452,4,,,1,48,,21468,4,,,1,9,,21477,4,,,1,8,,21486,4,,,1,9,,21495,4,,,1,8,,21509,4,,,1,9,,21516,4,,,1,8,,21526,4,,,1,48,,21535,4,,,1,9,,21545,4,,,1,8,,21555,4,,,1,9,,21565,4,,,1,8,,21436,4,,,1,8,,21446,4,,,1,9,,21453,4,,,1,8,,21469,4,,,1,49,,21478,4,,,1,8,,21487,4,,,1,9,,21496,4,,,1,8,,21510,4,,,1,8,,21517,4,,,1,9,,21527,4,,,1,8,,21536,4,,,1,49,,21546,4,,,1,8,,21556,4,,,1,8,,21566,4,,,1,7,,21437,4,,,1,8,,21447,4,,,1,8,,21454,4,,,1,7,,21461,4,,,1,48,,21470,4,,,1,8,,21479,4,,,1,7,,21488,4,,,1,8,,21497,4,,,1,8,,21511,4,,,1,7,,21518,4,,,1,8,,21528,4,,,1,8,,21537,4,,,1,47,,21547,4,,,1,8,,21557,4,,,1,8,,21567,4,,,1,7,,21438,4,,,1,8,,21448,4,,,1,8,,21455,4,,,1,7,,21462,4,,,1,8,,21471,4,,,1,47,,21480,4,,,1,7,,21489,4,,,1,7,,21498,4,,,1,7,,21503,4,,,1,7,,21512,4,,,1,7,,21519,4,,,1,7,,21529,4,,,1,7,,21538,4,,,1,7,,21548,4,,,1,47,,21558,4,,,1,7,,21568,4,,,1,7,,21439,4,,,1,7,,21449,4,,,1,7,,21456,4,,,1,7,,21463,4,,,1,7,,21472,4,,,1,7,,21481,4,,,1,47,,21490,4,,,1,7,,21499,4,,,1,7,,21504,4,,,1,7,,21513,4,,,1,7,,21520,4,,,1,7,,21530,4,,,1,7,,21539,4,,,1,7,,21549,4,,,1,7,,21559,4,,,1,47,,21569,4,,,1,7,,21440,4,,,1,7,,21450,4,,,1,7,,21457,4,,,1,7,,21464,4,,,1,8,,21473,4,,,1,9,,21482,4,,,1,8,,21491,4,,,1,49,,21500,4,,,1,8,,21505,4,,,1,9,,21521,4,,,1,8,,21531,4,,,1,8,,21540,4,,,1,9,,21550,4,,,1,8,,21560,4,,,1,49,,21570,4,,,1,8,,21441,4,,,1,8,,21458,4,,,1,9,,21465,4,,,1,8,,21474,4,,,1,9,,21483,4,,,1,8,,21492,4,,,1,49,,21501,4,,,1,8,,21506,4,,,1,8,,21522,4,,,1,9,,21532,4,,,1,8,,21541,4,,,1,9,,21551,4,,,1,8,,21561,4,,,1,48,,21571,4,,,1,9,,21442,4,,,1,9,,21459,4,,,1,10,,21466,4,,,1,10,,21475,4,,,1,10,,21484,4,,,1,50,,21493,4,,,1,10,,21502,4,,,1,10,,21507,4,,,1,10,,21523,4,,,1,10,,21542,4,,,1,10,,21552,4,,,1,50,,21562,4,,,1,10,,21572,4,,,1,10,,21443,4,,,1,10,,21460,4,,,1,10,,21467,4,,,1
101,'GLOBAUX-01-S',533,,21696,4,,,1,8,,21708,4,,,1,7,,21732,4,,,1,7,,21749,4,,,1,47,,21753,4,,,1,7,,21772,4,,,1,7,,21802,4,,,1,7,,21809,4,,,1,5,,21573,4,,,1,5,,21595,4,,,1,5,,21602,4,,,1,5,,21612,4,,,1,5,,21616,4,,,1,5,,21618,4,,,1,4,,21633,4,,,1,44,,21640,4,,,1,3,,21655,4,,,1,4,,21659,4,,,1,3,,21665,4,,,1,4,,21670,4,,,1,4,,21676,4,,,1,3,,21681,4,,,1,4,,21697,4,,,1,3,,21705,4,,,1,3,,21709,4,,,1,3,,21717,4,,,1,4,,21733,4,,,1,3,,21739,4,,,1,2,,21740,4,,,1,3,,21750,4,,,1,3,,21752,4,,,1,3,,21754,4,,,1,2,,21755,4,,,1,3,,21757,4,,,1,43,,21763,4,,,1,3,,21773,4,,,1,2,,21782,4,,,1,3,,21783,4,,,1,2,,21788,4,,,1,3,,21803,4,,,1,2,,21808,4,,,1,3,,21810,4,,,1,2,,21574,4,,,1,3,,21585,4,,,1,2,,21593,4,,,1,3,,21596,4,,,1,2,,21603,4,,,1,3,,21613,4,,,1,3,,21614,4,,,1,2,,21615,4,,,1,3,,21617,4,,,1,3,,21619,4,,,1,3,,21634,4,,,1,3,,21641,4,,,1,3,,21647,4,,,1,4,,21656,4,,,1,43,,21660,4,,,1,3,,21671,4,,,1,4,,21677,4,,,1,3,,21682,4,,,1,4,,21698,4,,,1,3,,21706,4,,,1,4,,21710,4,,,1,4,,21716,4,,,1,3,,21718,4,,,1,4,,21734,4,,,1,4,,21741,4,,,1,5,,21751,4,,,1,5,,21758,4,,,1,5,,21764,4,,,1,6,,21774,4,,,1,46,,21789,4,,,1,6,,21804,4,,,1,6,,21575,4,,,1,6,,21586,4,,,1,6,,21597,4,,,1,6,,21604,4,,,1,6,,21620,4,,,1,6,,21635,4,,,1,6,,21648,4,,,1,6,,21661,4,,,1,46,,21672,4,,,1,6,,21683,4,,,1,6,,21699,4,,,1,6,,21711,4,,,1,6,,21719,4,,,1,6,,21735,4,,,1,6,,21742,4,,,1,6,,21759,4,,,1,6,,21765,4,,,1,6,,21775,4,,,1,46,,21790,4,,,1,6,,21805,4,,,1,6,,21576,4,,,1,6,,21587,4,,,1,6,,21598,4,,,1,6,,21605,4,,,1,6,,21621,4,,,1,6,,21636,4,,,1,6,,21649,4,,,1,6,,21662,4,,,1,46,,21673,4,,,1,6,,21684,4,,,1,6,,21700,4,,,1,6,,21712,4,,,1,6,,21720,4,,,1,6,,21736,4,,,1,6,,21743,4,,,1,6,,21760,4,,,1,6,,21766,4,,,1,6,,21776,4,,,1,46,,21791,4,,,1,6,,21806,4,,,1,6,,21577,4,,,1,6,,21588,4,,,1,6,,21599,4,,,1,6,,21606,4,,,1,6,,21622,4,,,1,6,,21637,4,,,1,6,,21650,4,,,1,6,,21663,4,,,1,46,,21674,4,,,1,6,,21685,4,,,1,5,,21694,4,,,1,5,,21701,4,,,1,4,,21713,4,,,1,4,,21721,4,,,1,4,,21726,4,,,1,4,,21737,4,,,1,4,,21744,4,,,1,4,,21756,4,,,1,3,,21761,4,,,1,4,,21767,4,,,1,4,,21777,4,,,1,4,,21787,4,,,1,43,,21792,4,,,1,4,,21794,4,,,1,4,,21807,4,,,1,4,,21578,4,,,1,3,,21580,4,,,1,4,,21589,4,,,1,4,,21600,4,,,1,3,,21601,4,,,1,3,,21607,4,,,1,4,,21623,4,,,1,3,,21628,4,,,1,3,,21638,4,,,1,3,,21642,4,,,1,3,,21651,4,,,1,3,,21657,4,,,1,3,,21664,4,,,1,3,,21666,4,,,1,44,,21675,4,,,1,3,,21678,4,,,1,3,,21686,4,,,1,3,,21690,4,,,1,3,,21695,4,,,1,3,,21702,4,,,1,3,,21707,4,,,1,3,,21714,4,,,1,3,,21722,4,,,1,4,,21727,4,,,1,3,,21728,4,,,1,3,,21738,4,,,1,4,,21745,4,,,1,3,,21762,4,,,1,4,,21768,4,,,1,3,,21778,4,,,1,4,,21784,4,,,1,3,,21793,4,,,1,4,,21795,4,,,1,44,,21798,4,,,1,4,,21579,4,,,1,4,,21581,4,,,1,4,,21590,4,,,1,4,,21594,4,,,1,4,,21608,4,,,1,4,,21624,4,,,1,4,,21629,4,,,1,4,,21639,4,,,1,4,,21643,4,,,1,5,,21652,4,,,1,4,,21658,4,,,1,4,,21667,4,,,1,5,,21679,4,,,1,45,,21687,4,,,1,5,,21691,4,,,1,5,,21703,4,,,1,5,,21715,4,,,1,6,,21723,4,,,1,5,,21729,4,,,1,6,,21746,4,,,1,6,,21769,4,,,1,6,,21779,4,,,1,5,,21785,4,,,1,6,,21796,4,,,1,46,,21799,4,,,1,6,,21582,4,,,1,6,,21591,4,,,1,6,,21609,4,,,1,6,,21625,4,,,1,6,,21630,4,,,1,6,,21644,4,,,1,6,,21653,4,,,1,6,,21668,4,,,1,6,,21680,4,,,1,46,,21688,4,,,1,6,,21692,4,,,1,7,,21704,4,,,1,6,,21724,4,,,1,6,,21730,4,,,1,6,,21747,4,,,1,6,,21770,4,,,1,6,,21780,4,,,1,6,,21786,4,,,1,6,,21797,4,,,1,46,,21800,4,,,1,6,,21583,4,,,1,6,,21592,4,,,1,6,,21610,4,,,1,7,,21626,4,,,1,6,,21631,4,,,1,7,,21645,4,,,1,8,,21654,4,,,1,7,,21669,4,,,1,48,,21689,4,,,1,8,,21693,4,,,1,8,,21725,4,,,1,8,,21731,4,,,1,8,,21748,4,,,1,8,,21771,4,,,1,8,,21781,4,,,1,48,,21801,4,,,1,8,,21584,4,,,1,8,,21611,4,,,1,8,,21627,4,,,1,8,,21632,4,,,1,8,,21646,4,,,1
