200,'GLOBAUX-01-A',600,,21847,22,,,1,10,,21851,22,,,1,10,,21872,22,,,1,10,,21881,22,,,1,9,,21890,22,,,1,10,,21905,22,,,1,10,,21919,22,,,1,50,,21927,22,,,1,10,,21933,22,,,1,10,,21941,22,,,1,10,,21952,22,,,1,9,,21960,22,,,1,10,,21811,22,,,1,49,,21825,22,,,1,9,,21839,22,,,1,9,,21848,22,,,1,9,,21852,22,,,1,9,,21860,22,,,1,8,,21873,22,,,1,49,,21882,22,,,1,9,,21891,22,,,1,8,,21898,22,,,1,9,,21906,22,,,1,8,,21913,22,,,1,9,,21920,22,,,1,8,,21934,22,,,1,49,,21942,22,,,1,8,,21953,22,,,1,8,,21961,22,,,1,9,,21812,22,,,1,8,,21826,22,,,1,9,,21840,22,,,1,8,,21849,22,,,1,9,,21853,22,,,1,48,,21861,22,,,1,9,,21874,22,,,1,8,,21883,22,,,1,9,,21892,22,,,1,7,,21899,22,,,1,8,,21907,22,,,1,8,,21914,22,,,1,48,,21921,22,,,1,7,,21935,22,,,1,8,,21943,22,,,1,8,,21954,22,,,1,7,,21962,22,,,1,8,,21813,22,,,1,8,,21819,22,,,1,7,,21827,22,,,1,47,,21841,22,,,1,8,,21850,22,,,1,7,,21854,22,,,1,7,,21862,22,,,1,8,,21866,22,,,1,7,,21875,22,,,1,6,,21884,22,,,1,7,,21893,22,,,1,46,,21900,22,,,1,6,,21908,22,,,1,7,,21915,22,,,1,6,,21922,22,,,1,7,,21928,22,,,1,6,,21936,22,,,1,7,,21944,22,,,1,6,,21947,22,,,1,7,,21955,22,,,1,6,,21963,22,,,1,47,,21814,22,,,1,6,,21820,22,,,1,7,,21828,22,,,1,6,,21833,22,,,1,6,,21842,22,,,1,7,,21855,22,,,1,7,,21863,22,,,1,6,,21867,22,,,1,6,,21876,22,,,1,47,,21885,22,,,1,6,,21894,22,,,1,7,,21901,22,,,1,6,,21909,22,,,1,7,,21916,22,,,1,6,,21923,22,,,1,7,,21929,22,,,1,6,,21937,22,,,1,7,,21945,22,,,1,46,,21948,22,,,1,6,,21956,22,,,1,7,,21964,22,,,1,6,,21815,22,,,1,7,,21821,22,,,1,6,,21829,22,,,1,6,,21834,22,,,1,7,,21843,22,,,1,6,,21856,22,,,1,7,,21864,22,,,1,46,,21868,22,,,1,6,,21877,22,,,1,6,,21886,22,,,1,7,,21895,22,,,1,6,,21902,22,,,1,6,,21910,22,,,1,7,,21917,22,,,1,6,,21924,22,,,1,6,,21930,22,,,1,47,,21938,22,,,1,6,,21946,22,,,1,7,,21949,22,,,1,6,,21957,22,,,1,6,,21965,22,,,1,6,,21816,22,,,1,7,,21822,22,,,1,6,,21830,22,,,1,7,,21835,22,,,1,6,,21844,22,,,1,47,,21857,22,,,1,8,,21865,22,,,1,7,,21869,22,,,1,8,,21878,22,,,1,7,,21887,22,,,1,7,,21896,22,,,1,8,,21903,22,,,1,7,,21911,22,,,1,48,,21918,22,,,1,7,,21925,22,,,1,7,,21931,22,,,1,8,,21939,22,,,1,7,,21950,22,,,1,8,,21958,22,,,1,7,,21817,22,,,1,8,,21823,22,,,1,48,,21831,22,,,1,8,,21836,22,,,1,7,,21845,22,,,1,9,,21858,22,,,1,9,,21870,22,,,1,8,,21879,22,,,1,9,,21888,22,,,1,49,,21897,22,,,1,9,,21904,22,,,1,9,,21912,22,,,1,10,,21926,22,,,1,9,,21932,22,,,1,10,,21940,22,,,1,49,,21951,22,,,1,10,,21959,22,,,1,10,,21818,22,,,1,9,,21832,22,,,1,10,,21837,22,,,1,10,,21846,22,,,1,50,,21859,22,,,1,10,,21871,22,,,1,10,,21880,22,,,1,13,,21889,22,,,1
200,'GLOBAUX-01-F1',600,,22001,22,,,1,9,,22009,22,,,1,9,,22017,22,,,1,10,,22025,22,,,1,9,,22031,22,,,1,9,,22043,22,,,1,10,,22047,22,,,1,49,,22062,22,,,1,9,,22074,22,,,1,10,,22082,22,,,1,9,,22090,22,,,1,9,,22095,22,,,1,9,,21966,22,,,1,50,,21975,22,,,1,9,,21993,22,,,1,9,,22002,22,,,1,9,,22010,22,,,1,10,,22018,22,,,1,9,,22026,22,,,1,9,,22032,22,,,1,50,,22044,22,,,1,9,,22048,22,,,1,8,,22055,22,,,1,9,,22063,22,,,1,9,,22075,22,,,1,8,,22083,22,,,1,9,,22091,22,,,1,48,,22096,22,,,1,9,,21967,22,,,1,8,,21976,22,,,1,9,,21986,22,,,1,9,,21994,22,,,1,8,,22003,22,,,1,9,,22011,22,,,1,48,,22019,22,,,1,9,,22027,22,,,1,9,,22033,22,,,1,8,,22045,22,,,1,9,,22049,22,,,1,8,,22056,22,,,1,9,,22064,22,,,1,49,,22076,22,,,1,8,,22084,22,,,1,9,,22092,22,,,1,9,,22097,22,,,1,8,,21968,22,,,1,8,,21977,22,,,1,8,,21987,22,,,1,48,,21995,22,,,1,8,,22004,22,,,1,8,,22012,22,,,1,8,,22020,22,,,1,8,,22028,22,,,1,8,,22034,22,,,1,8,,22046,22,,,1,48,,22050,22,,,1,8,,22057,22,,,1,8,,22065,22,,,1,8,,22070,22,,,1,7,,22077,22,,,1,7,,22085,22,,,1,6,,22093,22,,,1,7,,22098,22,,,1,7,,22103,22,,,1,47,,21969,22,,,1,7,,21978,22,,,1,7,,21981,22,,,1,7,,21988,22,,,1,6,,21996,22,,,1,7,,22005,22,,,1,7,,22013,22,,,1,7,,22021,22,,,1,47,,22029,22,,,1,7,,22035,22,,,1,7,,22039,22,,,1,6,,22051,22,,,1,7,,22058,22,,,1,7,,22066,22,,,1,7,,22071,22,,,1,7,,22078,22,,,1,7,,22086,22,,,1,47,,22094,22,,,1,6,,22099,22,,,1,7,,22104,22,,,1,7,,21970,22,,,1,7,,21979,22,,,1,7,,21982,22,,,1,7,,21989,22,,,1,6,,21997,22,,,1,8,,22006,22,,,1,47,,22014,22,,,1,7,,22022,22,,,1,8,,22030,22,,,1,7,,22036,22,,,1,7,,22040,22,,,1,7,,22052,22,,,1,8,,22059,22,,,1,7,,22067,22,,,1,47,,22072,22,,,1,8,,22079,22,,,1,7,,22087,22,,,1,8,,22100,22,,,1,8,,22105,22,,,1,8,,21971,22,,,1,8,,21980,22,,,1,7,,21983,22,,,1,48,,21990,22,,,1,8,,21998,22,,,1,8,,22007,22,,,1,8,,22015,22,,,1,7,,22023,22,,,1,8,,22037,22,,,1,8,,22041,22,,,1,48,,22053,22,,,1,8,,22060,22,,,1,8,,22068,22,,,1,8,,22073,22,,,1,8,,22080,22,,,1,9,,22088,22,,,1,8,,22101,22,,,1,9,,22106,22,,,1,48,,21972,22,,,1,9,,21984,22,,,1,9,,21991,22,,,1,8,,21999,22,,,1,9,,22008,22,,,1,10,,22016,22,,,1,50,,22024,22,,,1,10,,22038,22,,,1,10,,22042,22,,,1,10,,22054,22,,,1,10,,22061,22,,,1,10,,22069,22,,,1,50,,22081,22,,,1,10,,22089,22,,,1,10,,22102,22,,,1,10,,22107,22,,,1,10,,21973,22,,,1,10,,21985,22,,,1,52,,22000,22,,,1
200,'GLOBAUX-01-F2',600,,22143,22,,,1,9,,22151,22,,,1,9,,22159,22,,,1,10,,22167,22,,,1,9,,22173,22,,,1,9,,22185,22,,,1,10,,22189,22,,,1,49,,22204,22,,,1,9,,22216,22,,,1,10,,22224,22,,,1,9,,22232,22,,,1,9,,22237,22,,,1,9,,22108,22,,,1,50,,22117,22,,,1,9,,22135,22,,,1,9,,22144,22,,,1,9,,22152,22,,,1,10,,22160,22,,,1,9,,22168,22,,,1,9,,22174,22,,,1,50,,22186,22,,,1,9,,22190,22,,,1,8,,22197,22,,,1,9,,22205,22,,,1,9,,22217,22,,,1,8,,22225,22,,,1,9,,22233,22,,,1,48,,22238,22,,,1,9,,22109,22,,,1,8,,22118,22,,,1,9,,22128,22,,,1,9,,22136,22,,,1,8,,22145,22,,,1,9,,22153,22,,,1,48,,22161,22,,,1,9,,22169,22,,,1,9,,22175,22,,,1,8,,22187,22,,,1,9,,22191,22,,,1,8,,22198,22,,,1,9,,22206,22,,,1,49,,22218,22,,,1,8,,22226,22,,,1,9,,22234,22,,,1,9,,22239,22,,,1,8,,22110,22,,,1,8,,22119,22,,,1,8,,22129,22,,,1,48,,22137,22,,,1,8,,22146,22,,,1,8,,22154,22,,,1,8,,22162,22,,,1,8,,22170,22,,,1,8,,22176,22,,,1,8,,22188,22,,,1,48,,22192,22,,,1,8,,22199,22,,,1,8,,22207,22,,,1,8,,22212,22,,,1,7,,22219,22,,,1,7,,22227,22,,,1,6,,22235,22,,,1,7,,22240,22,,,1,7,,22245,22,,,1,47,,22111,22,,,1,7,,22120,22,,,1,7,,22123,22,,,1,7,,22130,22,,,1,6,,22138,22,,,1,7,,22147,22,,,1,7,,22155,22,,,1,7,,22163,22,,,1,47,,22171,22,,,1,7,,22177,22,,,1,7,,22181,22,,,1,6,,22193,22,,,1,7,,22200,22,,,1,7,,22208,22,,,1,7,,22213,22,,,1,7,,22220,22,,,1,7,,22228,22,,,1,47,,22236,22,,,1,6,,22241,22,,,1,7,,22246,22,,,1,7,,22112,22,,,1,7,,22121,22,,,1,7,,22124,22,,,1,7,,22131,22,,,1,6,,22139,22,,,1,8,,22148,22,,,1,47,,22156,22,,,1,7,,22164,22,,,1,8,,22172,22,,,1,7,,22178,22,,,1,7,,22182,22,,,1,7,,22194,22,,,1,8,,22201,22,,,1,7,,22209,22,,,1,47,,22214,22,,,1,8,,22221,22,,,1,7,,22229,22,,,1,8,,22242,22,,,1,8,,22247,22,,,1,8,,22113,22,,,1,8,,22122,22,,,1,7,,22125,22,,,1,48,,22132,22,,,1,8,,22140,22,,,1,8,,22149,22,,,1,8,,22157,22,,,1,7,,22165,22,,,1,8,,22179,22,,,1,8,,22183,22,,,1,48,,22195,22,,,1,8,,22202,22,,,1,8,,22210,22,,,1,8,,22215,22,,,1,8,,22222,22,,,1,9,,22230,22,,,1,8,,22243,22,,,1,9,,22248,22,,,1,48,,22114,22,,,1,9,,22126,22,,,1,9,,22133,22,,,1,8,,22141,22,,,1,9,,22150,22,,,1,10,,22158,22,,,1,50,,22166,22,,,1,10,,22180,22,,,1,10,,22184,22,,,1,10,,22196,22,,,1,10,,22203,22,,,1,10,,22211,22,,,1,50,,22223,22,,,1,10,,22231,22,,,1,10,,22244,22,,,1,10,,22249,22,,,1,10,,22115,22,,,1,10,,22127,22,,,1,52,,22142,22,,,1
200,'GLOBAUX-01-I',600,,22285,22,,,1,9,,22293,22,,,1,9,,22301,22,,,1,10,,22309,22,,,1,9,,22315,22,,,1,9,,22327,22,,,1,10,,22331,22,,,1,49,,22346,22,,,1,9,,22358,22,,,1,10,,22366,22,,,1,9,,22374,22,,,1,9,,22379,22,,,1,9,,22250,22,,,1,50,,22259,22,,,1,9,,22277,22,,,1,9,,22286,22,,,1,9,,22294,22,,,1,10,,22302,22,,,1,9,,22310,22,,,1,9,,22316,22,,,1,50,,22328,22,,,1,9,,22332,22,,,1,8,,22339,22,,,1,9,,22347,22,,,1,9,,22359,22,,,1,8,,22367,22,,,1,9,,22375,22,,,1,48,,22380,22,,,1,9,,22251,22,,,1,8,,22260,22,,,1,9,,22270,22,,,1,9,,22278,22,,,1,8,,22287,22,,,1,9,,22295,22,,,1,48,,22303,22,,,1,9,,22311,22,,,1,9,,22317,22,,,1,8,,22329,22,,,1,9,,22333,22,,,1,8,,22340,22,,,1,9,,22348,22,,,1,49,,22360,22,,,1,8,,22368,22,,,1,9,,22376,22,,,1,9,,22381,22,,,1,8,,22252,22,,,1,8,,22261,22,,,1,8,,22271,22,,,1,48,,22279,22,,,1,8,,22288,22,,,1,8,,22296,22,,,1,8,,22304,22,,,1,8,,22312,22,,,1,8,,22318,22,,,1,8,,22330,22,,,1,48,,22334,22,,,1,8,,22341,22,,,1,8,,22349,22,,,1,8,,22354,22,,,1,7,,22361,22,,,1,7,,22369,22,,,1,6,,22377,22,,,1,7,,22382,22,,,1,7,,22387,22,,,1,47,,22253,22,,,1,7,,22262,22,,,1,7,,22265,22,,,1,7,,22272,22,,,1,6,,22280,22,,,1,7,,22289,22,,,1,7,,22297,22,,,1,7,,22305,22,,,1,47,,22313,22,,,1,7,,22319,22,,,1,7,,22323,22,,,1,6,,22335,22,,,1,7,,22342,22,,,1,7,,22350,22,,,1,7,,22355,22,,,1,7,,22362,22,,,1,7,,22370,22,,,1,47,,22378,22,,,1,6,,22383,22,,,1,7,,22388,22,,,1,7,,22254,22,,,1,7,,22263,22,,,1,7,,22266,22,,,1,7,,22273,22,,,1,6,,22281,22,,,1,8,,22290,22,,,1,47,,22298,22,,,1,7,,22306,22,,,1,8,,22314,22,,,1,7,,22320,22,,,1,7,,22324,22,,,1,7,,22336,22,,,1,8,,22343,22,,,1,7,,22351,22,,,1,47,,22356,22,,,1,8,,22363,22,,,1,7,,22371,22,,,1,8,,22384,22,,,1,8,,22389,22,,,1,8,,22255,22,,,1,8,,22264,22,,,1,7,,22267,22,,,1,48,,22274,22,,,1,8,,22282,22,,,1,8,,22291,22,,,1,8,,22299,22,,,1,7,,22307,22,,,1,8,,22321,22,,,1,8,,22325,22,,,1,48,,22337,22,,,1,8,,22344,22,,,1,8,,22352,22,,,1,8,,22357,22,,,1,8,,22364,22,,,1,9,,22372,22,,,1,8,,22385,22,,,1,9,,22390,22,,,1,48,,22256,22,,,1,9,,22268,22,,,1,9,,22275,22,,,1,8,,22283,22,,,1,9,,22292,22,,,1,10,,22300,22,,,1,50,,22308,22,,,1,10,,22322,22,,,1,10,,22326,22,,,1,10,,22338,22,,,1,10,,22345,22,,,1,10,,22353,22,,,1,50,,22365,22,,,1,10,,22373,22,,,1,10,,22386,22,,,1,10,,22391,22,,,1,10,,22257,22,,,1,10,,22269,22,,,1,52,,22284,22,,,1
200,'GLOBAUX-01-S',559,,22463,22,,,1,46,,22473,22,,,1,6,,22483,22,,,1,6,,22498,22,,,1,6,,22509,22,,,1,7,,22518,22,,,1,6,,22532,22,,,1,6,,22534,22,,,1,5,,22554,22,,,1,5,,22571,22,,,1,5,,22573,22,,,1,45,,22580,22,,,1,5,,22582,22,,,1,4,,22594,22,,,1,4,,22600,22,,,1,4,,22606,22,,,1,4,,22607,22,,,1,4,,22613,22,,,1,3,,22622,22,,,1,4,,22392,22,,,1,3,,22393,22,,,1,3,,22403,22,,,1,4,,22411,22,,,1,3,,22412,22,,,1,4,,22421,22,,,1,3,,22423,22,,,1,4,,22428,22,,,1,43,,22436,22,,,1,3,,22444,22,,,1,4,,22456,22,,,1,3,,22461,22,,,1,3,,22462,22,,,1,4,,22464,22,,,1,3,,22474,22,,,1,3,,22484,22,,,1,3,,22492,22,,,1,4,,22494,22,,,1,3,,22499,22,,,1,3,,22504,22,,,1,3,,22510,22,,,1,4,,22515,22,,,1,3,,22519,22,,,1,3,,22527,22,,,1,3,,22533,22,,,1,4,,22535,22,,,1,43,,22540,22,,,1,3,,22555,22,,,1,3,,22564,22,,,1,4,,22572,22,,,1,3,,22574,22,,,1,4,,22575,22,,,1,4,,22583,22,,,1,3,,22590,22,,,1,4,,22595,22,,,1,4,,22601,22,,,1,3,,22608,22,,,1,4,,22614,22,,,1,4,,22623,22,,,1,4,,22630,22,,,1,4,,22394,22,,,1,4,,22404,22,,,1,4,,22413,22,,,1,43,,22420,22,,,1,4,,22424,22,,,1,5,,22437,22,,,1,6,,22445,22,,,1,5,,22457,22,,,1,6,,22465,22,,,1,6,,22475,22,,,1,6,,22485,22,,,1,6,,22495,22,,,1,6,,22505,22,,,1,6,,22511,22,,,1,46,,22520,22,,,1,6,,22528,22,,,1,6,,22541,22,,,1,6,,22556,22,,,1,6,,22565,22,,,1,6,,22576,22,,,1,6,,22584,22,,,1,6,,22596,22,,,1,6,,22602,22,,,1,6,,22615,22,,,1,46,,22624,22,,,1,6,,22395,22,,,1,6,,22405,22,,,1,6,,22414,22,,,1,6,,22425,22,,,1,6,,22438,22,,,1,6,,22446,22,,,1,6,,22458,22,,,1,6,,22466,22,,,1,6,,22476,22,,,1,46,,22486,22,,,1,6,,22496,22,,,1,6,,22506,22,,,1,6,,22512,22,,,1,6,,22521,22,,,1,6,,22529,22,,,1,6,,22542,22,,,1,6,,22557,22,,,1,6,,22566,22,,,1,6,,22577,22,,,1,46,,22585,22,,,1,6,,22597,22,,,1,6,,22603,22,,,1,6,,22616,22,,,1,6,,22625,22,,,1,6,,22396,22,,,1,6,,22406,22,,,1,6,,22415,22,,,1,6,,22426,22,,,1,6,,22439,22,,,1,47,,22447,22,,,1,6,,22459,22,,,1,6,,22467,22,,,1,5,,22477,22,,,1,5,,22487,22,,,1,5,,22497,22,,,1,4,,22500,22,,,1,5,,22507,22,,,1,4,,22513,22,,,1,4,,22516,22,,,1,4,,22522,22,,,1,4,,22530,22,,,1,44,,22536,22,,,1,3,,22543,22,,,1,3,,22547,22,,,1,4,,22558,22,,,1,3,,22562,22,,,1,3,,22567,22,,,1,3,,22578,22,,,1,3,,22581,22,,,1,3,,22586,22,,,1,3,,22591,22,,,1,2,,22598,22,,,1,3,,22604,22,,,1,3,,22609,22,,,1,3,,22617,22,,,1,3,,22618,22,,,1,3,,22626,22,,,1,3,,22397,22,,,1,3,,22398,22,,,1,3,,22399,22,,,1,3,,22400,22,,,1,43,,22407,22,,,1,3,,22416,22,,,1,3,,22422,22,,,1,3,,22427,22,0,5,1,3,,22429,22,,,1,2,,22433,22,,,1,3,,22440,22,,,1,3,,22448,22,0,5,1,3,,22449,22,,,1,3,,22453,22,,,1,3,,22460,22,,,1,3,,22468,22,0,5,1,3,,22469,22,,,1,3,,22478,22,,,1,3,,22482,22,0,5,1,3,,22488,22,,,1,2,,22493,22,0,5,1,3,,22501,22,,,1,3,,22508,22,,,1,4,,22514,22,,,1,43,,22517,22,,,1,3,,22523,22,,,1,4,,22531,22,,,1,3,,22537,22,,,1,4,,22544,22,,,1,3,,22548,22,,,1,4,,22551,22,,,1,4,,22559,22,,,1,4,,22563,22,,,1,3,,22568,22,,,1,4,,22579,22,,,1,4,,22587,22,,,1,4,,22592,22,,,1,4,,22599,22,,,1,4,,22605,22,,,1,4,,22610,22,,,1,44,,22619,22,,,1,5,,22627,22,,,1,5,,22401,22,,,1,5,,22408,22,,,1,5,,22417,22,,,1,5,,22430,22,,,1,6,,22434,22,,,1,6,,22441,22,,,1,6,,22450,22,,,1,6,,22454,22,,,1,6,,22470,22,,,1,45,,22479,22,,,1,6,,22489,22,,,1,6,,22502,22,,,1,7,,22524,22,,,1,6,,22538,22,,,1,5,,22545,22,,,1,6,,22549,22,,,1,6,,22552,22,,,1,7,,22560,22,,,1,6,,22569,22,,,1,45,,22588,22,,,1,6,,22593,22,,,1,6,,22611,22,,,1,6,,22620,22,,,1,6,,22628,22,,,1,7,,22402,22,,,1,6,,22409,22,,,1,6,,22418,22,,,1,5,,22431,22,,,1,6,,22435,22,,,1,46,,22442,22,,,1,6,,22451,22,,,1,6,,22455,22,,,1,6,,22471,22,,,1,6,,22480,22,,,1,6,,22490,22,,,1,6,,22503,22,,,1,6,,22525,22,,,1,6,,22539,22,,,1,6,,22546,22,,,1,46,,22550,22,,,1,7,,22553,22,,,1,7,,22561,22,,,1,7,,22570,22,,,1,7,,22589,22,,,1,7,,22612,22,,,1,7,,22621,22,,,1,7,,22629,22,,,1,7,,22410,22,,,1,48,,22419,22,,,1,8,,22432,22,,,1,8,,22443,22,,,1,8,,22452,22,,,1,8,,22472,22,,,1,8,,22481,22,,,1,7,,22491,22,,,1,52,,22526,22,,,1
201,'GLOBAUX-01-A',539,,22741,10,,,1,10,,22748,10,,,1,10,,22757,10,,,1,49,,22769,10,,,1,10,,22778,10,,,1,9,,22631,10,,,1,10,,22645,10,,,1,10,,22658,10,,,1,9,,22666,10,,,1,50,,22669,10,,,1,10,,22688,10,,,1,9,,22696,10,,,1,10,,22704,10,,,1,9,,22712,10,,,1,9,,22719,10,,,1,50,,22727,10,,,1,9,,22733,10,,,1,8,,22749,10,,,1,9,,22758,10,,,1,9,,22770,10,,,1,9,,22779,10,,,1,8,,22632,10,,,1,49,,22646,10,,,1,9,,22659,10,,,1,8,,22667,10,,,1,9,,22670,10,,,1,9,,22677,10,,,1,8,,22689,10,,,1,9,,22697,10,,,1,49,,22705,10,,,1,9,,22713,10,,,1,8,,22720,10,,,1,9,,22728,10,,,1,9,,22734,10,,,1,8,,22750,10,,,1,7,,22759,10,,,1,48,,22771,10,,,1,8,,22780,10,,,1,7,,22633,10,,,1,8,,22640,10,,,1,7,,22647,10,,,1,7,,22660,10,,,1,7,,22668,10,,,1,7,,22671,10,,,1,47,,22678,10,,,1,7,,22682,10,,,1,7,,22690,10,,,1,7,,22698,10,,,1,7,,22706,10,,,1,7,,22714,10,,,1,7,,22721,10,,,1,6,,22729,10,,,1,7,,22735,10,,,1,46,,22742,10,,,1,6,,22751,10,,,1,7,,22760,10,,,1,6,,22763,10,,,1,7,,22772,10,,,1,6,,22781,10,,,1,6,,22634,10,,,1,7,,22641,10,,,1,6,,22648,10,,,1,47,,22653,10,,,1,6,,22661,10,,,1,6,,22672,10,,,1,7,,22679,10,,,1,6,,22683,10,,,1,7,,22691,10,,,1,6,,22699,10,,,1,7,,22707,10,,,1,6,,22715,10,,,1,6,,22722,10,,,1,47,,22730,10,,,1,6,,22736,10,,,1,7,,22743,10,,,1,6,,22752,10,,,1,6,,22761,10,,,1,7,,22764,10,,,1,6,,22773,10,,,1,7,,22782,10,,,1,6,,22635,10,,,1,46,,22642,10,,,1,7,,22649,10,,,1,6,,22654,10,,,1,7,,22662,10,,,1,6,,22673,10,,,1,7,,22680,10,,,1,6,,22684,10,,,1,6,,22692,10,,,1,7,,22700,10,,,1,6,,22708,10,,,1,47,,22716,10,,,1,6,,22723,10,,,1,6,,22731,10,,,1,7,,22737,10,,,1,6,,22744,10,,,1,7,,22753,10,,,1,6,,22762,10,,,1,7,,22765,10,,,1,6,,22774,10,,,1,46,,22783,10,,,1,7,,22636,10,,,1,6,,22643,10,,,1,7,,22650,10,,,1,6,,22655,10,,,1,6,,22663,10,,,1,7,,22674,10,,,1,7,,22681,10,,,1,7,,22685,10,,,1,47,,22693,10,,,1,7,,22701,10,,,1,7,,22709,10,,,1,8,,22717,10,,,1,7,,22724,10,,,1,7,,22732,10,,,1,8,,22738,10,,,1,7,,22745,10,,,1,48,,22754,10,,,1,7,,22766,10,,,1,8,,22775,10,,,1,8,,22637,10,,,1,8,,22644,10,,,1,7,,22651,10,,,1,8,,22656,10,,,1,8,,22664,10,,,1,48,,22675,10,,,1,8,,22686,10,,,1,8,,22694,10,,,1,8,,22702,10,,,1,9,,22710,10,,,1,8,,22718,10,,,1,10,,22725,10,,,1,49,,22739,10,,,1,9,,22746,10,,,1,10,,22755,10,,,1,9,,22767,10,,,1,10,,22776,10,,,1,9,,22638,10,,,1,50,,22652,10,,,1,9,,22657,10,,,1,10,,22665,10,,,1,10,,22676,10,,,1,9,,22687,10,,,1,10,,22695,10,,,1,10,,22703,10,,,1,50,,22711,10,,,1,9,,22726,10,,,1,10,,22740,10,,,1,10,,22747,10,,,1,10,,22756,10,,,1,10,,22768,10,,,1,50,,22777,10,,,1,10,,22639,10,,,1
201,'GLOBAUX-01-F1',539,,22877,10,,,1,10,,22890,10,,,1,9,,22898,10,,,1,49,,22906,10,,,1,10,,22911,10,,,1,9,,22784,10,,,1,9,,22792,10,,,1,10,,22809,10,,,1,9,,22817,10,,,1,49,,22825,10,,,1,10,,22833,10,,,1,9,,22841,10,,,1,10,,22846,10,,,1,9,,22859,10,,,1,9,,22862,10,,,1,50,,22878,10,,,1,9,,22891,10,,,1,9,,22899,10,,,1,9,,22907,10,,,1,10,,22912,10,,,1,9,,22785,10,,,1,9,,22793,10,,,1,49,,22803,10,,,1,8,,22810,10,,,1,9,,22818,10,,,1,9,,22826,10,,,1,9,,22834,10,,,1,8,,22842,10,,,1,9,,22847,10,,,1,49,,22860,10,,,1,8,,22863,10,,,1,9,,22870,10,,,1,8,,22879,10,,,1,9,,22892,10,,,1,8,,22900,10,,,1,9,,22908,10,,,1,49,,22913,10,,,1,8,,22786,10,,,1,9,,22794,10,,,1,8,,22804,10,,,1,9,,22811,10,,,1,9,,22819,10,,,1,8,,22827,10,,,1,49,,22835,10,,,1,8,,22843,10,,,1,8,,22848,10,,,1,8,,22861,10,,,1,8,,22864,10,,,1,8,,22871,10,,,1,7,,22880,10,,,1,7,,22886,10,,,1,47,,22893,10,,,1,7,,22901,10,,,1,7,,22909,10,,,1,7,,22914,10,,,1,7,,22919,10,,,1,6,,22787,10,,,1,7,,22795,10,,,1,7,,22798,10,,,1,47,,22805,10,,,1,7,,22812,10,,,1,7,,22820,10,,,1,6,,22828,10,,,1,7,,22836,10,,,1,7,,22844,10,,,1,7,,22849,10,,,1,7,,22854,10,,,1,7,,22865,10,,,1,46,,22872,10,,,1,7,,22881,10,,,1,7,,22887,10,,,1,7,,22894,10,,,1,7,,22902,10,,,1,7,,22910,10,,,1,6,,22915,10,,,1,7,,22920,10,,,1,7,,22788,10,,,1,47,,22796,10,,,1,7,,22799,10,,,1,7,,22806,10,,,1,7,,22813,10,,,1,8,,22821,10,,,1,7,,22829,10,,,1,7,,22837,10,,,1,8,,22845,10,,,1,47,,22850,10,,,1,7,,22855,10,,,1,8,,22866,10,,,1,7,,22873,10,,,1,7,,22882,10,,,1,8,,22888,10,,,1,7,,22895,10,,,1,7,,22903,10,,,1,48,,22916,10,,,1,8,,22921,10,,,1,8,,22789,10,,,1,7,,22797,10,,,1,8,,22800,10,,,1,8,,22807,10,,,1,8,,22814,10,,,1,8,,22822,10,,,1,47,,22830,10,,,1,8,,22838,10,,,1,8,,22851,10,,,1,8,,22856,10,,,1,8,,22867,10,,,1,8,,22874,10,,,1,7,,22883,10,,,1,8,,22889,10,,,1,48,,22896,10,,,1,9,,22904,10,,,1,8,,22917,10,,,1,9,,22922,10,,,1,8,,22790,10,,,1,9,,22801,10,,,1,8,,22808,10,,,1,49,,22815,10,,,1,8,,22823,10,,,1,9,,22831,10,,,1,9,,22839,10,,,1,9,,22852,10,,,1,9,,22857,10,,,1,9,,22868,10,,,1,49,,22875,10,,,1,10,,22884,10,,,1,10,,22897,10,,,1,10,,22905,10,,,1,10,,22918,10,,,1,10,,22923,10,,,1,50,,22791,10,,,1,10,,22802,10,,,1,10,,22816,10,,,1,10,,22824,10,,,1,10,,22832,10,,,1,10,,22840,10,,,1,50,,22853,10,,,1,10,,22858,10,,,1,10,,22869,10,,,1,10,,22876,10,,,1,10,,22885,10,,,1
201,'GLOBAUX-01-F2',539,,23017,10,,,1,10,,23030,10,,,1,9,,23038,10,,,1,49,,23046,10,,,1,10,,23051,10,,,1,9,,22924,10,,,1,9,,22932,10,,,1,10,,22949,10,,,1,9,,22957,10,,,1,49,,22965,10,,,1,10,,22973,10,,,1,9,,22981,10,,,1,10,,22986,10,,,1,9,,22999,10,,,1,9,,23002,10,,,1,50,,23018,10,,,1,9,,23031,10,,,1,9,,23039,10,,,1,9,,23047,10,,,1,10,,23052,10,,,1,9,,22925,10,,,1,9,,22933,10,,,1,49,,22943,10,,,1,8,,22950,10,,,1,9,,22958,10,,,1,9,,22966,10,,,1,9,,22974,10,,,1,8,,22982,10,,,1,9,,22987,10,,,1,49,,23000,10,,,1,8,,23003,10,,,1,9,,23010,10,,,1,8,,23019,10,,,1,9,,23032,10,,,1,8,,23040,10,,,1,9,,23048,10,,,1,49,,23053,10,,,1,8,,22926,10,,,1,9,,22934,10,,,1,8,,22944,10,,,1,9,,22951,10,,,1,9,,22959,10,,,1,8,,22967,10,,,1,49,,22975,10,,,1,8,,22983,10,,,1,8,,22988,10,,,1,8,,23001,10,,,1,8,,23004,10,,,1,8,,23011,10,,,1,7,,23020,10,,,1,7,,23026,10,,,1,47,,23033,10,,,1,7,,23041,10,,,1,7,,23049,10,,,1,7,,23054,10,,,1,7,,23059,10,,,1,6,,22927,10,,,1,7,,22935,10,,,1,7,,22938,10,,,1,47,,22945,10,,,1,7,,22952,10,,,1,7,,22960,10,,,1,6,,22968,10,,,1,7,,22976,10,,,1,7,,22984,10,,,1,7,,22989,10,,,1,7,,22994,10,,,1,7,,23005,10,,,1,46,,23012,10,,,1,7,,23021,10,,,1,7,,23027,10,,,1,7,,23034,10,,,1,7,,23042,10,,,1,7,,23050,10,,,1,6,,23055,10,,,1,7,,23060,10,,,1,7,,22928,10,,,1,47,,22936,10,,,1,7,,22939,10,,,1,7,,22946,10,,,1,7,,22953,10,,,1,8,,22961,10,,,1,7,,22969,10,,,1,7,,22977,10,,,1,8,,22985,10,,,1,47,,22990,10,,,1,7,,22995,10,,,1,8,,23006,10,,,1,7,,23013,10,,,1,7,,23022,10,,,1,8,,23028,10,,,1,7,,23035,10,,,1,7,,23043,10,,,1,48,,23056,10,,,1,8,,23061,10,,,1,8,,22929,10,,,1,7,,22937,10,,,1,8,,22940,10,,,1,8,,22947,10,,,1,8,,22954,10,,,1,8,,22962,10,,,1,47,,22970,10,,,1,8,,22978,10,,,1,8,,22991,10,,,1,8,,22996,10,,,1,8,,23007,10,,,1,8,,23014,10,,,1,7,,23023,10,,,1,8,,23029,10,,,1,48,,23036,10,,,1,9,,23044,10,,,1,8,,23057,10,,,1,9,,23062,10,,,1,8,,22930,10,,,1,9,,22941,10,,,1,8,,22948,10,,,1,49,,22955,10,,,1,8,,22963,10,,,1,9,,22971,10,,,1,9,,22979,10,,,1,9,,22992,10,,,1,9,,22997,10,,,1,9,,23008,10,,,1,49,,23015,10,,,1,10,,23024,10,,,1,10,,23037,10,,,1,10,,23045,10,,,1,10,,23058,10,,,1,10,,23063,10,,,1,50,,22931,10,,,1,10,,22942,10,,,1,10,,22956,10,,,1,10,,22964,10,,,1,10,,22972,10,,,1,10,,22980,10,,,1,50,,22993,10,,,1,10,,22998,10,,,1,10,,23009,10,,,1,10,,23016,10,,,1,10,,23025,10,,,1
201,'GLOBAUX-01-I',539,,23157,10,,,1,10,,23170,10,,,1,9,,23178,10,,,1,49,,23186,10,,,1,10,,23191,10,,,1,9,,23064,10,,,1,9,,23072,10,,,1,10,,23089,10,,,1,9,,23097,10,,,1,49,,23105,10,,,1,10,,23113,10,,,1,9,,23121,10,,,1,10,,23126,10,,,1,9,,23139,10,,,1,9,,23142,10,,,1,50,,23158,10,,,1,9,,23171,10,,,1,9,,23179,10,,,1,9,,23187,10,,,1,10,,23192,10,,,1,9,,23065,10,,,1,9,,23073,10,,,1,49,,23083,10,,,1,8,,23090,10,,,1,9,,23098,10,,,1,9,,23106,10,,,1,9,,23114,10,,,1,8,,23122,10,,,1,9,,23127,10,,,1,49,,23140,10,,,1,8,,23143,10,,,1,9,,23150,10,,,1,8,,23159,10,,,1,9,,23172,10,,,1,8,,23180,10,,,1,9,,23188,10,,,1,49,,23193,10,,,1,8,,23066,10,,,1,9,,23074,10,,,1,8,,23084,10,,,1,9,,23091,10,,,1,9,,23099,10,,,1,8,,23107,10,,,1,49,,23115,10,,,1,8,,23123,10,,,1,8,,23128,10,,,1,8,,23141,10,,,1,8,,23144,10,,,1,8,,23151,10,,,1,7,,23160,10,,,1,7,,23166,10,,,1,47,,23173,10,,,1,7,,23181,10,,,1,7,,23189,10,,,1,7,,23194,10,,,1,7,,23199,10,,,1,6,,23067,10,,,1,7,,23075,10,,,1,7,,23078,10,,,1,47,,23085,10,,,1,7,,23092,10,,,1,7,,23100,10,,,1,6,,23108,10,,,1,7,,23116,10,,,1,7,,23124,10,,,1,7,,23129,10,,,1,7,,23134,10,,,1,7,,23145,10,,,1,46,,23152,10,,,1,7,,23161,10,,,1,7,,23167,10,,,1,7,,23174,10,,,1,7,,23182,10,,,1,7,,23190,10,,,1,6,,23195,10,,,1,7,,23200,10,,,1,7,,23068,10,,,1,47,,23076,10,,,1,7,,23079,10,,,1,7,,23086,10,,,1,7,,23093,10,,,1,8,,23101,10,,,1,7,,23109,10,,,1,7,,23117,10,,,1,8,,23125,10,,,1,47,,23130,10,,,1,7,,23135,10,,,1,8,,23146,10,,,1,7,,23153,10,,,1,7,,23162,10,,,1,8,,23168,10,,,1,7,,23175,10,,,1,7,,23183,10,,,1,48,,23196,10,,,1,8,,23201,10,,,1,8,,23069,10,,,1,7,,23077,10,,,1,8,,23080,10,,,1,8,,23087,10,,,1,8,,23094,10,,,1,8,,23102,10,,,1,47,,23110,10,,,1,8,,23118,10,,,1,8,,23131,10,,,1,8,,23136,10,,,1,8,,23147,10,,,1,8,,23154,10,,,1,7,,23163,10,,,1,8,,23169,10,,,1,48,,23176,10,,,1,9,,23184,10,,,1,8,,23197,10,,,1,9,,23202,10,,,1,8,,23070,10,,,1,9,,23081,10,,,1,8,,23088,10,,,1,49,,23095,10,,,1,8,,23103,10,,,1,9,,23111,10,,,1,9,,23119,10,,,1,9,,23132,10,,,1,9,,23137,10,,,1,9,,23148,10,,,1,49,,23155,10,,,1,10,,23164,10,,,1,10,,23177,10,,,1,10,,23185,10,,,1,10,,23198,10,,,1,10,,23203,10,,,1,50,,23071,10,,,1,10,,23082,10,,,1,10,,23096,10,,,1,10,,23104,10,,,1,10,,23112,10,,,1,10,,23120,10,,,1,50,,23133,10,,,1,10,,23138,10,,,1,10,,23149,10,,,1,10,,23156,10,,,1,10,,23165,10,,,1
201,'GLOBAUX-01-S',539,,23391,10,,,1,6,,23405,10,,,1,6,,23411,10,,,1,6,,23418,10,,,1,46,,23424,10,,,1,6,,23204,10,,,1,6,,23206,10,,,1,6,,23224,10,,,1,6,,23226,10,,,1,5,,23238,10,,,1,5,,23243,10,,,1,5,,23251,10,,,1,5,,23276,10,,,1,4,,23277,10,,,1,4,,23279,10,,,1,4,,23288,10,,,1,44,,23297,10,,,1,4,,23305,10,,,1,3,,23308,10,,,1,4,,23313,10,,,1,3,,23322,10,,,1,4,,23327,10,,,1,3,,23331,10,,,1,3,,23339,10,,,1,3,,23344,10,,,1,3,,23346,10,,,1,3,,23351,10,,,1,3,,23366,10,,,1,3,,23375,7,,,1,2,,23383,10,,,1,3,,23384,10,,,1,3,,23385,7,,,1,3,,23390,10,,,1,3,,23392,10,,,1,3,,23394,10,,,1,43,,23401,7,,,1,3,,23406,10,,,1,3,,23412,10,,,1,3,,23417,10,,,1,3,,23419,10,,,1,3,,23425,10,,,1,2,,23434,10,,,1,3,,23442,7,,,1,3,,23205,10,,,1,3,,23207,10,,,1,3,,23216,10,,,1,3,,23225,10,,,1,3,,23227,10,,,1,3,,23234,7,,,1,3,,23235,10,,,1,2,,23239,10,,,1,3,,23244,10,,,1,3,,23252,10,,,1,3,,23259,10,,,1,3,,23260,10,,,1,43,,23271,10,,,1,3,,23278,10,,,1,4,,23280,10,,,1,3,,23289,10,,,1,3,,23298,10,,,1,4,,23306,10,,,1,3,,23309,10,,,1,4,,23314,10,,,1,4,,23318,10,,,1,4,,23323,10,,,1,3,,23328,10,,,1,4,,23332,10,,,1,4,,23340,10,,,1,5,,23345,10,,,1,5,,23352,10,,,1,5,,23367,10,,,1,45,,23376,10,,,1,5,,23386,10,,,1,5,,23395,10,,,1,6,,23407,10,,,1,6,,23413,10,,,1,6,,23426,10,,,1,6,,23435,10,,,1,6,,23208,10,,,1,6,,23217,10,,,1,6,,23228,10,,,1,46,,23240,10,,,1,6,,23253,10,,,1,6,,23261,10,,,1,6,,23272,10,,,1,6,,23281,10,,,1,6,,23290,10,,,1,6,,23299,10,,,1,6,,23310,10,,,1,6,,23319,10,,,1,6,,23324,10,,,1,46,,23333,10,,,1,6,,23341,10,,,1,6,,23353,10,,,1,6,,23368,10,,,1,6,,23377,10,,,1,6,,23387,10,,,1,6,,23396,10,,,1,6,,23408,10,,,1,6,,23414,10,,,1,6,,23427,10,,,1,46,,23436,10,,,1,6,,23209,10,,,1,6,,23218,10,,,1,6,,23229,10,,,1,6,,23241,10,,,1,6,,23254,10,,,1,6,,23262,10,,,1,6,,23273,10,,,1,6,,23282,10,,,1,6,,23291,10,,,1,46,,23300,10,,,1,6,,23311,10,,,1,6,,23320,10,,,1,6,,23325,10,,,1,6,,23334,10,,,1,6,,23342,10,,,1,6,,23354,10,,,1,6,,23369,10,,,1,6,,23378,10,,,1,6,,23388,10,,,1,46,,23397,10,,,1,6,,23409,10,,,1,5,,23415,10,,,1,5,,23428,10,,,1,5,,23437,10,,,1,5,,23210,10,,,1,5,,23212,10,,,1,5,,23219,10,,,1,4,,23230,10,,,1,4,,23236,10,,,1,3,,23242,10,,,1,3,,23248,10,,,1,4,,23255,10,,,1,3,,23263,10,,,1,43,,23267,10,,,1,4,,23274,10,,,1,3,,23283,10,,,1,3,,23284,10,,,1,3,,23292,10,,,1,3,,23296,10,,,1,4,,23301,10,,,1,3,,23307,10,,,1,3,,23312,10,,,1,3,,23315,10,,,1,4,,23321,10,,,1,3,,23326,10,,,1,3,,23329,10,,,1,3,,23335,10,,,1,3,,23343,10,,,1,4,,23347,10,,,1,3,,23355,10,,,1,3,,23358,10,,,1,3,,23362,10,,,1,43,,23370,10,,,1,3,,23374,10,,,1,4,,23379,10,,,1,3,,23389,10,,,1,3,,23393,10,,,1,3,,23398,10,,,1,3,,23402,10,,,1,4,,23410,10,,,1,3,,23416,10,,,1,3,,23420,10,,,1,3,,23429,10,,,1,4,,23430,10,,,1,3,,23438,10,,,1,4,,23211,10,,,1,4,,23213,10,,,1,3,,23220,10,,,1,4,,23231,10,,,1,44,,23237,10,,,1,4,,23245,10,,,1,4,,23249,10,,,1,4,,23256,10,,,1,5,,23264,10,,,1,4,,23268,10,,,1,5,,23275,10,,,1,5,,23285,10,,,1,5,,23293,10,,,1,4,,23302,10,,,1,5,,23316,10,,,1,5,,23330,10,,,1,5,,23336,10,,,1,45,,23348,10,,,1,5,,23356,10,,,1,5,,23359,10,,,1,6,,23363,10,,,1,6,,23371,10,,,1,6,,23380,10,,,1,6,,23399,10,,,1,6,,23403,10,,,1,6,,23421,10,,,1,6,,23431,10,,,1,6,,23439,10,,,1,46,,23214,10,,,1,6,,23221,10,,,1,6,,23232,10,,,1,6,,23246,10,,,1,6,,23250,10,,,1,5,,23257,10,,,1,6,,23265,10,,,1,6,,23269,10,,,1,6,,23286,10,,,1,6,,23294,10,,,1,46,,23303,10,,,1,6,,23317,10,,,1,6,,23337,10,,,1,6,,23349,10,,,1,6,,23357,10,,,1,6,,23360,10,,,1,6,,23364,10,,,1,6,,23372,10,,,1,6,,23381,10,,,1,6,,23400,10,,,1,46,,23404,10,,,1,6,,23422,10,,,1,6,,23432,10,,,1,6,,23440,10,,,1,6,,23215,10,,,1,6,,23222,10,,,1,6,,23233,10,,,1,7,,23247,10,,,1,7,,23258,10,,,1,47,,23266,10,,,1,7,,23270,10,,,1,7,,23287,10,,,1,7,,23295,10,,,1,7,,23304,10,,,1,8,,23338,10,,,1,8,,23350,10,,,1,8,,23361,10,,,1,48,,23365,10,,,1,8,,23373,10,,,1,8,,23382,10,,,1,8,,23423,10,,,1,8,,23433,10,,,1,8,,23441,10,,,1,8,,23223,10,,,1
