200,'GLOBAUX-01-A',544,,21847,10,,,1,10,,21851,10,,,1,50,,21872,10,,,1,10,,21881,10,,,1,9,,21890,10,,,1,10,,21905,10,,,1,10,,21919,10,,,1,10,,21927,10,,,1,50,,21933,10,,,1,9,,21941,10,,,1,10,,21952,10,,,1,10,,21960,10,,,1,9,,21811,10,,,1,9,,21825,10,,,1,9,,21839,10,,,1,49,,21848,10,,,1,9,,21852,10,,,1,9,,21860,10,,,1,9,,21873,10,,,1,8,,21882,10,,,1,9,,21891,10,,,1,49,,21898,10,,,1,8,,21906,10,,,1,9,,21913,10,,,1,8,,21920,10,,,1,9,,21934,10,,,1,8,,21942,10,,,1,9,,21953,10,,,1,48,,21961,10,,,1,9,,21812,10,,,1,8,,21826,10,,,1,9,,21840,10,,,1,8,,21849,10,,,1,8,,21853,10,,,1,9,,21861,10,,,1,8,,21874,10,,,1,49,,21883,10,,,1,8,,21892,10,,,1,8,,21899,10,,,1,8,,21907,10,,,1,7,,21914,10,,,1,8,,21921,10,,,1,8,,21935,10,,,1,47,,21943,10,,,1,8,,21954,10,,,1,8,,21962,10,,,1,7,,21813,10,,,1,8,,21819,10,,,1,7,,21827,10,,,1,8,,21841,10,,,1,7,,21850,10,,,1,47,,21854,10,,,1,8,,21862,10,,,1,7,,21866,10,,,1,7,,21875,10,,,1,7,,21884,10,,,1,6,,21893,10,,,1,6,,21900,10,,,1,7,,21908,10,,,1,6,,21915,10,,,1,47,,21922,10,,,1,6,,21928,10,,,1,7,,21936,10,,,1,6,,21944,10,,,1,6,,21947,10,,,1,7,,21955,10,,,1,6,,21963,10,,,1,7,,21814,10,,,1,6,,21820,10,,,1,47,,21828,10,,,1,6,,21833,10,,,1,6,,21842,10,,,1,7,,21855,10,,,1,6,,21863,10,,,1,7,,21867,10,,,1,6,,21876,10,,,1,7,,21885,10,,,1,6,,21894,10,,,1,7,,21901,10,,,1,46,,21909,10,,,1,6,,21916,10,,,1,7,,21923,10,,,1,6,,21929,10,,,1,7,,21937,10,,,1,6,,21945,10,,,1,7,,21948,10,,,1,6,,21956,10,,,1,6,,21964,10,,,1,47,,21815,10,,,1,6,,21821,10,,,1,7,,21829,10,,,1,6,,21834,10,,,1,6,,21843,10,,,1,7,,21856,10,,,1,6,,21864,10,,,1,7,,21868,10,,,1,6,,21877,10,,,1,46,,21886,10,,,1,7,,21895,10,,,1,6,,21902,10,,,1,7,,21910,10,,,1,6,,21917,10,,,1,6,,21924,10,,,1,7,,21930,10,,,1,6,,21938,10,,,1,6,,21946,10,,,1,7,,21949,10,,,1,46,,21957,10,,,1,7,,21965,10,,,1,6,,21816,10,,,1,6,,21822,10,,,1,7,,21830,10,,,1,6,,21835,10,,,1,7,,21844,10,,,1,7,,21857,10,,,1,7,,21865,10,,,1,48,,21869,10,,,1,7,,21878,10,,,1,8,,21887,10,,,1,7,,21896,10,,,1,8,,21903,10,,,1,7,,21911,10,,,1,7,,21918,10,,,1,8,,21925,10,,,1,47,,21931,10,,,1,8,,21939,10,,,1,7,,21950,10,,,1,7,,21958,10,,,1,8,,21817,10,,,1,8,,21823,10,,,1,8,,21831,10,,,1,7,,21836,10,,,1,48,,21845,10,,,1,9,,21858,10,,,1,9,,21870,10,,,1,8,,21879,10,,,1,9,,21888,10,,,1,9,,21897,10,,,1,9,,21904,10,,,1,49,,21912,10,,,1,10,,21926,10,,,1,9,,21932,10,,,1,10,,21940,10,,,1,9,,21951,10,,,1,10,,21959,10,,,1,50,,21818,10,,,1,9,,21832,10,,,1,10,,21837,10,,,1,10,,21846,10,,,1,10,,21859,10,,,1,10,,21871,10,,,1,50,,21880,10,,,1,10,,21889,10,,,1
200,'GLOBAUX-01-F1',544,,22001,10,,,1,9,,22009,10,,,1,50,,22017,10,,,1,9,,22025,10,,,1,9,,22031,10,,,1,9,,22043,10,,,1,10,,22047,10,,,1,9,,22062,10,,,1,9,,22074,10,,,1,49,,22082,10,,,1,10,,22090,10,,,1,9,,22095,10,,,1,9,,21966,10,,,1,10,,21975,10,,,1,9,,21993,10,,,1,49,,22002,10,,,1,9,,22010,10,,,1,10,,22018,10,,,1,9,,22026,10,,,1,9,,22032,10,,,1,9,,22044,10,,,1,9,,22048,10,,,1,49,,22055,10,,,1,9,,22063,10,,,1,8,,22075,10,,,1,9,,22083,10,,,1,8,,22091,10,,,1,9,,22096,10,,,1,9,,21967,10,,,1,48,,21976,10,,,1,9,,21986,10,,,1,8,,21994,10,,,1,9,,22003,10,,,1,8,,22011,10,,,1,9,,22019,10,,,1,9,,22027,10,,,1,48,,22033,10,,,1,9,,22045,10,,,1,8,,22049,10,,,1,9,,22056,10,,,1,9,,22064,10,,,1,8,,22076,10,,,1,9,,22084,10,,,1,48,,22092,10,,,1,9,,22097,10,,,1,9,,21968,10,,,1,8,,21977,10,,,1,8,,21987,10,,,1,8,,21995,10,,,1,8,,22004,10,,,1,48,,22012,10,,,1,7,,22020,10,,,1,8,,22028,10,,,1,8,,22034,10,,,1,8,,22046,10,,,1,8,,22050,10,,,1,8,,22057,10,,,1,48,,22065,10,,,1,8,,22070,10,,,1,7,,22077,10,,,1,7,,22085,10,,,1,7,,22093,10,,,1,7,,22098,10,,,1,6,,22103,10,,,1,7,,21969,10,,,1,7,,21978,10,,,1,47,,21981,10,,,1,7,,21988,10,,,1,7,,21996,10,,,1,6,,22005,10,,,1,7,,22013,10,,,1,7,,22021,10,,,1,7,,22029,10,,,1,7,,22035,10,,,1,7,,22039,10,,,1,46,,22051,10,,,1,7,,22058,10,,,1,7,,22066,10,,,1,7,,22071,10,,,1,7,,22078,10,,,1,7,,22086,10,,,1,6,,22094,10,,,1,7,,22099,10,,,1,7,,22104,10,,,1,47,,21970,10,,,1,7,,21979,10,,,1,7,,21982,10,,,1,6,,21989,10,,,1,7,,21997,10,,,1,8,,22006,10,,,1,7,,22014,10,,,1,7,,22022,10,,,1,48,,22030,10,,,1,7,,22036,10,,,1,7,,22040,10,,,1,8,,22052,10,,,1,7,,22059,10,,,1,7,,22067,10,,,1,7,,22072,10,,,1,8,,22079,10,,,1,48,,22087,10,,,1,7,,22100,10,,,1,8,,22105,10,,,1,8,,21971,10,,,1,8,,21980,10,,,1,8,,21983,10,,,1,7,,21990,10,,,1,8,,21998,10,,,1,48,,22007,10,,,1,8,,22015,10,,,1,8,,22023,10,,,1,8,,22037,10,,,1,8,,22041,10,,,1,8,,22053,10,,,1,8,,22060,10,,,1,48,,22068,10,,,1,8,,22073,10,,,1,8,,22080,10,,,1,8,,22088,10,,,1,9,,22101,10,,,1,8,,22106,10,,,1,9,,21972,10,,,1,8,,21984,10,,,1,49,,21991,10,,,1,9,,21999,10,,,1,9,,22008,10,,,1,9,,22016,10,,,1,10,,22024,10,,,1,10,,22038,10,,,1,50,,22042,10,,,1,10,,22054,10,,,1,10,,22061,10,,,1,10,,22069,10,,,1,10,,22081,10,,,1,10,,22089,10,,,1,50,,22102,10,,,1,10,,22107,10,,,1,10,,21973,10,,,1,10,,21985,10,,,1,10,,22000,10,,,1
200,'GLOBAUX-01-F2',544,,22143,10,,,1,9,,22151,10,,,1,50,,22159,10,,,1,9,,22167,10,,,1,9,,22173,10,,,1,9,,22185,10,,,1,10,,22189,10,,,1,9,,22204,10,,,1,9,,22216,10,,,1,49,,22224,10,,,1,10,,22232,10,,,1,9,,22237,10,,,1,9,,22108,10,,,1,10,,22117,10,,,1,9,,22135,10,,,1,49,,22144,10,,,1,9,,22152,10,,,1,10,,22160,10,,,1,9,,22168,10,,,1,9,,22174,10,,,1,9,,22186,10,,,1,9,,22190,10,,,1,49,,22197,10,,,1,9,,22205,10,,,1,8,,22217,10,,,1,9,,22225,10,,,1,8,,22233,10,,,1,9,,22238,10,,,1,9,,22109,10,,,1,48,,22118,10,,,1,9,,22128,10,,,1,8,,22136,10,,,1,9,,22145,10,,,1,8,,22153,10,,,1,9,,22161,10,,,1,9,,22169,10,,,1,48,,22175,10,,,1,9,,22187,10,,,1,8,,22191,10,,,1,9,,22198,10,,,1,9,,22206,10,,,1,8,,22218,10,,,1,9,,22226,10,,,1,48,,22234,10,,,1,9,,22239,10,,,1,9,,22110,10,,,1,8,,22119,10,,,1,8,,22129,10,,,1,8,,22137,10,,,1,8,,22146,10,,,1,48,,22154,10,,,1,7,,22162,10,,,1,8,,22170,10,,,1,8,,22176,10,,,1,8,,22188,10,,,1,8,,22192,10,,,1,8,,22199,10,,,1,48,,22207,10,,,1,8,,22212,10,,,1,7,,22219,10,,,1,7,,22227,10,,,1,7,,22235,10,,,1,7,,22240,10,,,1,6,,22245,10,,,1,7,,22111,10,,,1,7,,22120,10,,,1,47,,22123,10,,,1,7,,22130,10,,,1,7,,22138,10,,,1,6,,22147,10,,,1,7,,22155,10,,,1,7,,22163,10,,,1,7,,22171,10,,,1,7,,22177,10,,,1,7,,22181,10,,,1,46,,22193,10,,,1,7,,22200,10,,,1,7,,22208,10,,,1,7,,22213,10,,,1,7,,22220,10,,,1,7,,22228,10,,,1,6,,22236,10,,,1,7,,22241,10,,,1,7,,22246,10,,,1,47,,22112,10,,,1,7,,22121,10,,,1,7,,22124,10,,,1,6,,22131,10,,,1,7,,22139,10,,,1,8,,22148,10,,,1,7,,22156,10,,,1,7,,22164,10,,,1,48,,22172,10,,,1,7,,22178,10,,,1,7,,22182,10,,,1,8,,22194,10,,,1,7,,22201,10,,,1,7,,22209,10,,,1,7,,22214,10,,,1,8,,22221,10,,,1,48,,22229,10,,,1,7,,22242,10,,,1,8,,22247,10,,,1,8,,22113,10,,,1,8,,22122,10,,,1,8,,22125,10,,,1,7,,22132,10,,,1,8,,22140,10,,,1,48,,22149,10,,,1,8,,22157,10,,,1,8,,22165,10,,,1,8,,22179,10,,,1,8,,22183,10,,,1,8,,22195,10,,,1,8,,22202,10,,,1,48,,22210,10,,,1,8,,22215,10,,,1,8,,22222,10,,,1,8,,22230,10,,,1,9,,22243,10,,,1,8,,22248,10,,,1,9,,22114,10,,,1,8,,22126,10,,,1,49,,22133,10,,,1,9,,22141,10,,,1,9,,22150,10,,,1,9,,22158,10,,,1,10,,22166,10,,,1,10,,22180,10,,,1,50,,22184,10,,,1,10,,22196,10,,,1,10,,22203,10,,,1,10,,22211,10,,,1,10,,22223,10,,,1,10,,22231,10,,,1,50,,22244,10,,,1,10,,22249,10,,,1,10,,22115,10,,,1,10,,22127,10,,,1,10,,22142,10,,,1
200,'GLOBAUX-01-I',544,,22285,10,,,1,9,,22293,10,,,1,50,,22301,10,,,1,9,,22309,10,,,1,9,,22315,10,,,1,9,,22327,10,,,1,10,,22331,10,,,1,9,,22346,10,,,1,9,,22358,10,,,1,49,,22366,10,,,1,10,,22374,10,,,1,9,,22379,10,,,1,9,,22250,10,,,1,10,,22259,10,,,1,9,,22277,10,,,1,49,,22286,10,,,1,9,,22294,10,,,1,10,,22302,10,,,1,9,,22310,10,,,1,9,,22316,10,,,1,9,,22328,10,,,1,9,,22332,10,,,1,49,,22339,10,,,1,9,,22347,10,,,1,8,,22359,10,,,1,9,,22367,10,,,1,8,,22375,10,,,1,9,,22380,10,,,1,9,,22251,10,,,1,48,,22260,10,,,1,9,,22270,10,,,1,8,,22278,10,,,1,9,,22287,10,,,1,8,,22295,10,,,1,9,,22303,10,,,1,9,,22311,10,,,1,48,,22317,10,,,1,9,,22329,10,,,1,8,,22333,10,,,1,9,,22340,10,,,1,9,,22348,10,,,1,8,,22360,10,,,1,9,,22368,10,,,1,48,,22376,10,,,1,9,,22381,10,,,1,9,,22252,10,,,1,8,,22261,10,,,1,8,,22271,10,,,1,8,,22279,10,,,1,8,,22288,10,,,1,48,,22296,10,,,1,7,,22304,10,,,1,8,,22312,10,,,1,8,,22318,10,,,1,8,,22330,10,,,1,8,,22334,10,,,1,8,,22341,10,,,1,48,,22349,10,,,1,8,,22354,10,,,1,7,,22361,10,,,1,7,,22369,10,,,1,7,,22377,10,,,1,7,,22382,10,,,1,6,,22387,10,,,1,7,,22253,10,,,1,7,,22262,10,,,1,47,,22265,10,,,1,7,,22272,10,,,1,7,,22280,10,,,1,6,,22289,10,,,1,7,,22297,10,,,1,7,,22305,10,,,1,7,,22313,10,,,1,7,,22319,10,,,1,7,,22323,10,,,1,46,,22335,10,,,1,7,,22342,10,,,1,7,,22350,10,,,1,7,,22355,10,,,1,7,,22362,10,,,1,7,,22370,10,,,1,6,,22378,10,,,1,7,,22383,10,,,1,7,,22388,10,,,1,47,,22254,10,,,1,7,,22263,10,,,1,7,,22266,10,,,1,6,,22273,10,,,1,7,,22281,10,,,1,8,,22290,10,,,1,7,,22298,10,,,1,7,,22306,10,,,1,48,,22314,10,,,1,7,,22320,10,,,1,7,,22324,10,,,1,8,,22336,10,,,1,7,,22343,10,,,1,7,,22351,10,,,1,7,,22356,10,,,1,8,,22363,10,,,1,48,,22371,10,,,1,7,,22384,10,,,1,8,,22389,10,,,1,8,,22255,10,,,1,8,,22264,10,,,1,8,,22267,10,,,1,7,,22274,10,,,1,8,,22282,10,,,1,48,,22291,10,,,1,8,,22299,10,,,1,8,,22307,10,,,1,8,,22321,10,,,1,8,,22325,10,,,1,8,,22337,10,,,1,8,,22344,10,,,1,48,,22352,10,,,1,8,,22357,10,,,1,8,,22364,10,,,1,8,,22372,10,,,1,9,,22385,10,,,1,8,,22390,10,,,1,9,,22256,10,,,1,8,,22268,10,,,1,49,,22275,10,,,1,9,,22283,10,,,1,9,,22292,10,,,1,9,,22300,10,,,1,10,,22308,10,,,1,10,,22322,10,,,1,50,,22326,10,,,1,10,,22338,10,,,1,10,,22345,10,,,1,10,,22353,10,,,1,10,,22365,10,,,1,10,,22373,10,,,1,50,,22386,10,,,1,10,,22391,10,,,1,10,,22257,10,,,1,10,,22269,10,,,1,10,,22284,10,,,1
200,'GLOBAUX-01-S',544,,22463,10,,,1,6,,22473,10,,,1,6,,22483,10,,,1,46,,22498,10,,,1,6,,22509,10,,,1,6,,22518,10,,,1,6,,22532,10,,,1,6,,22534,10,,,1,5,,22554,10,,,1,5,,22571,10,,,1,5,,22573,10,,,1,5,,22580,10,,,1,5,,22582,10,,,1,4,,22594,10,,,1,4,,22600,10,,,1,44,,22606,10,,,1,4,,22607,10,,,1,4,,22613,10,,,1,3,,22622,10,,,1,4,,22392,10,,,1,3,,22393,10,,,1,3,,22403,10,,,1,4,,22411,10,,,1,3,,22412,10,,,1,4,,22421,10,,,1,3,,22423,10,,,1,4,,22428,10,,,1,3,,22436,10,,,1,3,,22444,10,,,1,4,,22456,10,,,1,3,,22461,10,,,1,3,,22462,10,,,1,43,,22464,10,,,1,4,,22474,10,,,1,3,,22484,10,,,1,3,,22492,10,,,1,3,,22494,10,,,1,4,,22499,10,,,1,3,,22504,10,,,1,3,,22510,10,,,1,3,,22515,10,,,1,4,,22519,10,,,1,3,,22527,10,,,1,3,,22533,10,,,1,3,,22535,10,,,1,4,,22540,10,,,1,3,,22555,10,,,1,3,,22564,10,,,1,3,,22572,10,,,1,4,,22574,10,,,1,44,,22575,10,,,1,3,,22583,10,,,1,4,,22590,10,,,1,4,,22595,10,,,1,4,,22601,10,,,1,3,,22608,10,,,1,4,,22614,10,,,1,4,,22623,10,,,1,4,,22630,10,,,1,4,,22394,10,,,1,4,,22404,10,,,1,4,,22413,10,,,1,4,,22420,10,,,1,4,,22424,10,,,1,5,,22437,10,,,1,45,,22445,10,,,1,5,,22457,10,,,1,6,,22465,10,,,1,6,,22475,10,,,1,6,,22485,10,,,1,6,,22495,10,,,1,6,,22505,10,,,1,6,,22511,10,,,1,6,,22520,10,,,1,6,,22528,10,,,1,46,,22541,10,,,1,6,,22556,10,,,1,6,,22565,10,,,1,6,,22576,10,,,1,6,,22584,10,,,1,6,,22596,10,,,1,6,,22602,10,,,1,6,,22615,10,,,1,6,,22624,10,,,1,6,,22395,10,,,1,46,,22405,10,,,1,6,,22414,10,,,1,6,,22425,10,,,1,6,,22438,10,,,1,6,,22446,10,,,1,6,,22458,10,,,1,6,,22466,10,,,1,6,,22476,10,,,1,6,,22486,10,,,1,6,,22496,10,,,1,46,,22506,10,,,1,6,,22512,10,,,1,6,,22521,10,,,1,6,,22529,10,,,1,6,,22542,10,,,1,6,,22557,10,,,1,6,,22566,10,,,1,6,,22577,10,,,1,6,,22585,10,,,1,6,,22597,10,,,1,46,,22603,10,,,1,6,,22616,10,,,1,6,,22625,10,,,1,6,,22396,10,,,1,6,,22406,10,,,1,6,,22415,10,,,1,6,,22426,10,,,1,6,,22439,10,,,1,6,,22447,10,,,1,6,,22459,10,,,1,46,,22467,10,,,1,5,,22477,10,,,1,5,,22487,10,,,1,5,,22497,10,,,1,5,,22500,10,,,1,4,,22507,10,,,1,5,,22513,10,,,1,4,,22516,10,,,1,4,,22522,10,,,1,4,,22530,10,,,1,3,,22536,10,,,1,4,,22543,10,,,1,3,,22547,10,,,1,3,,22558,10,,,1,3,,22562,10,,,1,43,,22567,10,,,1,3,,22578,10,,,1,3,,22581,10,,,1,3,,22586,10,,,1,3,,22591,10,,,1,3,,22598,10,,,1,3,,22604,10,,,1,2,,22609,10,,,1,3,,22617,10,,,1,3,,22618,10,,,1,3,,22626,10,,,1,3,,22397,10,,,1,3,,22398,10,,,1,3,,22399,10,,,1,3,,22400,10,,,1,3,,22407,10,,,1,3,,22416,10,,,1,3,,22422,10,,,1,3,,22427,10,0,5,1,2,,22429,10,,,1,3,,22433,10,,,1,43,,22440,10,,,1,3,,22448,10,0,5,1,3,,22449,10,,,1,3,,22453,10,,,1,3,,22460,10,,,1,3,,22468,10,0,5,1,3,,22469,10,,,1,3,,22478,10,,,1,3,,22482,10,0,5,1,3,,22488,10,,,1,2,,22493,10,0,5,1,3,,22501,10,,,1,4,,22508,10,,,1,3,,22514,10,,,1,3,,22517,10,,,1,4,,22523,10,,,1,3,,22531,10,,,1,4,,22537,10,,,1,3,,22544,10,,,1,43,,22548,10,,,1,4,,22551,10,,,1,4,,22559,10,,,1,4,,22563,10,,,1,4,,22568,10,,,1,4,,22579,10,,,1,4,,22587,10,,,1,4,,22592,10,,,1,4,,22599,10,,,1,3,,22605,10,,,1,4,,22610,10,,,1,5,,22619,10,,,1,5,,22627,10,,,1,5,,22401,10,,,1,5,,22408,10,,,1,45,,22417,10,,,1,5,,22430,10,,,1,5,,22434,10,,,1,6,,22441,10,,,1,6,,22450,10,,,1,6,,22454,10,,,1,6,,22470,10,,,1,6,,22479,10,,,1,6,,22489,10,,,1,6,,22502,10,,,1,46,,22524,10,,,1,6,,22538,10,,,1,6,,22545,10,,,1,6,,22549,10,,,1,6,,22552,10,,,1,6,,22560,10,,,1,6,,22569,10,,,1,6,,22588,10,,,1,6,,22593,10,,,1,6,,22611,10,,,1,46,,22620,10,,,1,6,,22628,10,,,1,6,,22402,10,,,1,6,,22409,10,,,1,6,,22418,10,,,1,6,,22431,10,,,1,6,,22435,10,,,1,6,,22442,10,,,1,6,,22451,10,,,1,6,,22455,10,,,1,46,,22471,10,,,1,6,,22480,10,,,1,6,,22490,10,,,1,6,,22503,10,,,1,6,,22525,10,,,1,6,,22539,10,,,1,6,,22546,10,,,1,6,,22550,10,,,1,7,,22553,10,,,1,7,,22561,10,,,1,47,,22570,10,,,1,7,,22589,10,,,1,7,,22612,10,,,1,7,,22621,10,,,1,7,,22629,10,,,1,7,,22410,10,,,1,8,,22419,10,,,1,8,,22432,10,,,1,48,,22443,10,,,1,8,,22452,10,,,1,8,,22472,10,,,1,8,,22481,10,,,1,8,,22491,10,,,1,8,,22526,10,,,1
201,'GLOBAUX-01-A',555,,22741,22,,,1,50,,22748,22,,,1,9,,22757,22,,,1,10,,22769,22,,,1,10,,22778,22,,,1,10,,22631,22,,,1,9,,22645,22,,,1,50,,22658,22,,,1,10,,22666,22,,,1,10,,22669,22,,,1,9,,22688,22,,,1,10,,22696,22,,,1,10,,22704,22,,,1,49,,22712,22,,,1,10,,22719,22,,,1,9,,22727,22,,,1,9,,22733,22,,,1,9,,22749,22,,,1,8,,22758,22,,,1,9,,22770,22,,,1,49,,22779,22,,,1,8,,22632,22,,,1,9,,22646,22,,,1,9,,22659,22,,,1,8,,22667,22,,,1,9,,22670,22,,,1,8,,22677,22,,,1,49,,22689,22,,,1,9,,22697,22,,,1,8,,22705,22,,,1,9,,22713,22,,,1,9,,22720,22,,,1,9,,22728,22,,,1,8,,22734,22,,,1,48,,22750,22,,,1,8,,22759,22,,,1,7,,22771,22,,,1,8,,22780,22,,,1,8,,22633,22,,,1,7,,22640,22,,,1,8,,22647,22,,,1,7,,22660,22,,,1,47,,22668,22,,,1,7,,22671,22,,,1,7,,22678,22,,,1,7,,22682,22,,,1,7,,22690,22,,,1,7,,22698,22,,,1,7,,22706,22,,,1,7,,22714,22,,,1,6,,22721,22,,,1,47,,22729,22,,,1,6,,22735,22,,,1,7,,22742,22,,,1,6,,22751,22,,,1,6,,22760,22,,,1,7,,22763,22,,,1,6,,22772,22,,,1,7,,22781,22,,,1,6,,22634,22,,,1,47,,22641,22,,,1,6,,22648,22,,,1,6,,22653,22,,,1,7,,22661,22,,,1,6,,22672,22,,,1,7,,22679,22,,,1,6,,22683,22,,,1,7,,22691,22,,,1,6,,22699,22,,,1,46,,22707,22,,,1,7,,22715,22,,,1,6,,22722,22,,,1,7,,22730,22,,,1,6,,22736,22,,,1,6,,22743,22,,,1,7,,22752,22,,,1,6,,22761,22,,,1,7,,22764,22,,,1,6,,22773,22,,,1,47,,22782,22,,,1,6,,22635,22,,,1,6,,22642,22,,,1,7,,22649,22,,,1,6,,22654,22,,,1,7,,22662,22,,,1,6,,22673,22,,,1,6,,22680,22,,,1,7,,22684,22,,,1,46,,22692,22,,,1,7,,22700,22,,,1,6,,22708,22,,,1,7,,22716,22,,,1,6,,22723,22,,,1,6,,22731,22,,,1,7,,22737,22,,,1,6,,22744,22,,,1,7,,22753,22,,,1,46,,22762,22,,,1,6,,22765,22,,,1,7,,22774,22,,,1,6,,22783,22,,,1,7,,22636,22,,,1,6,,22643,22,,,1,6,,22650,22,,,1,7,,22655,22,,,1,6,,22663,22,,,1,6,,22674,22,,,1,47,,22681,22,,,1,7,,22685,22,,,1,7,,22693,22,,,1,8,,22701,22,,,1,7,,22709,22,,,1,7,,22717,22,,,1,7,,22724,22,,,1,8,,22732,22,,,1,47,,22738,22,,,1,8,,22745,22,,,1,7,,22754,22,,,1,8,,22766,22,,,1,7,,22775,22,,,1,8,,22637,22,,,1,8,,22644,22,,,1,8,,22651,22,,,1,47,,22656,22,,,1,8,,22664,22,,,1,8,,22675,22,,,1,8,,22686,22,,,1,8,,22694,22,,,1,8,,22702,22,,,1,9,,22710,22,,,1,48,,22718,22,,,1,10,,22725,22,,,1,9,,22739,22,,,1,9,,22746,22,,,1,10,,22755,22,,,1,9,,22767,22,,,1,10,,22776,22,,,1,49,,22638,22,,,1,10,,22652,22,,,1,9,,22657,22,,,1,10,,22665,22,,,1,10,,22676,22,,,1,9,,22687,22,,,1,50,,22695,22,,,1,10,,22703,22,,,1,9,,22711,22,,,1,10,,22726,22,,,1,10,,22740,22,,,1,10,,22747,22,,,1,50,,22756,22,,,1,10,,22768,22,,,1,10,,22777,22,,,1,14,,22639,22,,,1
201,'GLOBAUX-01-F1',555,,22877,22,,,1,49,,22890,22,,,1,10,,22898,22,,,1,9,,22906,22,,,1,9,,22911,22,,,1,10,,22784,22,,,1,9,,22792,22,,,1,49,,22809,22,,,1,10,,22817,22,,,1,9,,22825,22,,,1,10,,22833,22,,,1,9,,22841,22,,,1,9,,22846,22,,,1,10,,22859,22,,,1,49,,22862,22,,,1,9,,22878,22,,,1,10,,22891,22,,,1,9,,22899,22,,,1,10,,22907,22,,,1,9,,22912,22,,,1,49,,22785,22,,,1,9,,22793,22,,,1,9,,22803,22,,,1,9,,22810,22,,,1,8,,22818,22,,,1,9,,22826,22,,,1,9,,22834,22,,,1,49,,22842,22,,,1,8,,22847,22,,,1,9,,22860,22,,,1,8,,22863,22,,,1,9,,22870,22,,,1,9,,22879,22,,,1,8,,22892,22,,,1,49,,22900,22,,,1,8,,22908,22,,,1,9,,22913,22,,,1,9,,22786,22,,,1,8,,22794,22,,,1,9,,22804,22,,,1,9,,22811,22,,,1,48,,22819,22,,,1,9,,22827,22,,,1,8,,22835,22,,,1,8,,22843,22,,,1,8,,22848,22,,,1,8,,22861,22,,,1,8,,22864,22,,,1,48,,22871,22,,,1,8,,22880,22,,,1,7,,22886,22,,,1,7,,22893,22,,,1,7,,22901,22,,,1,6,,22909,22,,,1,7,,22914,22,,,1,7,,22919,22,,,1,7,,22787,22,,,1,47,,22795,22,,,1,7,,22798,22,,,1,6,,22805,22,,,1,7,,22812,22,,,1,7,,22820,22,,,1,7,,22828,22,,,1,7,,22836,22,,,1,7,,22844,22,,,1,7,,22849,22,,,1,46,,22854,22,,,1,7,,22865,22,,,1,7,,22872,22,,,1,7,,22881,22,,,1,7,,22887,22,,,1,7,,22894,22,,,1,7,,22902,22,,,1,6,,22910,22,,,1,47,,22915,22,,,1,7,,22920,22,,,1,7,,22788,22,,,1,7,,22796,22,,,1,7,,22799,22,,,1,7,,22806,22,,,1,7,,22813,22,,,1,7,,22821,22,,,1,8,,22829,22,,,1,47,,22837,22,,,1,7,,22845,22,,,1,8,,22850,22,,,1,7,,22855,22,,,1,8,,22866,22,,,1,7,,22873,22,,,1,7,,22882,22,,,1,8,,22888,22,,,1,47,,22895,22,,,1,7,,22903,22,,,1,8,,22916,22,,,1,8,,22921,22,,,1,7,,22789,22,,,1,8,,22797,22,,,1,8,,22800,22,,,1,8,,22807,22,,,1,47,,22814,22,,,1,8,,22822,22,,,1,8,,22830,22,,,1,8,,22838,22,,,1,7,,22851,22,,,1,8,,22856,22,,,1,8,,22867,22,,,1,8,,22874,22,,,1,48,,22883,22,,,1,7,,22889,22,,,1,9,,22896,22,,,1,8,,22904,22,,,1,9,,22917,22,,,1,8,,22922,22,,,1,9,,22790,22,,,1,48,,22801,22,,,1,9,,22808,22,,,1,8,,22815,22,,,1,9,,22823,22,,,1,8,,22831,22,,,1,9,,22839,22,,,1,9,,22852,22,,,1,49,,22857,22,,,1,9,,22868,22,,,1,10,,22875,22,,,1,10,,22884,22,,,1,10,,22897,22,,,1,10,,22905,22,,,1,50,,22918,22,,,1,10,,22923,22,,,1,10,,22791,22,,,1,10,,22802,22,,,1,10,,22816,22,,,1,10,,22824,22,,,1,50,,22832,22,,,1,10,,22840,22,,,1,9,,22853,22,,,1,10,,22858,22,,,1,10,,22869,22,,,1,10,,22876,22,,,1,54,,22885,22,,,1
201,'GLOBAUX-01-F2',555,,23017,22,,,1,49,,23030,22,,,1,10,,23038,22,,,1,9,,23046,22,,,1,9,,23051,22,,,1,10,,22924,22,,,1,9,,22932,22,,,1,49,,22949,22,,,1,10,,22957,22,,,1,9,,22965,22,,,1,10,,22973,22,,,1,9,,22981,22,,,1,9,,22986,22,,,1,10,,22999,22,,,1,49,,23002,22,,,1,9,,23018,22,,,1,10,,23031,22,,,1,9,,23039,22,,,1,10,,23047,22,,,1,9,,23052,22,,,1,49,,22925,22,,,1,9,,22933,22,,,1,9,,22943,22,,,1,9,,22950,22,,,1,8,,22958,22,,,1,9,,22966,22,,,1,9,,22974,22,,,1,49,,22982,22,,,1,8,,22987,22,,,1,9,,23000,22,,,1,8,,23003,22,,,1,9,,23010,22,,,1,9,,23019,22,,,1,8,,23032,22,,,1,49,,23040,22,,,1,8,,23048,22,,,1,9,,23053,22,,,1,9,,22926,22,,,1,8,,22934,22,,,1,9,,22944,22,,,1,9,,22951,22,,,1,48,,22959,22,,,1,9,,22967,22,,,1,8,,22975,22,,,1,8,,22983,22,,,1,8,,22988,22,,,1,8,,23001,22,,,1,8,,23004,22,,,1,48,,23011,22,,,1,8,,23020,22,,,1,7,,23026,22,,,1,7,,23033,22,,,1,7,,23041,22,,,1,6,,23049,22,,,1,7,,23054,22,,,1,7,,23059,22,,,1,7,,22927,22,,,1,47,,22935,22,,,1,7,,22938,22,,,1,6,,22945,22,,,1,7,,22952,22,,,1,7,,22960,22,,,1,7,,22968,22,,,1,7,,22976,22,,,1,7,,22984,22,,,1,7,,22989,22,,,1,46,,22994,22,,,1,7,,23005,22,,,1,7,,23012,22,,,1,7,,23021,22,,,1,7,,23027,22,,,1,7,,23034,22,,,1,7,,23042,22,,,1,6,,23050,22,,,1,47,,23055,22,,,1,7,,23060,22,,,1,7,,22928,22,,,1,7,,22936,22,,,1,7,,22939,22,,,1,7,,22946,22,,,1,7,,22953,22,,,1,7,,22961,22,,,1,8,,22969,22,,,1,47,,22977,22,,,1,7,,22985,22,,,1,8,,22990,22,,,1,7,,22995,22,,,1,8,,23006,22,,,1,7,,23013,22,,,1,7,,23022,22,,,1,8,,23028,22,,,1,47,,23035,22,,,1,7,,23043,22,,,1,8,,23056,22,,,1,8,,23061,22,,,1,7,,22929,22,,,1,8,,22937,22,,,1,8,,22940,22,,,1,8,,22947,22,,,1,47,,22954,22,,,1,8,,22962,22,,,1,8,,22970,22,,,1,8,,22978,22,,,1,7,,22991,22,,,1,8,,22996,22,,,1,8,,23007,22,,,1,8,,23014,22,,,1,48,,23023,22,,,1,7,,23029,22,,,1,9,,23036,22,,,1,8,,23044,22,,,1,9,,23057,22,,,1,8,,23062,22,,,1,9,,22930,22,,,1,48,,22941,22,,,1,9,,22948,22,,,1,8,,22955,22,,,1,9,,22963,22,,,1,8,,22971,22,,,1,9,,22979,22,,,1,9,,22992,22,,,1,49,,22997,22,,,1,9,,23008,22,,,1,10,,23015,22,,,1,10,,23024,22,,,1,10,,23037,22,,,1,10,,23045,22,,,1,50,,23058,22,,,1,10,,23063,22,,,1,10,,22931,22,,,1,10,,22942,22,,,1,10,,22956,22,,,1,10,,22964,22,,,1,50,,22972,22,,,1,10,,22980,22,,,1,9,,22993,22,,,1,10,,22998,22,,,1,10,,23009,22,,,1,10,,23016,22,,,1,54,,23025,22,,,1
201,'GLOBAUX-01-I',555,,23157,22,,,1,49,,23170,22,,,1,10,,23178,22,,,1,9,,23186,22,,,1,9,,23191,22,,,1,10,,23064,22,,,1,9,,23072,22,,,1,49,,23089,22,,,1,10,,23097,22,,,1,9,,23105,22,,,1,10,,23113,22,,,1,9,,23121,22,,,1,9,,23126,22,,,1,10,,23139,22,,,1,49,,23142,22,,,1,9,,23158,22,,,1,10,,23171,22,,,1,9,,23179,22,,,1,10,,23187,22,,,1,9,,23192,22,,,1,49,,23065,22,,,1,9,,23073,22,,,1,9,,23083,22,,,1,9,,23090,22,,,1,8,,23098,22,,,1,9,,23106,22,,,1,9,,23114,22,,,1,49,,23122,22,,,1,8,,23127,22,,,1,9,,23140,22,,,1,8,,23143,22,,,1,9,,23150,22,,,1,9,,23159,22,,,1,8,,23172,22,,,1,49,,23180,22,,,1,8,,23188,22,,,1,9,,23193,22,,,1,9,,23066,22,,,1,8,,23074,22,,,1,9,,23084,22,,,1,9,,23091,22,,,1,48,,23099,22,,,1,9,,23107,22,,,1,8,,23115,22,,,1,8,,23123,22,,,1,8,,23128,22,,,1,8,,23141,22,,,1,8,,23144,22,,,1,48,,23151,22,,,1,8,,23160,22,,,1,7,,23166,22,,,1,7,,23173,22,,,1,7,,23181,22,,,1,6,,23189,22,,,1,7,,23194,22,,,1,7,,23199,22,,,1,7,,23067,22,,,1,47,,23075,22,,,1,7,,23078,22,,,1,6,,23085,22,,,1,7,,23092,22,,,1,7,,23100,22,,,1,7,,23108,22,,,1,7,,23116,22,,,1,7,,23124,22,,,1,7,,23129,22,,,1,46,,23134,22,,,1,7,,23145,22,,,1,7,,23152,22,,,1,7,,23161,22,,,1,7,,23167,22,,,1,7,,23174,22,,,1,7,,23182,22,,,1,6,,23190,22,,,1,47,,23195,22,,,1,7,,23200,22,,,1,7,,23068,22,,,1,7,,23076,22,,,1,7,,23079,22,,,1,7,,23086,22,,,1,7,,23093,22,,,1,7,,23101,22,,,1,8,,23109,22,,,1,47,,23117,22,,,1,7,,23125,22,,,1,8,,23130,22,,,1,7,,23135,22,,,1,8,,23146,22,,,1,7,,23153,22,,,1,7,,23162,22,,,1,8,,23168,22,,,1,47,,23175,22,,,1,7,,23183,22,,,1,8,,23196,22,,,1,8,,23201,22,,,1,7,,23069,22,,,1,8,,23077,22,,,1,8,,23080,22,,,1,8,,23087,22,,,1,47,,23094,22,,,1,8,,23102,22,,,1,8,,23110,22,,,1,8,,23118,22,,,1,7,,23131,22,,,1,8,,23136,22,,,1,8,,23147,22,,,1,8,,23154,22,,,1,48,,23163,22,,,1,7,,23169,22,,,1,9,,23176,22,,,1,8,,23184,22,,,1,9,,23197,22,,,1,8,,23202,22,,,1,9,,23070,22,,,1,48,,23081,22,,,1,9,,23088,22,,,1,8,,23095,22,,,1,9,,23103,22,,,1,8,,23111,22,,,1,9,,23119,22,,,1,9,,23132,22,,,1,49,,23137,22,,,1,9,,23148,22,,,1,10,,23155,22,,,1,10,,23164,22,,,1,10,,23177,22,,,1,10,,23185,22,,,1,50,,23198,22,,,1,10,,23203,22,,,1,10,,23071,22,,,1,10,,23082,22,,,1,10,,23096,22,,,1,10,,23104,22,,,1,50,,23112,22,,,1,10,,23120,22,,,1,9,,23133,22,,,1,10,,23138,22,,,1,10,,23149,22,,,1,10,,23156,22,,,1,54,,23165,22,,,1
201,'GLOBAUX-01-S',554,,23391,22,,,1,46,,23405,22,,,1,6,,23411,22,,,1,6,,23418,22,,,1,6,,23424,22,,,1,6,,23204,22,,,1,6,,23206,22,,,1,6,,23224,22,,,1,6,,23226,22,,,1,6,,23238,22,,,1,5,,23243,22,,,1,5,,23251,22,,,1,45,,23276,22,,,1,4,,23277,22,,,1,4,,23279,22,,,1,4,,23288,22,,,1,4,,23297,22,,,1,4,,23305,22,,,1,3,,23308,22,,,1,4,,23313,22,,,1,4,,23322,22,,,1,3,,23327,22,,,1,3,,23331,22,,,1,3,,23339,22,,,1,3,,23344,22,,,1,3,,23346,22,,,1,3,,23351,22,,,1,3,,23366,22,,,1,3,,23375,19,,,1,43,,23383,22,,,1,3,,23384,22,,,1,3,,23385,19,,,1,3,,23390,22,,,1,3,,23392,22,,,1,3,,23394,22,,,1,3,,23401,19,,,1,3,,23406,22,,,1,3,,23412,22,,,1,3,,23417,22,,,1,3,,23419,22,,,1,3,,23425,22,,,1,3,,23434,22,,,1,3,,23442,19,,,1,2,,23205,22,,,1,3,,23207,22,,,1,3,,23216,22,,,1,3,,23225,22,,,1,3,,23227,22,,,1,2,,23234,19,,,1,3,,23235,22,,,1,43,,23239,22,,,1,3,,23244,22,,,1,3,,23252,22,,,1,3,,23259,22,,,1,3,,23260,22,,,1,2,,23271,22,,,1,4,,23278,22,,,1,3,,23280,22,,,1,3,,23289,22,,,1,4,,23298,22,,,1,3,,23306,22,,,1,4,,23309,22,,,1,3,,23314,22,,,1,4,,23318,22,,,1,4,,23323,22,,,1,3,,23328,22,,,1,4,,23332,22,,,1,4,,23340,22,,,1,45,,23345,22,,,1,5,,23352,22,,,1,5,,23367,22,,,1,5,,23376,22,,,1,5,,23386,22,,,1,5,,23395,22,,,1,6,,23407,22,,,1,6,,23413,22,,,1,6,,23426,22,,,1,6,,23435,22,,,1,6,,23208,22,,,1,46,,23217,22,,,1,6,,23228,22,,,1,6,,23240,22,,,1,6,,23253,22,,,1,6,,23261,22,,,1,6,,23272,22,,,1,6,,23281,22,,,1,6,,23290,22,,,1,6,,23299,22,,,1,6,,23310,22,,,1,46,,23319,22,,,1,6,,23324,22,,,1,6,,23333,22,,,1,6,,23341,22,,,1,6,,23353,22,,,1,6,,23368,22,,,1,6,,23377,22,,,1,6,,23387,22,,,1,6,,23396,22,,,1,6,,23408,22,,,1,46,,23414,22,,,1,6,,23427,22,,,1,6,,23436,22,,,1,6,,23209,22,,,1,6,,23218,22,,,1,6,,23229,22,,,1,6,,23241,22,,,1,6,,23254,22,,,1,6,,23262,22,,,1,6,,23273,22,,,1,46,,23282,22,,,1,6,,23291,22,,,1,6,,23300,22,,,1,6,,23311,22,,,1,6,,23320,22,,,1,6,,23325,22,,,1,6,,23334,22,,,1,6,,23342,22,,,1,6,,23354,22,,,1,6,,23369,22,,,1,46,,23378,22,,,1,6,,23388,22,,,1,6,,23397,22,,,1,6,,23409,22,,,1,5,,23415,22,,,1,5,,23428,22,,,1,5,,23437,22,,,1,5,,23210,22,,,1,5,,23212,22,,,1,5,,23219,22,,,1,4,,23230,22,,,1,44,,23236,22,,,1,3,,23242,22,,,1,4,,23248,22,,,1,3,,23255,22,,,1,3,,23263,22,,,1,3,,23267,22,,,1,4,,23274,22,,,1,3,,23283,22,,,1,3,,23284,22,,,1,3,,23292,22,,,1,4,,23296,22,,,1,3,,23301,22,,,1,3,,23307,22,,,1,4,,23312,22,,,1,3,,23315,22,,,1,3,,23321,22,,,1,3,,23326,22,,,1,3,,23329,22,,,1,44,,23335,22,,,1,3,,23343,22,,,1,3,,23347,22,,,1,3,,23355,22,,,1,3,,23358,22,,,1,4,,23362,22,,,1,3,,23370,22,,,1,3,,23374,22,,,1,3,,23379,22,,,1,3,,23389,22,,,1,3,,23393,22,,,1,4,,23398,22,,,1,3,,23402,22,,,1,3,,23410,22,,,1,3,,23416,22,,,1,3,,23420,22,,,1,4,,23429,22,,,1,3,,23430,22,,,1,3,,23438,22,,,1,44,,23211,22,,,1,4,,23213,22,,,1,4,,23220,22,,,1,3,,23231,22,,,1,4,,23237,22,,,1,4,,23245,22,,,1,4,,23249,22,,,1,4,,23256,22,,,1,5,,23264,22,,,1,4,,23268,22,,,1,5,,23275,22,,,1,5,,23285,22,,,1,5,,23293,22,,,1,4,,23302,22,,,1,45,,23316,22,,,1,5,,23330,22,,,1,5,,23336,22,,,1,5,,23348,22,,,1,5,,23356,22,,,1,5,,23359,22,,,1,5,,23363,22,,,1,6,,23371,22,,,1,6,,23380,22,,,1,6,,23399,22,,,1,6,,23403,22,,,1,46,,23421,22,,,1,6,,23431,22,,,1,6,,23439,22,,,1,6,,23214,22,,,1,6,,23221,22,,,1,6,,23232,22,,,1,6,,23246,22,,,1,6,,23250,22,,,1,6,,23257,22,,,1,6,,23265,22,,,1,46,,23269,22,,,1,6,,23286,22,,,1,6,,23294,22,,,1,6,,23303,22,,,1,6,,23317,22,,,1,6,,23337,22,,,1,6,,23349,22,,,1,6,,23357,22,,,1,6,,23360,22,,,1,6,,23364,22,,,1,46,,23372,22,,,1,6,,23381,22,,,1,6,,23400,22,,,1,6,,23404,22,,,1,6,,23422,22,,,1,6,,23432,22,,,1,6,,23440,22,,,1,6,,23215,22,,,1,6,,23222,22,,,1,6,,23233,22,,,1,47,,23247,22,,,1,7,,23258,22,,,1,7,,23266,22,,,1,7,,23270,22,,,1,7,,23287,22,,,1,7,,23295,22,,,1,7,,23304,22,,,1,7,,23338,22,,,1,8,,23350,22,,,1,48,,23361,22,,,1,8,,23365,22,,,1,8,,23373,22,,,1,8,,23382,22,,,1,8,,23423,22,,,1,8,,23433,22,,,1,8,,23441,22,,,1,52,,23223,22,,,1
