100,'GLOBAUX-01-A',542,,20201,9,,,1,10,,20211,9,,,1,50,,20229,9,,,1,10,,20236,9,,,1,10,,20246,9,,,1,10,,20269,9,,,1,10,,20287,9,,,1,10,,20297,9,,,1,50,,20304,9,,,1,10,,20314,9,,,1,10,,20331,9,,,1,10,,20341,9,,,1,10,,20202,9,,,1,10,,20212,9,,,1,50,,20230,9,,,1,10,,20237,9,,,1,10,,20247,9,,,1,9,,20270,9,,,1,10,,20278,9,,,1,9,,20288,9,,,1,9,,20298,9,,,1,49,,20305,9,,,1,8,,20315,9,,,1,9,,20332,9,,,1,8,,20342,9,,,1,9,,20203,9,,,1,8,,20213,9,,,1,9,,20221,9,,,1,48,,20231,9,,,1,8,,20238,9,,,1,9,,20248,9,,,1,7,,20263,9,,,1,8,,20271,9,,,1,8,,20279,9,,,1,8,,20289,9,,,1,47,,20299,9,,,1,8,,20306,9,,,1,7,,20316,9,,,1,8,,20333,9,,,1,8,,20343,9,,,1,7,,20204,9,,,1,8,,20214,9,,,1,8,,20222,9,,,1,47,,20232,9,,,1,7,,20239,9,,,1,7,,20249,9,,,1,6,,20256,9,,,1,7,,20264,9,,,1,7,,20272,9,,,1,6,,20280,9,,,1,7,,20290,9,,,1,6,,20300,9,,,1,47,,20307,9,,,1,6,,20317,9,,,1,7,,20324,9,,,1,6,,20334,9,,,1,7,,20344,9,,,1,6,,20205,9,,,1,7,,20215,9,,,1,6,,20223,9,,,1,7,,20233,9,,,1,46,,20240,9,,,1,7,,20250,9,,,1,6,,20257,9,,,1,7,,20265,9,,,1,6,,20273,9,,,1,7,,20281,9,,,1,6,,20291,9,,,1,6,,20301,9,,,1,7,,20308,9,,,1,6,,20318,9,,,1,47,,20325,9,,,1,6,,20335,9,,,1,7,,20345,9,,,1,6,,20206,9,,,1,7,,20216,9,,,1,6,,20224,9,,,1,7,,20234,9,,,1,6,,20241,9,,,1,7,,20251,9,,,1,46,,20258,9,,,1,7,,20266,9,,,1,6,,20274,9,,,1,7,,20282,9,,,1,7,,20292,9,,,1,6,,20302,9,,,1,6,,20309,9,,,1,7,,20319,9,,,1,6,,20326,9,,,1,47,,20336,9,,,1,6,,20346,9,,,1,7,,20207,9,,,1,6,,20217,9,,,1,7,,20225,9,,,1,7,,20235,9,,,1,6,,20242,9,,,1,7,,20252,9,,,1,6,,20259,9,,,1,46,,20267,9,,,1,7,,20275,9,,,1,6,,20283,9,,,1,7,,20293,9,,,1,6,,20303,9,,,1,7,,20310,9,,,1,7,,20320,9,,,1,7,,20327,9,,,1,7,,20337,9,,,1,48,,20347,9,,,1,8,,20208,9,,,1,7,,20218,9,,,1,8,,20226,9,,,1,8,,20243,9,,,1,7,,20253,9,,,1,8,,20260,9,,,1,8,,20268,9,,,1,47,,20276,9,,,1,8,,20284,9,,,1,8,,20294,9,,,1,8,,20311,9,,,1,9,,20321,9,,,1,8,,20328,9,,,1,9,,20338,9,,,1,48,,20348,9,,,1,8,,20209,9,,,1,9,,20219,9,,,1,8,,20227,9,,,1,9,,20244,9,,,1,8,,20254,9,,,1,9,,20261,9,,,1,48,,20277,9,,,1,8,,20285,9,,,1,9,,20295,9,,,1,9,,20312,9,,,1,10,,20322,9,,,1,10,,20329,9,,,1,10,,20339,9,,,1,50,,20349,9,,,1,10,,20210,9,,,1,10,,20220,9,,,1,10,,20228,9,,,1,10,,20245,9,,,1,10,,20255,9,,,1,50,,20262,9,,,1,10,,20286,9,,,1,10,,20296,9,,,1,10,,20313,9,,,1,10,,20323,9,,,1,10,,20330,9,,,1,50,,20340,9,,,1,10,,20350,9,,,1
100,'GLOBAUX-01-F1',542,,20351,9,,,1,10,,20361,9,,,1,50,,20368,9,,,1,10,,20393,9,,,1,10,,20403,9,,,1,10,,20413,9,,,1,10,,20435,9,,,1,10,,20445,9,,,1,50,,20454,9,,,1,10,,20463,9,,,1,10,,20472,9,,,1,10,,20481,9,,,1,10,,20352,9,,,1,10,,20362,9,,,1,50,,20369,9,,,1,10,,20394,9,,,1,9,,20404,9,,,1,10,,20414,9,,,1,9,,20429,9,,,1,9,,20436,9,,,1,10,,20446,9,,,1,49,,20455,9,,,1,9,,20464,9,,,1,10,,20473,9,,,1,8,,20482,9,,,1,9,,20353,9,,,1,8,,20363,9,,,1,48,,20370,9,,,1,9,,20385,9,,,1,8,,20395,9,,,1,9,,20405,9,,,1,8,,20415,9,,,1,9,,20430,9,,,1,8,,20437,9,,,1,49,,20447,9,,,1,8,,20456,9,,,1,8,,20465,9,,,1,9,,20474,9,,,1,8,,20483,9,,,1,9,,20354,9,,,1,7,,20364,9,,,1,8,,20371,9,,,1,48,,20378,9,,,1,7,,20386,9,,,1,8,,20396,9,,,1,8,,20406,9,,,1,7,,20416,9,,,1,8,,20431,9,,,1,8,,20438,9,,,1,7,,20448,9,,,1,48,,20457,9,,,1,8,,20466,9,,,1,7,,20475,9,,,1,8,,20484,9,,,1,8,,20355,9,,,1,7,,20365,9,,,1,8,,20372,9,,,1,48,,20379,9,,,1,7,,20387,9,,,1,8,,20397,9,,,1,8,,20407,9,,,1,7,,20417,9,,,1,7,,20423,9,,,1,7,,20432,9,,,1,7,,20439,9,,,1,7,,20449,9,,,1,47,,20458,9,,,1,7,,20467,9,,,1,6,,20476,9,,,1,7,,20485,9,,,1,7,,20356,9,,,1,7,,20366,9,,,1,7,,20373,9,,,1,7,,20380,9,,,1,47,,20388,9,,,1,7,,20398,9,,,1,7,,20408,9,,,1,7,,20418,9,,,1,7,,20424,9,,,1,7,,20433,9,,,1,7,,20440,9,,,1,7,,20450,9,,,1,7,,20459,9,,,1,47,,20468,9,,,1,7,,20477,9,,,1,7,,20486,9,,,1,7,,20357,9,,,1,7,,20367,9,,,1,7,,20374,9,,,1,7,,20381,9,,,1,7,,20389,9,,,1,7,,20399,9,,,1,47,,20409,9,,,1,7,,20419,9,,,1,7,,20425,9,,,1,7,,20434,9,,,1,7,,20441,9,,,1,7,,20451,9,,,1,9,,20460,9,,,1,8,,20469,9,,,1,48,,20478,9,,,1,9,,20487,9,,,1,8,,20358,9,,,1,9,,20375,9,,,1,8,,20382,9,,,1,9,,20390,9,,,1,8,,20400,9,,,1,48,,20410,9,,,1,9,,20420,9,,,1,8,,20426,9,,,1,9,,20442,9,,,1,8,,20452,9,,,1,8,,20461,9,,,1,9,,20470,9,,,1,48,,20479,9,,,1,9,,20488,9,,,1,8,,20359,9,,,1,8,,20376,9,,,1,9,,20383,9,,,1,8,,20391,9,,,1,9,,20401,9,,,1,49,,20411,9,,,1,9,,20421,9,,,1,9,,20427,9,,,1,9,,20443,9,,,1,9,,20453,9,,,1,9,,20462,9,,,1,9,,20471,9,,,1,49,,20480,9,,,1,10,,20489,9,,,1,10,,20360,9,,,1,10,,20377,9,,,1,10,,20384,9,,,1,10,,20392,9,,,1,50,,20402,9,,,1,10,,20412,9,,,1,10,,20422,9,,,1,10,,20428,9,,,1,10,,20444,9,,,1
100,'GLOBAUX-01-F2',542,,20490,9,,,1,10,,20500,9,,,1,50,,20507,9,,,1,10,,20532,9,,,1,10,,20542,9,,,1,10,,20552,9,,,1,10,,20574,9,,,1,10,,20584,9,,,1,50,,20593,9,,,1,10,,20602,9,,,1,10,,20611,9,,,1,10,,20620,9,,,1,10,,20491,9,,,1,10,,20501,9,,,1,50,,20508,9,,,1,10,,20533,9,,,1,9,,20543,9,,,1,10,,20553,9,,,1,9,,20568,9,,,1,9,,20575,9,,,1,10,,20585,9,,,1,49,,20594,9,,,1,9,,20603,9,,,1,10,,20612,9,,,1,8,,20621,9,,,1,9,,20492,9,,,1,8,,20502,9,,,1,48,,20509,9,,,1,9,,20524,9,,,1,8,,20534,9,,,1,9,,20544,9,,,1,8,,20554,9,,,1,9,,20569,9,,,1,8,,20576,9,,,1,49,,20586,9,,,1,8,,20595,9,,,1,8,,20604,9,,,1,9,,20613,9,,,1,8,,20622,9,,,1,9,,20493,9,,,1,7,,20503,9,,,1,8,,20510,9,,,1,48,,20517,9,,,1,7,,20525,9,,,1,8,,20535,9,,,1,8,,20545,9,,,1,7,,20555,9,,,1,8,,20570,9,,,1,8,,20577,9,,,1,7,,20587,9,,,1,48,,20596,9,,,1,8,,20605,9,,,1,7,,20614,9,,,1,8,,20623,9,,,1,8,,20494,9,,,1,7,,20504,9,,,1,8,,20511,9,,,1,48,,20518,9,,,1,7,,20526,9,,,1,8,,20536,9,,,1,8,,20546,9,,,1,7,,20556,9,,,1,7,,20562,9,,,1,7,,20571,9,,,1,7,,20578,9,,,1,7,,20588,9,,,1,47,,20597,9,,,1,7,,20606,9,,,1,6,,20615,9,,,1,7,,20624,9,,,1,7,,20495,9,,,1,7,,20505,9,,,1,7,,20512,9,,,1,7,,20519,9,,,1,47,,20527,9,,,1,7,,20537,9,,,1,7,,20547,9,,,1,7,,20557,9,,,1,7,,20563,9,,,1,7,,20572,9,,,1,7,,20579,9,,,1,7,,20589,9,,,1,7,,20598,9,,,1,47,,20607,9,,,1,7,,20616,9,,,1,7,,20625,9,,,1,7,,20496,9,,,1,7,,20506,9,,,1,7,,20513,9,,,1,7,,20520,9,,,1,7,,20528,9,,,1,7,,20538,9,,,1,47,,20548,9,,,1,7,,20558,9,,,1,7,,20564,9,,,1,7,,20573,9,,,1,7,,20580,9,,,1,7,,20590,9,,,1,9,,20599,9,,,1,8,,20608,9,,,1,48,,20617,9,,,1,9,,20626,9,,,1,8,,20497,9,,,1,9,,20514,9,,,1,8,,20521,9,,,1,9,,20529,9,,,1,8,,20539,9,,,1,48,,20549,9,,,1,9,,20559,9,,,1,8,,20565,9,,,1,9,,20581,9,,,1,8,,20591,9,,,1,8,,20600,9,,,1,9,,20609,9,,,1,48,,20618,9,,,1,9,,20627,9,,,1,8,,20498,9,,,1,8,,20515,9,,,1,9,,20522,9,,,1,8,,20530,9,,,1,9,,20540,9,,,1,49,,20550,9,,,1,9,,20560,9,,,1,9,,20566,9,,,1,9,,20582,9,,,1,9,,20592,9,,,1,9,,20601,9,,,1,9,,20610,9,,,1,49,,20619,9,,,1,10,,20628,9,,,1,10,,20499,9,,,1,10,,20516,9,,,1,10,,20523,9,,,1,10,,20531,9,,,1,50,,20541,9,,,1,10,,20551,9,,,1,10,,20561,9,,,1,10,,20567,9,,,1,10,,20583,9,,,1
100,'GLOBAUX-01-I',542,,20629,9,,,1,10,,20639,9,,,1,50,,20646,9,,,1,10,,20671,9,,,1,10,,20681,9,,,1,10,,20691,9,,,1,10,,20713,9,,,1,10,,20723,9,,,1,50,,20732,9,,,1,10,,20741,9,,,1,10,,20750,9,,,1,10,,20759,9,,,1,10,,20630,9,,,1,10,,20640,9,,,1,50,,20647,9,,,1,10,,20672,9,,,1,9,,20682,9,,,1,10,,20692,9,,,1,9,,20707,9,,,1,9,,20714,9,,,1,10,,20724,9,,,1,49,,20733,9,,,1,9,,20742,9,,,1,10,,20751,9,,,1,8,,20760,9,,,1,9,,20631,9,,,1,8,,20641,9,,,1,48,,20648,9,,,1,9,,20663,9,,,1,8,,20673,9,,,1,9,,20683,9,,,1,8,,20693,9,,,1,9,,20708,9,,,1,8,,20715,9,,,1,49,,20725,9,,,1,8,,20734,9,,,1,8,,20743,9,,,1,9,,20752,9,,,1,8,,20761,9,,,1,9,,20632,9,,,1,7,,20642,9,,,1,8,,20649,9,,,1,48,,20656,9,,,1,7,,20664,9,,,1,8,,20674,9,,,1,8,,20684,9,,,1,7,,20694,9,,,1,8,,20709,9,,,1,8,,20716,9,,,1,7,,20726,9,,,1,48,,20735,9,,,1,8,,20744,9,,,1,7,,20753,9,,,1,8,,20762,9,,,1,8,,20633,9,,,1,7,,20643,9,,,1,8,,20650,9,,,1,48,,20657,9,,,1,7,,20665,9,,,1,8,,20675,9,,,1,8,,20685,9,,,1,7,,20695,9,,,1,7,,20701,9,,,1,7,,20710,9,,,1,7,,20717,9,,,1,7,,20727,9,,,1,47,,20736,9,,,1,7,,20745,9,,,1,6,,20754,9,,,1,7,,20763,9,,,1,7,,20634,9,,,1,7,,20644,9,,,1,7,,20651,9,,,1,7,,20658,9,,,1,47,,20666,9,,,1,7,,20676,9,,,1,7,,20686,9,,,1,7,,20696,9,,,1,7,,20702,9,,,1,7,,20711,9,,,1,7,,20718,9,,,1,7,,20728,9,,,1,7,,20737,9,,,1,47,,20746,9,,,1,7,,20755,9,,,1,7,,20764,9,,,1,7,,20635,9,,,1,7,,20645,9,,,1,7,,20652,9,,,1,7,,20659,9,,,1,7,,20667,9,,,1,7,,20677,9,,,1,47,,20687,9,,,1,7,,20697,9,,,1,7,,20703,9,,,1,7,,20712,9,,,1,7,,20719,9,,,1,7,,20729,9,,,1,9,,20738,9,,,1,8,,20747,9,,,1,48,,20756,9,,,1,9,,20765,9,,,1,8,,20636,9,,,1,9,,20653,9,,,1,8,,20660,9,,,1,9,,20668,9,,,1,8,,20678,9,,,1,48,,20688,9,,,1,9,,20698,9,,,1,8,,20704,9,,,1,9,,20720,9,,,1,8,,20730,9,,,1,8,,20739,9,,,1,9,,20748,9,,,1,48,,20757,9,,,1,9,,20766,9,,,1,8,,20637,9,,,1,8,,20654,9,,,1,9,,20661,9,,,1,8,,20669,9,,,1,9,,20679,9,,,1,49,,20689,9,,,1,9,,20699,9,,,1,9,,20705,9,,,1,9,,20721,9,,,1,9,,20731,9,,,1,9,,20740,9,,,1,9,,20749,9,,,1,49,,20758,9,,,1,10,,20767,9,,,1,10,,20638,9,,,1,10,,20655,9,,,1,10,,20662,9,,,1,10,,20670,9,,,1,50,,20680,9,,,1,10,,20690,9,,,1,10,,20700,9,,,1,10,,20706,9,,,1,10,,20722,9,,,1
100,'GLOBAUX-01-S',542,,20768,9,,,1,7,,20796,9,,,1,6,,20806,9,,,1,47,,20826,9,,,1,7,,20848,9,,,1,7,,20852,9,,,1,6,,20859,9,,,1,7,,20870,9,,,1,5,,20876,9,,,1,4,,20893,9,,,1,4,,20902,9,,,1,4,,20905,9,,,1,4,,20913,9,,,1,4,,20930,9,,,1,3,,20936,9,,,1,43,,20946,9,,,1,3,,20948,9,,,1,4,,20950,9,,,1,3,,20952,9,,,1,3,,20968,9,,,1,4,,20977,9,,,1,3,,20979,9,,,1,3,,20997,9,,,1,3,,21003,9,,,1,4,,21004,9,,,1,3,,20769,9,,,1,3,,20787,9,,,1,3,,20789,9,,,1,4,,20797,9,,,1,3,,20807,9,,,1,3,,20808,9,,,1,3,,20809,9,,,1,3,,20811,9,,,1,3,,20812,9,,,1,43,,20827,9,,,1,3,,20833,9,,,1,3,,20839,9,,,1,3,,20849,9,,,1,3,,20853,9,,,1,3,,20860,9,,,1,3,,20865,9,,,1,3,,20871,9,,,1,3,,20877,9,,,1,3,,20894,9,,,1,4,,20903,9,,,1,3,,20906,9,,,1,3,,20912,9,,,1,3,,20914,9,,,1,3,,20931,9,,,1,3,,20937,9,,,1,4,,20947,9,,,1,3,,20949,9,,,1,3,,20951,9,,,1,44,,20955,9,,,1,3,,20960,9,,,1,4,,20969,9,,,1,3,,20978,9,,,1,4,,20984,9,,,1,4,,20998,9,,,1,3,,21005,9,,,1,4,,20770,9,,,1,4,,20780,9,,,1,5,,20790,9,,,1,5,,20798,9,,,1,5,,20810,9,,,1,5,,20813,9,,,1,5,,20828,9,,,1,46,,20840,9,,,1,6,,20854,9,,,1,6,,20866,9,,,1,6,,20878,9,,,1,6,,20895,9,,,1,6,,20907,9,,,1,6,,20915,9,,,1,6,,20932,9,,,1,6,,20938,9,,,1,6,,20956,9,,,1,46,,20961,9,,,1,6,,20970,9,,,1,6,,20985,9,,,1,6,,20999,9,,,1,6,,20771,9,,,1,6,,20781,9,,,1,6,,20791,9,,,1,6,,20799,9,,,1,6,,20814,9,,,1,6,,20829,9,,,1,46,,20841,9,,,1,6,,20855,9,,,1,6,,20867,9,,,1,6,,20879,9,,,1,6,,20896,9,,,1,6,,20908,9,,,1,6,,20916,9,,,1,6,,20933,9,,,1,6,,20939,9,,,1,6,,20957,9,,,1,46,,20962,9,,,1,6,,20971,9,,,1,6,,20986,9,,,1,6,,21000,9,,,1,6,,20772,9,,,1,6,,20782,9,,,1,6,,20792,9,,,1,6,,20800,9,,,1,6,,20815,9,,,1,6,,20830,9,,,1,46,,20842,9,,,1,6,,20856,9,,,1,6,,20868,9,,,1,6,,20880,9,,,1,6,,20897,9,,,1,6,,20909,9,,,1,6,,20917,9,,,1,6,,20934,9,,,1,6,,20940,9,,,1,6,,20958,9,,,1,46,,20963,9,,,1,6,,20972,9,,,1,5,,20987,9,,,1,4,,20989,9,,,1,4,,21001,9,,,1,4,,20773,9,,,1,4,,20775,9,,,1,4,,20783,9,,,1,4,,20793,9,,,1,4,,20795,9,,,1,4,,20801,9,,,1,4,,20816,9,,,1,4,,20821,9,,,1,3,,20831,9,,,1,3,,20834,9,,,1,43,,20843,9,,,1,4,,20850,9,,,1,3,,20857,9,,,1,3,,20869,9,,,1,3,,20872,9,,,1,3,,20881,9,,,1,3,,20886,9,,,1,3,,20891,9,,,1,3,,20898,9,,,1,3,,20904,9,,,1,3,,20910,9,,,1,3,,20918,9,,,1,3,,20923,9,,,1,2,,20925,9,,,1,3,,20935,9,,,1,3,,20941,9,,,1,3,,20953,9,,,1,2,,20954,9,,,1,3,,20959,9,,,1,3,,20964,9,,,1,43,,20973,9,,,1,2,,20980,9,,,1,3,,20983,9,,,1,3,,20988,9,,,1,3,,20990,9,,,1,2,,20993,9,,,1,3,,21002,9,,,1,3,,20774,9,,,1,3,,20776,9,,,1,3,,20784,9,,,1,3,,20788,9,,,1,3,,20794,9,,,1,3,,20802,9,,,1,4,,20817,9,,,1,3,,20822,9,,,1,4,,20832,9,,,1,4,,20835,9,,,1,3,,20844,9,,,1,4,,20851,9,,,1,3,,20858,9,,,1,44,,20861,9,,,1,4,,20873,9,,,1,4,,20882,9,,,1,4,,20887,9,,,1,4,,20892,9,,,1,4,,20899,9,,,1,4,,20911,9,,,1,4,,20919,9,,,1,4,,20924,9,,,1,4,,20926,9,,,1,4,,20942,9,,,1,6,,20965,9,,,1,5,,20974,9,,,1,46,,20981,9,,,1,6,,20991,9,,,1,6,,20994,9,,,1,6,,20777,9,,,1,6,,20785,9,,,1,6,,20803,9,,,1,6,,20818,9,,,1,6,,20823,9,,,1,6,,20836,9,,,1,6,,20845,9,,,1,46,,20862,9,,,1,6,,20874,9,,,1,6,,20883,9,,,1,6,,20888,9,,,1,6,,20900,9,,,1,6,,20920,9,,,1,6,,20927,9,,,1,6,,20943,9,,,1,6,,20966,9,,,1,6,,20975,9,,,1,46,,20982,9,,,1,6,,20992,9,,,1,7,,20995,9,,,1,6,,20778,9,,,1,6,,20786,9,,,1,6,,20804,9,,,1,6,,20819,9,,,1,6,,20824,9,,,1,6,,20837,9,,,1,6,,20846,9,,,1,46,,20863,9,,,1,6,,20875,9,,,1,6,,20884,9,,,1,7,,20889,9,,,1,6,,20901,9,,,1,6,,20921,9,,,1,7,,20928,9,,,1,8,,20944,9,,,1,8,,20967,9,,,1,48,,20976,9,,,1,8,,20996,9,,,1,8,,20779,9,,,1,8,,20805,9,,,1,8,,20820,9,,,1,8,,20825,9,,,1,8,,20838,9,,,1,8,,20847,9,,,1,48,,20864,9,,,1,8,,20885,9,,,1,8,,20890,9,,,1,8,,20922,9,,,1,8,,20929,9,,,1,8,,20945,9,,,1
101,'GLOBAUX-01-A',553,,21092,19,,,1,50,,21102,19,,,1,10,,21109,19,,,1,10,,21119,19,,,1,10,,21136,19,,,1,10,,21146,19,,,1,10,,21006,19,,,1,50,,21016,19,,,1,10,,21035,19,,,1,10,,21042,19,,,1,10,,21052,19,,,1,10,,21074,19,,,1,9,,21082,19,,,1,50,,21093,19,,,1,9,,21103,19,,,1,10,,21110,19,,,1,9,,21120,19,,,1,9,,21137,19,,,1,8,,21147,19,,,1,8,,21007,19,,,1,49,,21017,19,,,1,8,,21026,19,,,1,9,,21036,19,,,1,8,,21043,19,,,1,9,,21053,19,,,1,8,,21075,19,,,1,9,,21083,19,,,1,48,,21094,19,,,1,8,,21104,19,,,1,9,,21111,19,,,1,8,,21121,19,,,1,9,,21138,19,,,1,8,,21148,19,,,1,8,,21008,19,,,1,49,,21018,19,,,1,8,,21027,19,,,1,7,,21037,19,,,1,8,,21044,19,,,1,8,,21054,19,,,1,7,,21069,19,,,1,8,,21076,19,,,1,8,,21084,19,,,1,47,,21095,19,,,1,8,,21105,19,,,1,8,,21112,19,,,1,7,,21122,19,,,1,6,,21129,19,,,1,7,,21139,19,,,1,6,,21149,19,,,1,7,,21009,19,,,1,6,,21019,19,,,1,47,,21028,19,,,1,6,,21038,19,,,1,7,,21045,19,,,1,6,,21055,19,,,1,7,,21062,19,,,1,6,,21070,19,,,1,7,,21077,19,,,1,6,,21085,19,,,1,7,,21096,19,,,1,46,,21106,19,,,1,7,,21113,19,,,1,6,,21123,19,,,1,7,,21130,19,,,1,6,,21140,19,,,1,7,,21150,19,,,1,6,,21010,19,,,1,7,,21020,19,,,1,6,,21029,19,,,1,47,,21039,19,,,1,6,,21046,19,,,1,7,,21056,19,,,1,7,,21063,19,,,1,6,,21071,19,,,1,7,,21078,19,,,1,6,,21086,19,,,1,7,,21097,19,,,1,6,,21107,19,,,1,46,,21114,19,,,1,7,,21124,19,,,1,6,,21131,19,,,1,7,,21141,19,,,1,6,,21151,19,,,1,7,,21011,19,,,1,6,,21021,19,,,1,7,,21030,19,,,1,6,,21040,19,,,1,7,,21047,19,,,1,47,,21057,19,,,1,6,,21064,19,,,1,7,,21072,19,,,1,6,,21079,19,,,1,6,,21087,19,,,1,7,,21098,19,,,1,6,,21108,19,,,1,7,,21115,19,,,1,6,,21125,19,,,1,47,,21132,19,,,1,6,,21142,19,,,1,7,,21152,19,,,1,6,,21012,19,,,1,7,,21022,19,,,1,6,,21031,19,,,1,7,,21041,19,,,1,6,,21048,19,,,1,7,,21058,19,,,1,48,,21065,19,,,1,7,,21073,19,,,1,8,,21080,19,,,1,8,,21088,19,,,1,7,,21099,19,,,1,8,,21116,19,,,1,8,,21126,19,,,1,8,,21133,19,,,1,48,,21143,19,,,1,8,,21153,19,,,1,9,,21013,19,,,1,8,,21023,19,,,1,9,,21032,19,,,1,8,,21049,19,,,1,8,,21059,19,,,1,49,,21066,19,,,1,8,,21081,19,,,1,9,,21089,19,,,1,8,,21100,19,,,1,9,,21117,19,,,1,8,,21127,19,,,1,8,,21134,19,,,1,50,,21144,19,,,1,9,,21154,19,,,1,9,,21014,19,,,1,10,,21024,19,,,1,9,,21033,19,,,1,10,,21050,19,,,1,49,,21060,19,,,1,10,,21067,19,,,1,10,,21090,19,,,1,10,,21101,19,,,1,10,,21118,19,,,1,10,,21128,19,,,1,50,,21135,19,,,1,10,,21145,19,,,1,10,,21155,19,,,1,10,,21015,19,,,1,10,,21025,19,,,1,10,,21034,19,,,1,50,,21051,19,,,1,10,,21061,19,,,1,10,,21068,19,,,1,14,,21091,19,,,1
101,'GLOBAUX-01-F1',553,,21236,19,,,1,50,,21246,19,,,1,10,,21255,19,,,1,10,,21265,19,,,1,10,,21275,19,,,1,10,,21285,19,,,1,10,,21156,19,,,1,50,,21166,19,,,1,10,,21173,19,,,1,10,,21198,19,,,1,10,,21207,19,,,1,10,,21216,19,,,1,9,,21230,19,,,1,50,,21237,19,,,1,9,,21247,19,,,1,9,,21256,19,,,1,10,,21266,19,,,1,9,,21276,19,,,1,9,,21286,19,,,1,8,,21157,19,,,1,48,,21167,19,,,1,9,,21174,19,,,1,8,,21190,19,,,1,9,,21199,19,,,1,8,,21208,19,,,1,9,,21217,19,,,1,8,,21231,19,,,1,49,,21238,19,,,1,8,,21248,19,,,1,8,,21257,19,,,1,9,,21267,19,,,1,8,,21277,19,,,1,9,,21287,19,,,1,8,,21158,19,,,1,48,,21168,19,,,1,9,,21175,19,,,1,8,,21191,19,,,1,9,,21200,19,,,1,8,,21209,19,,,1,9,,21218,19,,,1,8,,21232,19,,,1,49,,21239,19,,,1,8,,21249,19,,,1,9,,21258,19,,,1,8,,21268,19,,,1,9,,21278,19,,,1,7,,21288,19,,,1,8,,21159,19,,,1,8,,21169,19,,,1,47,,21176,19,,,1,8,,21183,19,,,1,8,,21192,19,,,1,7,,21201,19,,,1,8,,21210,19,,,1,8,,21219,19,,,1,7,,21233,19,,,1,48,,21240,19,,,1,8,,21250,19,,,1,7,,21259,19,,,1,8,,21269,19,,,1,8,,21279,19,,,1,7,,21289,19,,,1,8,,21160,19,,,1,8,,21170,19,,,1,47,,21177,19,,,1,8,,21184,19,,,1,8,,21193,19,,,1,7,,21202,19,,,1,7,,21211,19,,,1,7,,21220,19,,,1,6,,21225,19,,,1,7,,21234,19,,,1,7,,21241,19,,,1,47,,21251,19,,,1,7,,21260,19,,,1,7,,21270,19,,,1,7,,21280,19,,,1,7,,21290,19,,,1,7,,21161,19,,,1,7,,21171,19,,,1,7,,21178,19,,,1,47,,21185,19,,,1,7,,21194,19,,,1,7,,21203,19,,,1,7,,21212,19,,,1,7,,21221,19,,,1,7,,21226,19,,,1,7,,21235,19,,,1,7,,21242,19,,,1,7,,21252,19,,,1,47,,21261,19,,,1,7,,21271,19,,,1,7,,21281,19,,,1,7,,21291,19,,,1,7,,21162,19,,,1,7,,21172,19,,,1,7,,21179,19,,,1,7,,21186,19,,,1,48,,21195,19,,,1,9,,21204,19,,,1,8,,21213,19,,,1,9,,21222,19,,,1,8,,21227,19,,,1,8,,21243,19,,,1,9,,21253,19,,,1,48,,21262,19,,,1,9,,21272,19,,,1,8,,21282,19,,,1,8,,21292,19,,,1,9,,21163,19,,,1,8,,21180,19,,,1,9,,21187,19,,,1,8,,21196,19,,,1,48,,21205,19,,,1,9,,21214,19,,,1,8,,21223,19,,,1,9,,21228,19,,,1,8,,21244,19,,,1,8,,21254,19,,,1,9,,21263,19,,,1,48,,21273,19,,,1,9,,21283,19,,,1,8,,21293,19,,,1,9,,21164,19,,,1,9,,21181,19,,,1,10,,21188,19,,,1,50,,21197,19,,,1,10,,21206,19,,,1,10,,21215,19,,,1,10,,21224,19,,,1,10,,21229,19,,,1,10,,21245,19,,,1,50,,21264,19,,,1,10,,21274,19,,,1,10,,21284,19,,,1,10,,21294,19,,,1,10,,21165,19,,,1,10,,21182,19,,,1,54,,21189,19,,,1
101,'GLOBAUX-01-F2',553,,21375,19,,,1,50,,21385,19,,,1,10,,21394,19,,,1,10,,21404,19,,,1,10,,21414,19,,,1,10,,21424,19,,,1,10,,21295,19,,,1,50,,21305,19,,,1,10,,21312,19,,,1,10,,21337,19,,,1,10,,21346,19,,,1,10,,21355,19,,,1,9,,21369,19,,,1,50,,21376,19,,,1,9,,21386,19,,,1,9,,21395,19,,,1,10,,21405,19,,,1,9,,21415,19,,,1,9,,21425,19,,,1,8,,21296,19,,,1,48,,21306,19,,,1,9,,21313,19,,,1,8,,21329,19,,,1,9,,21338,19,,,1,8,,21347,19,,,1,9,,21356,19,,,1,8,,21370,19,,,1,49,,21377,19,,,1,8,,21387,19,,,1,8,,21396,19,,,1,9,,21406,19,,,1,8,,21416,19,,,1,9,,21426,19,,,1,8,,21297,19,,,1,48,,21307,19,,,1,9,,21314,19,,,1,8,,21330,19,,,1,9,,21339,19,,,1,8,,21348,19,,,1,9,,21357,19,,,1,8,,21371,19,,,1,49,,21378,19,,,1,8,,21388,19,,,1,9,,21397,19,,,1,8,,21407,19,,,1,9,,21417,19,,,1,7,,21427,19,,,1,8,,21298,19,,,1,8,,21308,19,,,1,47,,21315,19,,,1,8,,21322,19,,,1,8,,21331,19,,,1,7,,21340,19,,,1,8,,21349,19,,,1,8,,21358,19,,,1,7,,21372,19,,,1,48,,21379,19,,,1,8,,21389,19,,,1,7,,21398,19,,,1,8,,21408,19,,,1,8,,21418,19,,,1,7,,21428,19,,,1,8,,21299,19,,,1,8,,21309,19,,,1,47,,21316,19,,,1,8,,21323,19,,,1,8,,21332,19,,,1,7,,21341,19,,,1,7,,21350,19,,,1,7,,21359,19,,,1,6,,21364,19,,,1,7,,21373,19,,,1,7,,21380,19,,,1,47,,21390,19,,,1,7,,21399,19,,,1,7,,21409,19,,,1,7,,21419,19,,,1,7,,21429,19,,,1,7,,21300,19,,,1,7,,21310,19,,,1,7,,21317,19,,,1,47,,21324,19,,,1,7,,21333,19,,,1,7,,21342,19,,,1,7,,21351,19,,,1,7,,21360,19,,,1,7,,21365,19,,,1,7,,21374,19,,,1,7,,21381,19,,,1,7,,21391,19,,,1,47,,21400,19,,,1,7,,21410,19,,,1,7,,21420,19,,,1,7,,21430,19,,,1,7,,21301,19,,,1,7,,21311,19,,,1,7,,21318,19,,,1,7,,21325,19,,,1,48,,21334,19,,,1,9,,21343,19,,,1,8,,21352,19,,,1,9,,21361,19,,,1,8,,21366,19,,,1,8,,21382,19,,,1,9,,21392,19,,,1,48,,21401,19,,,1,9,,21411,19,,,1,8,,21421,19,,,1,8,,21431,19,,,1,9,,21302,19,,,1,8,,21319,19,,,1,9,,21326,19,,,1,8,,21335,19,,,1,48,,21344,19,,,1,9,,21353,19,,,1,8,,21362,19,,,1,9,,21367,19,,,1,8,,21383,19,,,1,8,,21393,19,,,1,9,,21402,19,,,1,48,,21412,19,,,1,9,,21422,19,,,1,8,,21432,19,,,1,9,,21303,19,,,1,9,,21320,19,,,1,10,,21327,19,,,1,50,,21336,19,,,1,10,,21345,19,,,1,10,,21354,19,,,1,10,,21363,19,,,1,10,,21368,19,,,1,10,,21384,19,,,1,50,,21403,19,,,1,10,,21413,19,,,1,10,,21423,19,,,1,10,,21433,19,,,1,10,,21304,19,,,1,10,,21321,19,,,1,54,,21328,19,,,1
101,'GLOBAUX-01-I',553,,21514,19,,,1,50,,21524,19,,,1,10,,21533,19,,,1,10,,21543,19,,,1,10,,21553,19,,,1,10,,21563,19,,,1,10,,21434,19,,,1,50,,21444,19,,,1,10,,21451,19,,,1,10,,21476,19,,,1,10,,21485,19,,,1,10,,21494,19,,,1,9,,21508,19,,,1,50,,21515,19,,,1,9,,21525,19,,,1,9,,21534,19,,,1,10,,21544,19,,,1,9,,21554,19,,,1,9,,21564,19,,,1,8,,21435,19,,,1,48,,21445,19,,,1,9,,21452,19,,,1,8,,21468,19,,,1,9,,21477,19,,,1,8,,21486,19,,,1,9,,21495,19,,,1,8,,21509,19,,,1,49,,21516,19,,,1,8,,21526,19,,,1,8,,21535,19,,,1,9,,21545,19,,,1,8,,21555,19,,,1,9,,21565,19,,,1,8,,21436,19,,,1,48,,21446,19,,,1,9,,21453,19,,,1,8,,21469,19,,,1,9,,21478,19,,,1,8,,21487,19,,,1,9,,21496,19,,,1,8,,21510,19,,,1,49,,21517,19,,,1,8,,21527,19,,,1,9,,21536,19,,,1,8,,21546,19,,,1,9,,21556,19,,,1,7,,21566,19,,,1,8,,21437,19,,,1,8,,21447,19,,,1,47,,21454,19,,,1,8,,21461,19,,,1,8,,21470,19,,,1,7,,21479,19,,,1,8,,21488,19,,,1,8,,21497,19,,,1,7,,21511,19,,,1,48,,21518,19,,,1,8,,21528,19,,,1,7,,21537,19,,,1,8,,21547,19,,,1,8,,21557,19,,,1,7,,21567,19,,,1,8,,21438,19,,,1,8,,21448,19,,,1,47,,21455,19,,,1,8,,21462,19,,,1,8,,21471,19,,,1,7,,21480,19,,,1,7,,21489,19,,,1,7,,21498,19,,,1,6,,21503,19,,,1,7,,21512,19,,,1,7,,21519,19,,,1,47,,21529,19,,,1,7,,21538,19,,,1,7,,21548,19,,,1,7,,21558,19,,,1,7,,21568,19,,,1,7,,21439,19,,,1,7,,21449,19,,,1,7,,21456,19,,,1,47,,21463,19,,,1,7,,21472,19,,,1,7,,21481,19,,,1,7,,21490,19,,,1,7,,21499,19,,,1,7,,21504,19,,,1,7,,21513,19,,,1,7,,21520,19,,,1,7,,21530,19,,,1,47,,21539,19,,,1,7,,21549,19,,,1,7,,21559,19,,,1,7,,21569,19,,,1,7,,21440,19,,,1,7,,21450,19,,,1,7,,21457,19,,,1,7,,21464,19,,,1,48,,21473,19,,,1,9,,21482,19,,,1,8,,21491,19,,,1,9,,21500,19,,,1,8,,21505,19,,,1,8,,21521,19,,,1,9,,21531,19,,,1,48,,21540,19,,,1,9,,21550,19,,,1,8,,21560,19,,,1,8,,21570,19,,,1,9,,21441,19,,,1,8,,21458,19,,,1,9,,21465,19,,,1,8,,21474,19,,,1,48,,21483,19,,,1,9,,21492,19,,,1,8,,21501,19,,,1,9,,21506,19,,,1,8,,21522,19,,,1,8,,21532,19,,,1,9,,21541,19,,,1,48,,21551,19,,,1,9,,21561,19,,,1,8,,21571,19,,,1,9,,21442,19,,,1,9,,21459,19,,,1,10,,21466,19,,,1,50,,21475,19,,,1,10,,21484,19,,,1,10,,21493,19,,,1,10,,21502,19,,,1,10,,21507,19,,,1,10,,21523,19,,,1,50,,21542,19,,,1,10,,21552,19,,,1,10,,21562,19,,,1,10,,21572,19,,,1,10,,21443,19,,,1,10,,21460,19,,,1,54,,21467,19,,,1
101,'GLOBAUX-01-S',553,,21696,19,,,1,48,,21708,19,,,1,7,,21732,19,,,1,7,,21749,19,,,1,7,,21753,19,,,1,7,,21772,19,,,1,7,,21802,19,,,1,7,,21809,19,,,1,5,,21573,19,,,1,5,,21595,19,,,1,5,,21602,19,,,1,45,,21612,19,,,1,5,,21616,19,,,1,5,,21618,19,,,1,4,,21633,19,,,1,4,,21640,19,,,1,3,,21655,19,,,1,4,,21659,19,,,1,4,,21665,19,,,1,3,,21670,19,,,1,4,,21676,19,,,1,4,,21681,19,,,1,3,,21697,19,,,1,3,,21705,19,,,1,3,,21709,19,,,1,4,,21717,19,,,1,3,,21733,19,,,1,43,,21739,19,,,1,3,,21740,19,,,1,2,,21750,19,,,1,3,,21752,19,,,1,3,,21754,19,,,1,3,,21755,19,,,1,2,,21757,19,,,1,3,,21763,19,,,1,3,,21773,19,,,1,2,,21782,19,,,1,3,,21783,19,,,1,2,,21788,19,,,1,3,,21803,19,,,1,2,,21808,19,,,1,3,,21810,19,,,1,2,,21574,19,,,1,3,,21585,19,,,1,2,,21593,19,,,1,3,,21596,19,,,1,2,,21603,19,,,1,3,,21613,19,,,1,3,,21614,19,,,1,2,,21615,19,,,1,43,,21617,19,,,1,3,,21619,19,,,1,3,,21634,19,,,1,3,,21641,19,,,1,3,,21647,19,,,1,4,,21656,19,,,1,3,,21660,19,,,1,3,,21671,19,,,1,4,,21677,19,,,1,3,,21682,19,,,1,4,,21698,19,,,1,3,,21706,19,,,1,4,,21710,19,,,1,4,,21716,19,,,1,3,,21718,19,,,1,4,,21734,19,,,1,4,,21741,19,,,1,45,,21751,19,,,1,5,,21758,19,,,1,5,,21764,19,,,1,6,,21774,19,,,1,6,,21789,19,,,1,6,,21804,19,,,1,6,,21575,19,,,1,6,,21586,19,,,1,6,,21597,19,,,1,6,,21604,19,,,1,46,,21620,19,,,1,6,,21635,19,,,1,6,,21648,19,,,1,6,,21661,19,,,1,6,,21672,19,,,1,6,,21683,19,,,1,6,,21699,19,,,1,6,,21711,19,,,1,6,,21719,19,,,1,6,,21735,19,,,1,46,,21742,19,,,1,6,,21759,19,,,1,6,,21765,19,,,1,6,,21775,19,,,1,6,,21790,19,,,1,6,,21805,19,,,1,6,,21576,19,,,1,7,,21587,19,,,1,6,,21598,19,,,1,5,,21605,19,,,1,46,,21621,19,,,1,6,,21636,19,,,1,7,,21649,19,,,1,6,,21662,19,,,1,6,,21673,19,,,1,6,,21684,19,,,1,6,,21700,19,,,1,6,,21712,19,,,1,6,,21720,19,,,1,6,,21736,19,,,1,46,,21743,19,,,1,6,,21760,19,,,1,6,,21766,19,,,1,6,,21776,19,,,1,6,,21791,19,,,1,6,,21806,19,,,1,6,,21577,19,,,1,6,,21588,19,,,1,6,,21599,19,,,1,6,,21606,19,,,1,46,,21622,19,,,1,6,,21637,19,,,1,6,,21650,19,,,1,6,,21663,19,,,1,6,,21674,19,,,1,6,,21685,19,,,1,5,,21694,19,,,1,5,,21701,19,,,1,4,,21713,19,,,1,4,,21721,19,,,1,4,,21726,19,,,1,4,,21737,19,,,1,43,,21744,19,,,1,4,,21756,19,,,1,4,,21761,19,,,1,4,,21767,19,,,1,3,,21777,19,,,1,4,,21787,19,,,1,4,,21792,19,,,1,3,,21794,19,,,1,4,,21807,19,,,1,4,,21578,19,,,1,4,,21580,19,,,1,3,,21589,19,,,1,4,,21600,19,,,1,3,,21601,19,,,1,4,,21607,19,,,1,3,,21623,19,,,1,3,,21628,19,,,1,43,,21638,19,,,1,3,,21642,19,,,1,3,,21651,19,,,1,4,,21657,19,,,1,3,,21664,19,,,1,3,,21666,19,,,1,3,,21675,19,,,1,3,,21678,19,,,1,3,,21686,19,,,1,3,,21690,19,,,1,3,,21695,19,,,1,3,,21702,19,,,1,3,,21707,19,,,1,3,,21714,19,,,1,4,,21722,19,,,1,3,,21727,19,,,1,3,,21728,19,,,1,4,,21738,19,,,1,3,,21745,19,,,1,43,,21762,19,,,1,4,,21768,19,,,1,3,,21778,19,,,1,4,,21784,19,,,1,3,,21793,19,,,1,4,,21795,19,,,1,4,,21798,19,,,1,4,,21579,19,,,1,4,,21581,19,,,1,4,,21590,19,,,1,4,,21594,19,,,1,4,,21608,19,,,1,4,,21624,19,,,1,4,,21629,19,,,1,4,,21639,19,,,1,4,,21643,19,,,1,44,,21652,19,,,1,5,,21658,19,,,1,4,,21667,19,,,1,5,,21679,19,,,1,5,,21687,19,,,1,5,,21691,19,,,1,5,,21703,19,,,1,5,,21715,19,,,1,6,,21723,19,,,1,5,,21729,19,,,1,6,,21746,19,,,1,46,,21769,19,,,1,6,,21779,19,,,1,5,,21785,19,,,1,6,,21796,19,,,1,6,,21799,19,,,1,6,,21582,19,,,1,6,,21591,19,,,1,6,,21609,19,,,1,6,,21625,19,,,1,6,,21630,19,,,1,6,,21644,19,,,1,46,,21653,19,,,1,6,,21668,19,,,1,6,,21680,19,,,1,6,,21688,19,,,1,6,,21692,19,,,1,6,,21704,19,,,1,7,,21724,19,,,1,6,,21730,19,,,1,6,,21747,19,,,1,46,,21770,19,,,1,6,,21780,19,,,1,6,,21786,19,,,1,6,,21797,19,,,1,6,,21800,19,,,1,6,,21583,19,,,1,6,,21592,19,,,1,6,,21610,19,,,1,6,,21626,19,,,1,6,,21631,19,,,1,47,,21645,19,,,1,8,,21654,19,,,1,8,,21669,19,,,1,8,,21689,19,,,1,8,,21693,19,,,1,8,,21725,19,,,1,8,,21731,19,,,1,8,,21748,19,,,1,48,,21771,19,,,1,8,,21781,19,,,1,8,,21801,19,,,1,8,,21584,19,,,1,8,,21611,19,,,1,8,,21627,19,,,1,7,,21632,19,,,1,52,,21646,19,,,1
