200,'GLOBAUX-01-A',552,,21847,16,,,1,49,,21851,16,,,1,10,,21872,16,,,1,10,,21881,16,,,1,10,,21890,16,,,1,10,,21905,16,,,1,9,,21919,16,,,1,50,,21927,16,,,1,10,,21933,16,,,1,10,,21941,16,,,1,10,,21952,16,,,1,9,,21960,16,,,1,10,,21811,16,,,1,9,,21825,16,,,1,49,,21839,16,,,1,9,,21848,16,,,1,9,,21852,16,,,1,9,,21860,16,,,1,8,,21873,16,,,1,9,,21882,16,,,1,49,,21891,16,,,1,8,,21898,16,,,1,9,,21906,16,,,1,8,,21913,16,,,1,9,,21920,16,,,1,8,,21934,16,,,1,9,,21942,16,,,1,8,,21953,16,,,1,49,,21961,16,,,1,8,,21812,16,,,1,9,,21826,16,,,1,8,,21840,16,,,1,9,,21849,16,,,1,8,,21853,16,,,1,9,,21861,16,,,1,48,,21874,16,,,1,9,,21883,16,,,1,8,,21892,16,,,1,8,,21899,16,,,1,7,,21907,16,,,1,8,,21914,16,,,1,8,,21921,16,,,1,47,,21935,16,,,1,8,,21943,16,,,1,8,,21954,16,,,1,7,,21962,16,,,1,8,,21813,16,,,1,8,,21819,16,,,1,7,,21827,16,,,1,7,,21841,16,,,1,48,,21850,16,,,1,7,,21854,16,,,1,7,,21862,16,,,1,8,,21866,16,,,1,7,,21875,16,,,1,6,,21884,16,,,1,7,,21893,16,,,1,6,,21900,16,,,1,6,,21908,16,,,1,47,,21915,16,,,1,6,,21922,16,,,1,7,,21928,16,,,1,6,,21936,16,,,1,7,,21944,16,,,1,6,,21947,16,,,1,7,,21955,16,,,1,6,,21963,16,,,1,7,,21814,16,,,1,46,,21820,16,,,1,6,,21828,16,,,1,7,,21833,16,,,1,6,,21842,16,,,1,7,,21855,16,,,1,6,,21863,16,,,1,7,,21867,16,,,1,6,,21876,16,,,1,7,,21885,16,,,1,46,,21894,16,,,1,6,,21901,16,,,1,7,,21909,16,,,1,6,,21916,16,,,1,7,,21923,16,,,1,6,,21929,16,,,1,7,,21937,16,,,1,6,,21945,16,,,1,7,,21948,16,,,1,6,,21956,16,,,1,46,,21964,16,,,1,7,,21815,16,,,1,6,,21821,16,,,1,7,,21829,16,,,1,6,,21834,16,,,1,6,,21843,16,,,1,7,,21856,16,,,1,6,,21864,16,,,1,6,,21868,16,,,1,47,,21877,16,,,1,6,,21886,16,,,1,6,,21895,16,,,1,7,,21902,16,,,1,6,,21910,16,,,1,7,,21917,16,,,1,6,,21924,16,,,1,6,,21930,16,,,1,7,,21938,16,,,1,6,,21946,16,,,1,47,,21949,16,,,1,6,,21957,16,,,1,6,,21965,16,,,1,6,,21816,16,,,1,7,,21822,16,,,1,6,,21830,16,,,1,7,,21835,16,,,1,6,,21844,16,,,1,8,,21857,16,,,1,47,,21865,16,,,1,7,,21869,16,,,1,8,,21878,16,,,1,7,,21887,16,,,1,8,,21896,16,,,1,7,,21903,16,,,1,7,,21911,16,,,1,8,,21918,16,,,1,47,,21925,16,,,1,8,,21931,16,,,1,7,,21939,16,,,1,7,,21950,16,,,1,8,,21958,16,,,1,8,,21817,16,,,1,7,,21823,16,,,1,8,,21831,16,,,1,48,,21836,16,,,1,7,,21845,16,,,1,9,,21858,16,,,1,9,,21870,16,,,1,9,,21879,16,,,1,9,,21888,16,,,1,9,,21897,16,,,1,49,,21904,16,,,1,9,,21912,16,,,1,9,,21926,16,,,1,10,,21932,16,,,1,9,,21940,16,,,1,10,,21951,16,,,1,49,,21959,16,,,1,10,,21818,16,,,1,9,,21832,16,,,1,10,,21837,16,,,1,10,,21846,16,,,1,10,,21859,16,,,1,50,,21871,16,,,1,10,,21880,16,,,1,10,,21889,16,,,1
200,'GLOBAUX-01-F1',551,,22001,16,,,1,50,,22009,16,,,1,9,,22017,16,,,1,9,,22025,16,,,1,9,,22031,16,,,1,10,,22043,16,,,1,9,,22047,16,,,1,9,,22062,16,,,1,50,,22074,16,,,1,9,,22082,16,,,1,9,,22090,16,,,1,9,,22095,16,,,1,10,,21966,16,,,1,9,,21975,16,,,1,49,,21993,16,,,1,9,,22002,16,,,1,10,,22010,16,,,1,9,,22018,16,,,1,9,,22026,16,,,1,10,,22032,16,,,1,9,,22044,16,,,1,49,,22048,16,,,1,9,,22055,16,,,1,8,,22063,16,,,1,9,,22075,16,,,1,8,,22083,16,,,1,9,,22091,16,,,1,9,,22096,16,,,1,48,,21967,16,,,1,9,,21976,16,,,1,8,,21986,16,,,1,9,,21994,16,,,1,8,,22003,16,,,1,9,,22011,16,,,1,9,,22019,16,,,1,48,,22027,16,,,1,9,,22033,16,,,1,8,,22045,16,,,1,9,,22049,16,,,1,9,,22056,16,,,1,8,,22064,16,,,1,9,,22076,16,,,1,48,,22084,16,,,1,9,,22092,16,,,1,9,,22097,16,,,1,8,,21968,16,,,1,9,,21977,16,,,1,7,,21987,16,,,1,8,,21995,16,,,1,48,,22004,16,,,1,8,,22012,16,,,1,8,,22020,16,,,1,8,,22028,16,,,1,8,,22034,16,,,1,8,,22046,16,,,1,8,,22050,16,,,1,48,,22057,16,,,1,8,,22065,16,,,1,8,,22070,16,,,1,7,,22077,16,,,1,7,,22085,16,,,1,6,,22093,16,,,1,7,,22098,16,,,1,7,,22103,16,,,1,7,,21969,16,,,1,47,,21978,16,,,1,7,,21981,16,,,1,6,,21988,16,,,1,7,,21996,16,,,1,7,,22005,16,,,1,7,,22013,16,,,1,7,,22021,16,,,1,7,,22029,16,,,1,7,,22035,16,,,1,46,,22039,16,,,1,7,,22051,16,,,1,7,,22058,16,,,1,7,,22066,16,,,1,7,,22071,16,,,1,7,,22078,16,,,1,6,,22086,16,,,1,7,,22094,16,,,1,47,,22099,16,,,1,7,,22104,16,,,1,7,,21970,16,,,1,7,,21979,16,,,1,6,,21982,16,,,1,7,,21989,16,,,1,7,,21997,16,,,1,7,,22006,16,,,1,8,,22014,16,,,1,47,,22022,16,,,1,7,,22030,16,,,1,8,,22036,16,,,1,7,,22040,16,,,1,7,,22052,16,,,1,8,,22059,16,,,1,7,,22067,16,,,1,7,,22072,16,,,1,48,,22079,16,,,1,7,,22087,16,,,1,8,,22100,16,,,1,8,,22105,16,,,1,8,,21971,16,,,1,7,,21980,16,,,1,8,,21983,16,,,1,8,,21990,16,,,1,48,,21998,16,,,1,8,,22007,16,,,1,8,,22015,16,,,1,7,,22023,16,,,1,8,,22037,16,,,1,8,,22041,16,,,1,8,,22053,16,,,1,8,,22060,16,,,1,48,,22068,16,,,1,8,,22073,16,,,1,8,,22080,16,,,1,9,,22088,16,,,1,8,,22101,16,,,1,9,,22106,16,,,1,8,,21972,16,,,1,49,,21984,16,,,1,9,,21991,16,,,1,8,,21999,16,,,1,9,,22008,16,,,1,10,,22016,16,,,1,10,,22024,16,,,1,50,,22038,16,,,1,10,,22042,16,,,1,10,,22054,16,,,1,10,,22061,16,,,1,10,,22069,16,,,1,10,,22081,16,,,1,50,,22089,16,,,1,10,,22102,16,,,1,10,,22107,16,,,1,10,,21973,16,,,1,10,,21985,16,,,1,10,,22000,16,,,1
200,'GLOBAUX-01-F2',551,,22143,16,,,1,50,,22151,16,,,1,9,,22159,16,,,1,9,,22167,16,,,1,9,,22173,16,,,1,10,,22185,16,,,1,9,,22189,16,,,1,9,,22204,16,,,1,50,,22216,16,,,1,9,,22224,16,,,1,9,,22232,16,,,1,9,,22237,16,,,1,10,,22108,16,,,1,9,,22117,16,,,1,49,,22135,16,,,1,9,,22144,16,,,1,10,,22152,16,,,1,9,,22160,16,,,1,9,,22168,16,,,1,10,,22174,16,,,1,9,,22186,16,,,1,49,,22190,16,,,1,9,,22197,16,,,1,8,,22205,16,,,1,9,,22217,16,,,1,8,,22225,16,,,1,9,,22233,16,,,1,9,,22238,16,,,1,48,,22109,16,,,1,9,,22118,16,,,1,8,,22128,16,,,1,9,,22136,16,,,1,8,,22145,16,,,1,9,,22153,16,,,1,9,,22161,16,,,1,48,,22169,16,,,1,9,,22175,16,,,1,8,,22187,16,,,1,9,,22191,16,,,1,9,,22198,16,,,1,8,,22206,16,,,1,9,,22218,16,,,1,48,,22226,16,,,1,9,,22234,16,,,1,9,,22239,16,,,1,8,,22110,16,,,1,9,,22119,16,,,1,7,,22129,16,,,1,8,,22137,16,,,1,48,,22146,16,,,1,8,,22154,16,,,1,8,,22162,16,,,1,8,,22170,16,,,1,8,,22176,16,,,1,8,,22188,16,,,1,8,,22192,16,,,1,48,,22199,16,,,1,8,,22207,16,,,1,8,,22212,16,,,1,7,,22219,16,,,1,7,,22227,16,,,1,6,,22235,16,,,1,7,,22240,16,,,1,7,,22245,16,,,1,7,,22111,16,,,1,47,,22120,16,,,1,7,,22123,16,,,1,6,,22130,16,,,1,7,,22138,16,,,1,7,,22147,16,,,1,7,,22155,16,,,1,7,,22163,16,,,1,7,,22171,16,,,1,7,,22177,16,,,1,46,,22181,16,,,1,7,,22193,16,,,1,7,,22200,16,,,1,7,,22208,16,,,1,7,,22213,16,,,1,7,,22220,16,,,1,6,,22228,16,,,1,7,,22236,16,,,1,47,,22241,16,,,1,7,,22246,16,,,1,7,,22112,16,,,1,7,,22121,16,,,1,6,,22124,16,,,1,7,,22131,16,,,1,7,,22139,16,,,1,7,,22148,16,,,1,8,,22156,16,,,1,47,,22164,16,,,1,7,,22172,16,,,1,8,,22178,16,,,1,7,,22182,16,,,1,7,,22194,16,,,1,8,,22201,16,,,1,7,,22209,16,,,1,7,,22214,16,,,1,48,,22221,16,,,1,7,,22229,16,,,1,8,,22242,16,,,1,8,,22247,16,,,1,8,,22113,16,,,1,7,,22122,16,,,1,8,,22125,16,,,1,8,,22132,16,,,1,48,,22140,16,,,1,8,,22149,16,,,1,8,,22157,16,,,1,7,,22165,16,,,1,8,,22179,16,,,1,8,,22183,16,,,1,8,,22195,16,,,1,8,,22202,16,,,1,48,,22210,16,,,1,8,,22215,16,,,1,8,,22222,16,,,1,9,,22230,16,,,1,8,,22243,16,,,1,9,,22248,16,,,1,8,,22114,16,,,1,49,,22126,16,,,1,9,,22133,16,,,1,8,,22141,16,,,1,9,,22150,16,,,1,10,,22158,16,,,1,10,,22166,16,,,1,50,,22180,16,,,1,10,,22184,16,,,1,10,,22196,16,,,1,10,,22203,16,,,1,10,,22211,16,,,1,10,,22223,16,,,1,50,,22231,16,,,1,10,,22244,16,,,1,10,,22249,16,,,1,10,,22115,16,,,1,10,,22127,16,,,1,10,,22142,16,,,1
200,'GLOBAUX-01-I',551,,22285,16,,,1,50,,22293,16,,,1,9,,22301,16,,,1,9,,22309,16,,,1,9,,22315,16,,,1,10,,22327,16,,,1,9,,22331,16,,,1,9,,22346,16,,,1,50,,22358,16,,,1,9,,22366,16,,,1,9,,22374,16,,,1,9,,22379,16,,,1,10,,22250,16,,,1,9,,22259,16,,,1,49,,22277,16,,,1,9,,22286,16,,,1,10,,22294,16,,,1,9,,22302,16,,,1,9,,22310,16,,,1,10,,22316,16,,,1,9,,22328,16,,,1,49,,22332,16,,,1,9,,22339,16,,,1,8,,22347,16,,,1,9,,22359,16,,,1,8,,22367,16,,,1,9,,22375,16,,,1,9,,22380,16,,,1,48,,22251,16,,,1,9,,22260,16,,,1,8,,22270,16,,,1,9,,22278,16,,,1,8,,22287,16,,,1,9,,22295,16,,,1,9,,22303,16,,,1,48,,22311,16,,,1,9,,22317,16,,,1,8,,22329,16,,,1,9,,22333,16,,,1,9,,22340,16,,,1,8,,22348,16,,,1,9,,22360,16,,,1,48,,22368,16,,,1,9,,22376,16,,,1,9,,22381,16,,,1,8,,22252,16,,,1,9,,22261,16,,,1,7,,22271,16,,,1,8,,22279,16,,,1,48,,22288,16,,,1,8,,22296,16,,,1,8,,22304,16,,,1,8,,22312,16,,,1,8,,22318,16,,,1,8,,22330,16,,,1,8,,22334,16,,,1,48,,22341,16,,,1,8,,22349,16,,,1,8,,22354,16,,,1,7,,22361,16,,,1,7,,22369,16,,,1,6,,22377,16,,,1,7,,22382,16,,,1,7,,22387,16,,,1,7,,22253,16,,,1,47,,22262,16,,,1,7,,22265,16,,,1,6,,22272,16,,,1,7,,22280,16,,,1,7,,22289,16,,,1,7,,22297,16,,,1,7,,22305,16,,,1,7,,22313,16,,,1,7,,22319,16,,,1,46,,22323,16,,,1,7,,22335,16,,,1,7,,22342,16,,,1,7,,22350,16,,,1,7,,22355,16,,,1,7,,22362,16,,,1,6,,22370,16,,,1,7,,22378,16,,,1,47,,22383,16,,,1,7,,22388,16,,,1,7,,22254,16,,,1,7,,22263,16,,,1,6,,22266,16,,,1,7,,22273,16,,,1,7,,22281,16,,,1,7,,22290,16,,,1,8,,22298,16,,,1,47,,22306,16,,,1,7,,22314,16,,,1,8,,22320,16,,,1,7,,22324,16,,,1,7,,22336,16,,,1,8,,22343,16,,,1,7,,22351,16,,,1,7,,22356,16,,,1,48,,22363,16,,,1,7,,22371,16,,,1,8,,22384,16,,,1,8,,22389,16,,,1,8,,22255,16,,,1,7,,22264,16,,,1,8,,22267,16,,,1,8,,22274,16,,,1,48,,22282,16,,,1,8,,22291,16,,,1,8,,22299,16,,,1,7,,22307,16,,,1,8,,22321,16,,,1,8,,22325,16,,,1,8,,22337,16,,,1,8,,22344,16,,,1,48,,22352,16,,,1,8,,22357,16,,,1,8,,22364,16,,,1,9,,22372,16,,,1,8,,22385,16,,,1,9,,22390,16,,,1,8,,22256,16,,,1,49,,22268,16,,,1,9,,22275,16,,,1,8,,22283,16,,,1,9,,22292,16,,,1,10,,22300,16,,,1,10,,22308,16,,,1,50,,22322,16,,,1,10,,22326,16,,,1,10,,22338,16,,,1,10,,22345,16,,,1,10,,22353,16,,,1,10,,22365,16,,,1,50,,22373,16,,,1,10,,22386,16,,,1,10,,22391,16,,,1,10,,22257,16,,,1,10,,22269,16,,,1,10,,22284,16,,,1
200,'GLOBAUX-01-S',551,,22463,16,,,1,6,,22473,16,,,1,46,,22483,16,,,1,6,,22498,16,,,1,6,,22509,16,,,1,6,,22518,16,,,1,6,,22532,16,,,1,6,,22534,16,,,1,5,,22554,16,,,1,5,,22571,16,,,1,5,,22573,16,,,1,6,,22580,16,,,1,5,,22582,16,,,1,44,,22594,16,,,1,3,,22600,16,,,1,4,,22606,16,,,1,4,,22607,16,,,1,4,,22613,16,,,1,3,,22622,16,,,1,4,,22392,16,,,1,3,,22393,16,,,1,4,,22403,16,,,1,3,,22411,16,,,1,4,,22412,16,,,1,3,,22421,16,,,1,4,,22423,16,,,1,3,,22428,16,,,1,4,,22436,16,,,1,3,,22444,16,,,1,3,,22456,16,,,1,43,,22461,16,,,1,4,,22462,16,,,1,3,,22464,16,,,1,3,,22474,16,,,1,3,,22484,16,,,1,4,,22492,16,,,1,3,,22494,16,,,1,3,,22499,16,,,1,4,,22504,16,,,1,3,,22510,16,,,1,3,,22515,16,,,1,3,,22519,16,,,1,3,,22527,16,,,1,4,,22533,16,,,1,3,,22535,16,,,1,3,,22540,16,,,1,3,,22555,16,,,1,4,,22564,16,,,1,43,,22572,16,,,1,4,,22574,16,,,1,3,,22575,16,,,1,4,,22583,16,,,1,4,,22590,16,,,1,4,,22595,16,,,1,3,,22601,16,,,1,4,,22608,16,,,1,4,,22614,16,,,1,4,,22623,16,,,1,3,,22630,16,,,1,4,,22394,16,,,1,4,,22404,16,,,1,4,,22413,16,,,1,4,,22420,16,,,1,4,,22424,16,,,1,45,,22437,16,,,1,5,,22445,16,,,1,5,,22457,16,,,1,6,,22465,16,,,1,6,,22475,16,,,1,6,,22485,16,,,1,6,,22495,16,,,1,6,,22505,16,,,1,6,,22511,16,,,1,6,,22520,16,,,1,46,,22528,16,,,1,6,,22541,16,,,1,6,,22556,16,,,1,6,,22565,16,,,1,6,,22576,16,,,1,6,,22584,16,,,1,6,,22596,16,,,1,6,,22602,16,,,1,6,,22615,16,,,1,6,,22624,16,,,1,46,,22395,16,,,1,6,,22405,16,,,1,6,,22414,16,,,1,6,,22425,16,,,1,6,,22438,16,,,1,6,,22446,16,,,1,6,,22458,16,,,1,6,,22466,16,,,1,6,,22476,16,,,1,6,,22486,16,,,1,46,,22496,16,,,1,6,,22506,16,,,1,6,,22512,16,,,1,6,,22521,16,,,1,6,,22529,16,,,1,6,,22542,16,,,1,6,,22557,16,,,1,6,,22566,16,,,1,6,,22577,16,,,1,7,,22585,16,,,1,46,,22597,16,,,1,6,,22603,16,,,1,6,,22616,16,,,1,6,,22625,16,,,1,6,,22396,16,,,1,6,,22406,16,,,1,6,,22415,16,,,1,6,,22426,16,,,1,6,,22439,16,,,1,6,,22447,16,,,1,46,,22459,16,,,1,6,,22467,16,,,1,5,,22477,16,,,1,5,,22487,16,,,1,5,,22497,16,,,1,4,,22500,16,,,1,5,,22507,16,,,1,4,,22513,16,,,1,4,,22516,16,,,1,4,,22522,16,,,1,4,,22530,16,,,1,4,,22536,16,,,1,3,,22543,16,,,1,3,,22547,16,,,1,44,,22558,16,,,1,3,,22562,16,,,1,3,,22567,16,,,1,3,,22578,16,,,1,3,,22581,16,,,1,2,,22586,16,,,1,3,,22591,16,,,1,3,,22598,16,,,1,3,,22604,16,,,1,3,,22609,16,,,1,3,,22617,16,,,1,3,,22618,16,,,1,3,,22626,16,,,1,3,,22397,16,,,1,3,,22398,16,,,1,3,,22399,16,,,1,3,,22400,16,,,1,2,,22407,16,,,1,3,,22416,16,,,1,3,,22422,16,,,1,43,,22427,16,0,5,1,3,,22429,16,,,1,3,,22433,16,,,1,3,,22440,16,,,1,3,,22448,16,0,5,1,3,,22449,16,,,1,3,,22453,16,,,1,3,,22460,16,,,1,3,,22468,16,0,5,1,3,,22469,16,,,1,2,,22478,16,,,1,3,,22482,16,0,5,1,3,,22488,16,,,1,3,,22493,16,0,5,1,3,,22501,16,,,1,3,,22508,16,,,1,4,,22514,16,,,1,3,,22517,16,,,1,3,,22523,16,,,1,4,,22531,16,,,1,43,,22537,16,,,1,4,,22544,16,,,1,3,,22548,16,,,1,4,,22551,16,,,1,4,,22559,16,,,1,4,,22563,16,,,1,4,,22568,16,,,1,3,,22579,16,,,1,4,,22587,16,,,1,4,,22592,16,,,1,4,,22599,16,,,1,4,,22605,16,,,1,4,,22610,16,,,1,4,,22619,16,,,1,5,,22627,16,,,1,45,,22401,16,,,1,5,,22408,16,,,1,5,,22417,16,,,1,5,,22430,16,,,1,6,,22434,16,,,1,6,,22441,16,,,1,6,,22450,16,,,1,6,,22454,16,,,1,6,,22470,16,,,1,6,,22479,16,,,1,6,,22489,16,,,1,46,,22502,16,,,1,6,,22524,16,,,1,6,,22538,16,,,1,6,,22545,16,,,1,6,,22549,16,,,1,6,,22552,16,,,1,6,,22560,16,,,1,6,,22569,16,,,1,6,,22588,16,,,1,6,,22593,16,,,1,46,,22611,16,,,1,6,,22620,16,,,1,6,,22628,16,,,1,6,,22402,16,,,1,6,,22409,16,,,1,6,,22418,16,,,1,6,,22431,16,,,1,6,,22435,16,,,1,6,,22442,16,,,1,6,,22451,16,,,1,46,,22455,16,,,1,6,,22471,16,,,1,6,,22480,16,,,1,6,,22490,16,,,1,6,,22503,16,,,1,6,,22525,16,,,1,6,,22539,16,,,1,6,,22546,16,,,1,5,,22550,16,,,1,7,,22553,16,,,1,47,,22561,16,,,1,7,,22570,16,,,1,7,,22589,16,,,1,7,,22612,16,,,1,7,,22621,16,,,1,7,,22629,16,,,1,7,,22410,16,,,1,9,,22419,16,,,1,48,,22432,16,,,1,7,,22443,16,,,1,8,,22452,16,,,1,8,,22472,16,,,1,8,,22481,16,,,1,8,,22491,16,,,1,8,,22526,16,,,1
201,'GLOBAUX-01-A',548,,22741,16,,,1,9,,22748,16,,,1,50,,22757,16,,,1,10,,22769,16,,,1,9,,22778,16,,,1,10,,22631,16,,,1,10,,22645,16,,,1,10,,22658,16,,,1,49,,22666,16,,,1,10,,22669,16,,,1,9,,22688,16,,,1,10,,22696,16,,,1,10,,22704,16,,,1,9,,22712,16,,,1,50,,22719,16,,,1,9,,22727,16,,,1,9,,22733,16,,,1,9,,22749,16,,,1,8,,22758,16,,,1,9,,22770,16,,,1,9,,22779,16,,,1,49,,22632,16,,,1,8,,22646,16,,,1,9,,22659,16,,,1,8,,22667,16,,,1,9,,22670,16,,,1,9,,22677,16,,,1,8,,22689,16,,,1,49,,22697,16,,,1,9,,22705,16,,,1,8,,22713,16,,,1,9,,22720,16,,,1,9,,22728,16,,,1,9,,22734,16,,,1,7,,22750,16,,,1,48,,22759,16,,,1,8,,22771,16,,,1,7,,22780,16,,,1,8,,22633,16,,,1,7,,22640,16,,,1,8,,22647,16,,,1,7,,22660,16,,,1,7,,22668,16,,,1,47,,22671,16,,,1,7,,22678,16,,,1,7,,22682,16,,,1,7,,22690,16,,,1,7,,22698,16,,,1,7,,22706,16,,,1,7,,22714,16,,,1,6,,22721,16,,,1,7,,22729,16,,,1,46,,22735,16,,,1,7,,22742,16,,,1,6,,22751,16,,,1,7,,22760,16,,,1,6,,22763,16,,,1,6,,22772,16,,,1,7,,22781,16,,,1,6,,22634,16,,,1,7,,22641,16,,,1,46,,22648,16,,,1,7,,22653,16,,,1,6,,22661,16,,,1,7,,22672,16,,,1,6,,22679,16,,,1,6,,22683,16,,,1,7,,22691,16,,,1,6,,22699,16,,,1,7,,22707,16,,,1,46,,22715,16,,,1,6,,22722,16,,,1,7,,22730,16,,,1,6,,22736,16,,,1,7,,22743,16,,,1,6,,22752,16,,,1,6,,22761,16,,,1,7,,22764,16,,,1,6,,22773,16,,,1,7,,22782,16,,,1,46,,22635,16,,,1,6,,22642,16,,,1,7,,22649,16,,,1,6,,22654,16,,,1,7,,22662,16,,,1,6,,22673,16,,,1,7,,22680,16,,,1,6,,22684,16,,,1,6,,22692,16,,,1,47,,22700,16,,,1,6,,22708,16,,,1,7,,22716,16,,,1,6,,22723,16,,,1,6,,22731,16,,,1,7,,22737,16,,,1,6,,22744,16,,,1,7,,22753,16,,,1,6,,22762,16,,,1,47,,22765,16,,,1,6,,22774,16,,,1,6,,22783,16,,,1,7,,22636,16,,,1,6,,22643,16,,,1,7,,22650,16,,,1,6,,22655,16,,,1,6,,22663,16,,,1,7,,22674,16,,,1,6,,22681,16,,,1,48,,22685,16,,,1,7,,22693,16,,,1,7,,22701,16,,,1,7,,22709,16,,,1,7,,22717,16,,,1,8,,22724,16,,,1,7,,22732,16,,,1,7,,22738,16,,,1,48,,22745,16,,,1,7,,22754,16,,,1,8,,22766,16,,,1,8,,22775,16,,,1,7,,22637,16,,,1,8,,22644,16,,,1,8,,22651,16,,,1,8,,22656,16,,,1,47,,22664,16,,,1,8,,22675,16,,,1,8,,22686,16,,,1,8,,22694,16,,,1,9,,22702,16,,,1,8,,22710,16,,,1,9,,22718,16,,,1,49,,22725,16,,,1,9,,22739,16,,,1,10,,22746,16,,,1,9,,22755,16,,,1,10,,22767,16,,,1,9,,22776,16,,,1,50,,22638,16,,,1,9,,22652,16,,,1,10,,22657,16,,,1,9,,22665,16,,,1,10,,22676,16,,,1,10,,22687,16,,,1,9,,22695,16,,,1,50,,22703,16,,,1,10,,22711,16,,,1,10,,22726,16,,,1,10,,22740,16,,,1,10,,22747,16,,,1,10,,22756,16,,,1,50,,22768,16,,,1,10,,22777,16,,,1,13,,22639,16,,,1
201,'GLOBAUX-01-F1',548,,22877,16,,,1,9,,22890,16,,,1,49,,22898,16,,,1,10,,22906,16,,,1,9,,22911,16,,,1,9,,22784,16,,,1,10,,22792,16,,,1,9,,22809,16,,,1,49,,22817,16,,,1,10,,22825,16,,,1,9,,22833,16,,,1,9,,22841,16,,,1,10,,22846,16,,,1,9,,22859,16,,,1,10,,22862,16,,,1,49,,22878,16,,,1,9,,22891,16,,,1,10,,22899,16,,,1,9,,22907,16,,,1,9,,22912,16,,,1,9,,22785,16,,,1,50,,22793,16,,,1,8,,22803,16,,,1,9,,22810,16,,,1,9,,22818,16,,,1,9,,22826,16,,,1,8,,22834,16,,,1,9,,22842,16,,,1,49,,22847,16,,,1,8,,22860,16,,,1,9,,22863,16,,,1,8,,22870,16,,,1,9,,22879,16,,,1,9,,22892,16,,,1,8,,22900,16,,,1,49,,22908,16,,,1,8,,22913,16,,,1,9,,22786,16,,,1,9,,22794,16,,,1,8,,22804,16,,,1,9,,22811,16,,,1,9,,22819,16,,,1,48,,22827,16,,,1,9,,22835,16,,,1,8,,22843,16,,,1,8,,22848,16,,,1,8,,22861,16,,,1,8,,22864,16,,,1,8,,22871,16,,,1,47,,22880,16,,,1,7,,22886,16,,,1,7,,22893,16,,,1,7,,22901,16,,,1,7,,22909,16,,,1,7,,22914,16,,,1,6,,22919,16,,,1,7,,22787,16,,,1,7,,22795,16,,,1,47,,22798,16,,,1,7,,22805,16,,,1,7,,22812,16,,,1,6,,22820,16,,,1,7,,22828,16,,,1,7,,22836,16,,,1,7,,22844,16,,,1,7,,22849,16,,,1,7,,22854,16,,,1,47,,22865,16,,,1,6,,22872,16,,,1,7,,22881,16,,,1,7,,22887,16,,,1,7,,22894,16,,,1,7,,22902,16,,,1,7,,22910,16,,,1,6,,22915,16,,,1,7,,22920,16,,,1,47,,22788,16,,,1,7,,22796,16,,,1,7,,22799,16,,,1,7,,22806,16,,,1,7,,22813,16,,,1,8,,22821,16,,,1,7,,22829,16,,,1,7,,22837,16,,,1,48,,22845,16,,,1,7,,22850,16,,,1,7,,22855,16,,,1,8,,22866,16,,,1,7,,22873,16,,,1,7,,22882,16,,,1,8,,22888,16,,,1,7,,22895,16,,,1,47,,22903,16,,,1,8,,22916,16,,,1,8,,22921,16,,,1,8,,22789,16,,,1,7,,22797,16,,,1,8,,22800,16,,,1,8,,22807,16,,,1,8,,22814,16,,,1,47,,22822,16,,,1,8,,22830,16,,,1,8,,22838,16,,,1,8,,22851,16,,,1,8,,22856,16,,,1,7,,22867,16,,,1,8,,22874,16,,,1,8,,22883,16,,,1,48,,22889,16,,,1,8,,22896,16,,,1,9,,22904,16,,,1,8,,22917,16,,,1,8,,22922,16,,,1,9,,22790,16,,,1,8,,22801,16,,,1,49,,22808,16,,,1,8,,22815,16,,,1,9,,22823,16,,,1,9,,22831,16,,,1,9,,22839,16,,,1,9,,22852,16,,,1,8,,22857,16,,,1,49,,22868,16,,,1,10,,22875,16,,,1,10,,22884,16,,,1,10,,22897,16,,,1,10,,22905,16,,,1,10,,22918,16,,,1,50,,22923,16,,,1,10,,22791,16,,,1,10,,22802,16,,,1,10,,22816,16,,,1,10,,22824,16,,,1,10,,22832,16,,,1,50,,22840,16,,,1,10,,22853,16,,,1,10,,22858,16,,,1,10,,22869,16,,,1,10,,22876,16,,,1,53,,22885,16,,,1
201,'GLOBAUX-01-F2',548,,23017,16,,,1,9,,23030,16,,,1,49,,23038,16,,,1,10,,23046,16,,,1,9,,23051,16,,,1,9,,22924,16,,,1,10,,22932,16,,,1,9,,22949,16,,,1,49,,22957,16,,,1,10,,22965,16,,,1,9,,22973,16,,,1,9,,22981,16,,,1,10,,22986,16,,,1,9,,22999,16,,,1,10,,23002,16,,,1,49,,23018,16,,,1,9,,23031,16,,,1,10,,23039,16,,,1,9,,23047,16,,,1,9,,23052,16,,,1,9,,22925,16,,,1,50,,22933,16,,,1,8,,22943,16,,,1,9,,22950,16,,,1,9,,22958,16,,,1,9,,22966,16,,,1,8,,22974,16,,,1,9,,22982,16,,,1,49,,22987,16,,,1,8,,23000,16,,,1,9,,23003,16,,,1,8,,23010,16,,,1,9,,23019,16,,,1,9,,23032,16,,,1,8,,23040,16,,,1,49,,23048,16,,,1,8,,23053,16,,,1,9,,22926,16,,,1,9,,22934,16,,,1,8,,22944,16,,,1,9,,22951,16,,,1,9,,22959,16,,,1,48,,22967,16,,,1,9,,22975,16,,,1,8,,22983,16,,,1,8,,22988,16,,,1,8,,23001,16,,,1,8,,23004,16,,,1,8,,23011,16,,,1,47,,23020,16,,,1,7,,23026,16,,,1,7,,23033,16,,,1,7,,23041,16,,,1,7,,23049,16,,,1,7,,23054,16,,,1,6,,23059,16,,,1,7,,22927,16,,,1,7,,22935,16,,,1,47,,22938,16,,,1,7,,22945,16,,,1,7,,22952,16,,,1,6,,22960,16,,,1,7,,22968,16,,,1,7,,22976,16,,,1,7,,22984,16,,,1,7,,22989,16,,,1,7,,22994,16,,,1,47,,23005,16,,,1,6,,23012,16,,,1,7,,23021,16,,,1,7,,23027,16,,,1,7,,23034,16,,,1,7,,23042,16,,,1,7,,23050,16,,,1,6,,23055,16,,,1,7,,23060,16,,,1,47,,22928,16,,,1,7,,22936,16,,,1,7,,22939,16,,,1,7,,22946,16,,,1,7,,22953,16,,,1,8,,22961,16,,,1,7,,22969,16,,,1,7,,22977,16,,,1,48,,22985,16,,,1,7,,22990,16,,,1,7,,22995,16,,,1,8,,23006,16,,,1,7,,23013,16,,,1,7,,23022,16,,,1,8,,23028,16,,,1,7,,23035,16,,,1,47,,23043,16,,,1,8,,23056,16,,,1,8,,23061,16,,,1,8,,22929,16,,,1,7,,22937,16,,,1,8,,22940,16,,,1,8,,22947,16,,,1,8,,22954,16,,,1,47,,22962,16,,,1,8,,22970,16,,,1,8,,22978,16,,,1,8,,22991,16,,,1,8,,22996,16,,,1,7,,23007,16,,,1,8,,23014,16,,,1,8,,23023,16,,,1,48,,23029,16,,,1,8,,23036,16,,,1,9,,23044,16,,,1,8,,23057,16,,,1,8,,23062,16,,,1,9,,22930,16,,,1,8,,22941,16,,,1,49,,22948,16,,,1,8,,22955,16,,,1,9,,22963,16,,,1,9,,22971,16,,,1,9,,22979,16,,,1,9,,22992,16,,,1,8,,22997,16,,,1,49,,23008,16,,,1,10,,23015,16,,,1,10,,23024,16,,,1,10,,23037,16,,,1,10,,23045,16,,,1,10,,23058,16,,,1,50,,23063,16,,,1,10,,22931,16,,,1,10,,22942,16,,,1,10,,22956,16,,,1,10,,22964,16,,,1,10,,22972,16,,,1,50,,22980,16,,,1,10,,22993,16,,,1,10,,22998,16,,,1,10,,23009,16,,,1,10,,23016,16,,,1,53,,23025,16,,,1
201,'GLOBAUX-01-I',548,,23157,16,,,1,9,,23170,16,,,1,49,,23178,16,,,1,10,,23186,16,,,1,9,,23191,16,,,1,9,,23064,16,,,1,10,,23072,16,,,1,9,,23089,16,,,1,49,,23097,16,,,1,10,,23105,16,,,1,9,,23113,16,,,1,9,,23121,16,,,1,10,,23126,16,,,1,9,,23139,16,,,1,10,,23142,16,,,1,49,,23158,16,,,1,9,,23171,16,,,1,10,,23179,16,,,1,9,,23187,16,,,1,9,,23192,16,,,1,9,,23065,16,,,1,50,,23073,16,,,1,8,,23083,16,,,1,9,,23090,16,,,1,9,,23098,16,,,1,9,,23106,16,,,1,8,,23114,16,,,1,9,,23122,16,,,1,49,,23127,16,,,1,8,,23140,16,,,1,9,,23143,16,,,1,8,,23150,16,,,1,9,,23159,16,,,1,9,,23172,16,,,1,8,,23180,16,,,1,49,,23188,16,,,1,8,,23193,16,,,1,9,,23066,16,,,1,9,,23074,16,,,1,8,,23084,16,,,1,9,,23091,16,,,1,9,,23099,16,,,1,48,,23107,16,,,1,9,,23115,16,,,1,8,,23123,16,,,1,8,,23128,16,,,1,8,,23141,16,,,1,8,,23144,16,,,1,8,,23151,16,,,1,47,,23160,16,,,1,7,,23166,16,,,1,7,,23173,16,,,1,7,,23181,16,,,1,7,,23189,16,,,1,7,,23194,16,,,1,6,,23199,16,,,1,7,,23067,16,,,1,7,,23075,16,,,1,47,,23078,16,,,1,7,,23085,16,,,1,7,,23092,16,,,1,6,,23100,16,,,1,7,,23108,16,,,1,7,,23116,16,,,1,7,,23124,16,,,1,7,,23129,16,,,1,7,,23134,16,,,1,47,,23145,16,,,1,6,,23152,16,,,1,7,,23161,16,,,1,7,,23167,16,,,1,7,,23174,16,,,1,7,,23182,16,,,1,7,,23190,16,,,1,6,,23195,16,,,1,7,,23200,16,,,1,47,,23068,16,,,1,7,,23076,16,,,1,7,,23079,16,,,1,7,,23086,16,,,1,7,,23093,16,,,1,8,,23101,16,,,1,7,,23109,16,,,1,7,,23117,16,,,1,48,,23125,16,,,1,7,,23130,16,,,1,7,,23135,16,,,1,8,,23146,16,,,1,7,,23153,16,,,1,7,,23162,16,,,1,8,,23168,16,,,1,7,,23175,16,,,1,47,,23183,16,,,1,8,,23196,16,,,1,8,,23201,16,,,1,8,,23069,16,,,1,7,,23077,16,,,1,8,,23080,16,,,1,8,,23087,16,,,1,8,,23094,16,,,1,47,,23102,16,,,1,8,,23110,16,,,1,8,,23118,16,,,1,8,,23131,16,,,1,8,,23136,16,,,1,7,,23147,16,,,1,8,,23154,16,,,1,8,,23163,16,,,1,48,,23169,16,,,1,8,,23176,16,,,1,9,,23184,16,,,1,8,,23197,16,,,1,8,,23202,16,,,1,9,,23070,16,,,1,8,,23081,16,,,1,49,,23088,16,,,1,8,,23095,16,,,1,9,,23103,16,,,1,9,,23111,16,,,1,9,,23119,16,,,1,9,,23132,16,,,1,8,,23137,16,,,1,49,,23148,16,,,1,10,,23155,16,,,1,10,,23164,16,,,1,10,,23177,16,,,1,10,,23185,16,,,1,10,,23198,16,,,1,50,,23203,16,,,1,10,,23071,16,,,1,10,,23082,16,,,1,10,,23096,16,,,1,10,,23104,16,,,1,10,,23112,16,,,1,50,,23120,16,,,1,10,,23133,16,,,1,10,,23138,16,,,1,10,,23149,16,,,1,10,,23156,16,,,1,53,,23165,16,,,1
201,'GLOBAUX-01-S',547,,23391,16,,,1,6,,23405,16,,,1,6,,23411,16,,,1,46,,23418,16,,,1,6,,23424,16,,,1,6,,23204,16,,,1,6,,23206,16,,,1,6,,23224,16,,,1,6,,23226,16,,,1,5,,23238,16,,,1,5,,23243,16,,,1,5,,23251,16,,,1,6,,23276,16,,,1,44,,23277,16,,,1,4,,23279,16,,,1,4,,23288,16,,,1,4,,23297,16,,,1,3,,23305,16,,,1,4,,23308,16,,,1,3,,23313,16,,,1,4,,23322,16,,,1,4,,23327,16,,,1,3,,23331,16,,,1,2,,23339,16,,,1,3,,23344,16,,,1,4,,23346,16,,,1,3,,23351,16,,,1,2,,23366,16,,,1,4,,23375,13,,,1,2,,23383,16,,,1,4,,23384,16,,,1,2,,23385,13,,,1,43,,23390,16,,,1,3,,23392,16,,,1,3,,23394,16,,,1,3,,23401,13,,,1,3,,23406,16,,,1,3,,23412,16,,,1,3,,23417,16,,,1,3,,23419,16,,,1,3,,23425,16,,,1,3,,23434,16,,,1,3,,23442,13,,,1,3,,23205,16,,,1,3,,23207,16,,,1,2,,23216,16,,,1,3,,23225,16,,,1,3,,23227,16,,,1,3,,23234,13,,,1,3,,23235,16,,,1,2,,23239,16,,,1,3,,23244,16,,,1,43,,23252,16,,,1,3,,23259,16,,,1,3,,23260,16,,,1,3,,23271,16,,,1,3,,23278,16,,,1,3,,23280,16,,,1,4,,23289,16,,,1,3,,23298,16,,,1,4,,23306,16,,,1,3,,23309,16,,,1,4,,23314,16,,,1,4,,23318,16,,,1,3,,23323,16,,,1,4,,23328,16,,,1,4,,23332,16,,,1,4,,23340,16,,,1,4,,23345,16,,,1,45,,23352,16,,,1,5,,23367,16,,,1,5,,23376,16,,,1,5,,23386,16,,,1,5,,23395,16,,,1,6,,23407,16,,,1,6,,23413,16,,,1,6,,23426,16,,,1,6,,23435,16,,,1,6,,23208,16,,,1,6,,23217,16,,,1,46,,23228,16,,,1,6,,23240,16,,,1,6,,23253,16,,,1,6,,23261,16,,,1,6,,23272,16,,,1,6,,23281,16,,,1,6,,23290,16,,,1,6,,23299,16,,,1,6,,23310,16,,,1,6,,23319,16,,,1,46,,23324,16,,,1,6,,23333,16,,,1,6,,23341,16,,,1,6,,23353,16,,,1,7,,23368,16,,,1,6,,23377,16,,,1,6,,23387,16,,,1,6,,23396,16,,,1,6,,23408,16,,,1,6,,23414,16,,,1,46,,23427,16,,,1,6,,23436,16,,,1,6,,23209,16,,,1,6,,23218,16,,,1,6,,23229,16,,,1,6,,23241,16,,,1,6,,23254,16,,,1,6,,23262,16,,,1,6,,23273,16,,,1,6,,23282,16,,,1,46,,23291,16,,,1,6,,23300,16,,,1,6,,23311,16,,,1,6,,23320,16,,,1,6,,23325,16,,,1,6,,23334,16,,,1,6,,23342,16,,,1,6,,23354,16,,,1,6,,23369,16,,,1,6,,23378,16,,,1,46,,23388,16,,,1,6,,23397,16,,,1,6,,23409,16,,,1,5,,23415,16,,,1,5,,23428,16,,,1,5,,23437,16,,,1,5,,23210,16,,,1,5,,23212,16,,,1,4,,23219,16,,,1,5,,23230,16,,,1,3,,23236,16,,,1,4,,23242,16,,,1,43,,23248,16,,,1,3,,23255,16,,,1,4,,23263,16,,,1,3,,23267,16,,,1,3,,23274,16,,,1,3,,23283,16,,,1,4,,23284,16,,,1,3,,23292,16,,,1,3,,23296,16,,,1,3,,23301,16,,,1,4,,23307,16,,,1,3,,23312,16,,,1,3,,23315,16,,,1,3,,23321,16,,,1,4,,23326,16,,,1,3,,23329,16,,,1,3,,23335,16,,,1,3,,23343,16,,,1,3,,23347,16,,,1,43,,23355,16,,,1,4,,23358,16,,,1,3,,23362,16,,,1,3,,23370,16,,,1,3,,23374,16,,,1,3,,23379,16,,,1,4,,23389,16,,,1,3,,23393,16,,,1,3,,23398,16,,,1,3,,23402,16,,,1,3,,23410,16,,,1,3,,23416,16,,,1,4,,23420,16,,,1,3,,23429,16,,,1,3,,23430,16,,,1,4,,23438,16,,,1,3,,23211,16,,,1,4,,23213,16,,,1,44,,23220,16,,,1,4,,23231,16,,,1,4,,23237,16,,,1,3,,23245,16,,,1,4,,23249,16,,,1,5,,23256,16,,,1,4,,23264,16,,,1,5,,23268,16,,,1,5,,23275,16,,,1,4,,23285,16,,,1,5,,23293,16,,,1,5,,23302,16,,,1,5,,23316,16,,,1,5,,23330,16,,,1,45,,23336,16,,,1,4,,23348,16,,,1,5,,23356,16,,,1,5,,23359,16,,,1,6,,23363,16,,,1,6,,23371,16,,,1,6,,23380,16,,,1,6,,23399,16,,,1,6,,23403,16,,,1,6,,23421,16,,,1,46,,23431,16,,,1,6,,23439,16,,,1,6,,23214,16,,,1,6,,23221,16,,,1,6,,23232,16,,,1,6,,23246,16,,,1,6,,23250,16,,,1,6,,23257,16,,,1,6,,23265,16,,,1,6,,23269,16,,,1,46,,23286,16,,,1,6,,23294,16,,,1,6,,23303,16,,,1,6,,23317,16,,,1,6,,23337,16,,,1,6,,23349,16,,,1,6,,23357,16,,,1,6,,23360,16,,,1,6,,23364,16,,,1,6,,23372,16,,,1,46,,23381,16,,,1,6,,23400,16,,,1,6,,23404,16,,,1,6,,23422,16,,,1,6,,23432,16,,,1,6,,23440,16,,,1,6,,23215,16,,,1,6,,23222,16,,,1,6,,23233,16,,,1,7,,23247,16,,,1,47,,23258,16,,,1,7,,23266,16,,,1,7,,23270,16,,,1,7,,23287,16,,,1,7,,23295,16,,,1,7,,23304,16,,,1,7,,23338,16,,,1,8,,23350,16,,,1,48,,23361,16,,,1,8,,23365,16,,,1,8,,23373,16,,,1,8,,23382,16,,,1,8,,23423,16,,,1,8,,23433,16,,,1,8,,23441,16,,,1,52,,23223,16,,,1
