200,'GLOBAUX-01-A',553,,21847,17,,,1,49,,21851,17,,,1,10,,21872,17,,,1,10,,21881,17,,,1,10,,21890,17,,,1,10,,21905,17,,,1,10,,21919,17,,,1,49,,21927,17,,,1,10,,21933,17,,,1,10,,21941,17,,,1,10,,21952,17,,,1,10,,21960,17,,,1,9,,21811,17,,,1,9,,21825,17,,,1,49,,21839,17,,,1,9,,21848,17,,,1,9,,21852,17,,,1,9,,21860,17,,,1,9,,21873,17,,,1,8,,21882,17,,,1,49,,21891,17,,,1,8,,21898,17,,,1,9,,21906,17,,,1,8,,21913,17,,,1,9,,21920,17,,,1,8,,21934,17,,,1,9,,21942,17,,,1,48,,21953,17,,,1,9,,21961,17,,,1,8,,21812,17,,,1,9,,21826,17,,,1,8,,21840,17,,,1,9,,21849,17,,,1,8,,21853,17,,,1,49,,21861,17,,,1,8,,21874,17,,,1,9,,21883,17,,,1,8,,21892,17,,,1,8,,21899,17,,,1,7,,21907,17,,,1,8,,21914,17,,,1,8,,21921,17,,,1,48,,21935,17,,,1,7,,21943,17,,,1,8,,21954,17,,,1,8,,21962,17,,,1,7,,21813,17,,,1,8,,21819,17,,,1,7,,21827,17,,,1,8,,21841,17,,,1,47,,21850,17,,,1,7,,21854,17,,,1,7,,21862,17,,,1,8,,21866,17,,,1,7,,21875,17,,,1,6,,21884,17,,,1,7,,21893,17,,,1,6,,21900,17,,,1,7,,21908,17,,,1,46,,21915,17,,,1,6,,21922,17,,,1,7,,21928,17,,,1,6,,21936,17,,,1,7,,21944,17,,,1,6,,21947,17,,,1,7,,21955,17,,,1,6,,21963,17,,,1,7,,21814,17,,,1,46,,21820,17,,,1,6,,21828,17,,,1,7,,21833,17,,,1,6,,21842,17,,,1,7,,21855,17,,,1,6,,21863,17,,,1,7,,21867,17,,,1,6,,21876,17,,,1,7,,21885,17,,,1,46,,21894,17,,,1,7,,21901,17,,,1,6,,21909,17,,,1,6,,21916,17,,,1,7,,21923,17,,,1,6,,21929,17,,,1,7,,21937,17,,,1,6,,21945,17,,,1,7,,21948,17,,,1,6,,21956,17,,,1,47,,21964,17,,,1,6,,21815,17,,,1,6,,21821,17,,,1,7,,21829,17,,,1,6,,21834,17,,,1,7,,21843,17,,,1,6,,21856,17,,,1,6,,21864,17,,,1,7,,21868,17,,,1,46,,21877,17,,,1,6,,21886,17,,,1,7,,21895,17,,,1,6,,21902,17,,,1,6,,21910,17,,,1,7,,21917,17,,,1,6,,21924,17,,,1,6,,21930,17,,,1,7,,21938,17,,,1,46,,21946,17,,,1,7,,21949,17,,,1,6,,21957,17,,,1,6,,21965,17,,,1,7,,21816,17,,,1,6,,21822,17,,,1,6,,21830,17,,,1,7,,21835,17,,,1,6,,21844,17,,,1,8,,21857,17,,,1,47,,21865,17,,,1,7,,21869,17,,,1,8,,21878,17,,,1,7,,21887,17,,,1,8,,21896,17,,,1,7,,21903,17,,,1,8,,21911,17,,,1,7,,21918,17,,,1,47,,21925,17,,,1,8,,21931,17,,,1,7,,21939,17,,,1,7,,21950,17,,,1,8,,21958,17,,,1,8,,21817,17,,,1,7,,21823,17,,,1,8,,21831,17,,,1,48,,21836,17,,,1,8,,21845,17,,,1,8,,21858,17,,,1,9,,21870,17,,,1,9,,21879,17,,,1,9,,21888,17,,,1,9,,21897,17,,,1,49,,21904,17,,,1,9,,21912,17,,,1,9,,21926,17,,,1,10,,21932,17,,,1,9,,21940,17,,,1,10,,21951,17,,,1,49,,21959,17,,,1,10,,21818,17,,,1,10,,21832,17,,,1,10,,21837,17,,,1,10,,21846,17,,,1,10,,21859,17,,,1,50,,21871,17,,,1,10,,21880,17,,,1,10,,21889,17,,,1
200,'GLOBAUX-01-F1',553,,22001,17,,,1,49,,22009,17,,,1,9,,22017,17,,,1,9,,22025,17,,,1,10,,22031,17,,,1,9,,22043,17,,,1,9,,22047,17,,,1,9,,22062,17,,,1,50,,22074,17,,,1,9,,22082,17,,,1,9,,22090,17,,,1,10,,22095,17,,,1,9,,21966,17,,,1,9,,21975,17,,,1,49,,21993,17,,,1,10,,22002,17,,,1,9,,22010,17,,,1,9,,22018,17,,,1,10,,22026,17,,,1,9,,22032,17,,,1,9,,22044,17,,,1,49,,22048,17,,,1,9,,22055,17,,,1,8,,22063,17,,,1,9,,22075,17,,,1,9,,22083,17,,,1,8,,22091,17,,,1,9,,22096,17,,,1,48,,21967,17,,,1,9,,21976,17,,,1,8,,21986,17,,,1,9,,21994,17,,,1,9,,22003,17,,,1,8,,22011,17,,,1,9,,22019,17,,,1,48,,22027,17,,,1,9,,22033,17,,,1,9,,22045,17,,,1,8,,22049,17,,,1,9,,22056,17,,,1,8,,22064,17,,,1,9,,22076,17,,,1,49,,22084,17,,,1,8,,22092,17,,,1,9,,22097,17,,,1,8,,21968,17,,,1,9,,21977,17,,,1,8,,21987,17,,,1,8,,21995,17,,,1,47,,22004,17,,,1,8,,22012,17,,,1,8,,22020,17,,,1,8,,22028,17,,,1,8,,22034,17,,,1,8,,22046,17,,,1,8,,22050,17,,,1,48,,22057,17,,,1,8,,22065,17,,,1,8,,22070,17,,,1,7,,22077,17,,,1,7,,22085,17,,,1,7,,22093,17,,,1,6,,22098,17,,,1,7,,22103,17,,,1,7,,21969,17,,,1,47,,21978,17,,,1,7,,21981,17,,,1,7,,21988,17,,,1,6,,21996,17,,,1,7,,22005,17,,,1,7,,22013,17,,,1,7,,22021,17,,,1,7,,22029,17,,,1,47,,22035,17,,,1,7,,22039,17,,,1,6,,22051,17,,,1,7,,22058,17,,,1,7,,22066,17,,,1,7,,22071,17,,,1,7,,22078,17,,,1,7,,22086,17,,,1,6,,22094,17,,,1,47,,22099,17,,,1,7,,22104,17,,,1,7,,21970,17,,,1,7,,21979,17,,,1,7,,21982,17,,,1,6,,21989,17,,,1,7,,21997,17,,,1,8,,22006,17,,,1,7,,22014,17,,,1,47,,22022,17,,,1,8,,22030,17,,,1,7,,22036,17,,,1,7,,22040,17,,,1,7,,22052,17,,,1,8,,22059,17,,,1,7,,22067,17,,,1,7,,22072,17,,,1,48,,22079,17,,,1,7,,22087,17,,,1,8,,22100,17,,,1,8,,22105,17,,,1,8,,21971,17,,,1,8,,21980,17,,,1,7,,21983,17,,,1,8,,21990,17,,,1,48,,21998,17,,,1,8,,22007,17,,,1,8,,22015,17,,,1,8,,22023,17,,,1,7,,22037,17,,,1,8,,22041,17,,,1,8,,22053,17,,,1,48,,22060,17,,,1,8,,22068,17,,,1,8,,22073,17,,,1,8,,22080,17,,,1,9,,22088,17,,,1,8,,22101,17,,,1,9,,22106,17,,,1,9,,21972,17,,,1,48,,21984,17,,,1,9,,21991,17,,,1,8,,21999,17,,,1,9,,22008,17,,,1,10,,22016,17,,,1,10,,22024,17,,,1,50,,22038,17,,,1,10,,22042,17,,,1,10,,22054,17,,,1,10,,22061,17,,,1,10,,22069,17,,,1,10,,22081,17,,,1,50,,22089,17,,,1,10,,22102,17,,,1,10,,22107,17,,,1,10,,21973,17,,,1,10,,21985,17,,,1,10,,22000,17,,,1
200,'GLOBAUX-01-F2',553,,22143,17,,,1,49,,22151,17,,,1,9,,22159,17,,,1,9,,22167,17,,,1,10,,22173,17,,,1,9,,22185,17,,,1,9,,22189,17,,,1,9,,22204,17,,,1,50,,22216,17,,,1,9,,22224,17,,,1,9,,22232,17,,,1,10,,22237,17,,,1,9,,22108,17,,,1,9,,22117,17,,,1,49,,22135,17,,,1,10,,22144,17,,,1,9,,22152,17,,,1,9,,22160,17,,,1,10,,22168,17,,,1,9,,22174,17,,,1,9,,22186,17,,,1,49,,22190,17,,,1,9,,22197,17,,,1,8,,22205,17,,,1,9,,22217,17,,,1,9,,22225,17,,,1,8,,22233,17,,,1,9,,22238,17,,,1,48,,22109,17,,,1,9,,22118,17,,,1,8,,22128,17,,,1,9,,22136,17,,,1,9,,22145,17,,,1,8,,22153,17,,,1,9,,22161,17,,,1,48,,22169,17,,,1,9,,22175,17,,,1,9,,22187,17,,,1,8,,22191,17,,,1,9,,22198,17,,,1,8,,22206,17,,,1,9,,22218,17,,,1,49,,22226,17,,,1,8,,22234,17,,,1,9,,22239,17,,,1,8,,22110,17,,,1,9,,22119,17,,,1,8,,22129,17,,,1,8,,22137,17,,,1,47,,22146,17,,,1,8,,22154,17,,,1,8,,22162,17,,,1,8,,22170,17,,,1,8,,22176,17,,,1,8,,22188,17,,,1,8,,22192,17,,,1,48,,22199,17,,,1,8,,22207,17,,,1,8,,22212,17,,,1,7,,22219,17,,,1,7,,22227,17,,,1,7,,22235,17,,,1,6,,22240,17,,,1,7,,22245,17,,,1,7,,22111,17,,,1,47,,22120,17,,,1,7,,22123,17,,,1,7,,22130,17,,,1,6,,22138,17,,,1,7,,22147,17,,,1,7,,22155,17,,,1,7,,22163,17,,,1,7,,22171,17,,,1,47,,22177,17,,,1,7,,22181,17,,,1,6,,22193,17,,,1,7,,22200,17,,,1,7,,22208,17,,,1,7,,22213,17,,,1,7,,22220,17,,,1,7,,22228,17,,,1,6,,22236,17,,,1,47,,22241,17,,,1,7,,22246,17,,,1,7,,22112,17,,,1,7,,22121,17,,,1,7,,22124,17,,,1,6,,22131,17,,,1,7,,22139,17,,,1,8,,22148,17,,,1,7,,22156,17,,,1,47,,22164,17,,,1,8,,22172,17,,,1,7,,22178,17,,,1,7,,22182,17,,,1,7,,22194,17,,,1,8,,22201,17,,,1,7,,22209,17,,,1,7,,22214,17,,,1,48,,22221,17,,,1,7,,22229,17,,,1,8,,22242,17,,,1,8,,22247,17,,,1,8,,22113,17,,,1,8,,22122,17,,,1,7,,22125,17,,,1,8,,22132,17,,,1,48,,22140,17,,,1,8,,22149,17,,,1,8,,22157,17,,,1,8,,22165,17,,,1,7,,22179,17,,,1,8,,22183,17,,,1,8,,22195,17,,,1,48,,22202,17,,,1,8,,22210,17,,,1,8,,22215,17,,,1,8,,22222,17,,,1,9,,22230,17,,,1,8,,22243,17,,,1,9,,22248,17,,,1,9,,22114,17,,,1,48,,22126,17,,,1,9,,22133,17,,,1,8,,22141,17,,,1,9,,22150,17,,,1,10,,22158,17,,,1,10,,22166,17,,,1,50,,22180,17,,,1,10,,22184,17,,,1,10,,22196,17,,,1,10,,22203,17,,,1,10,,22211,17,,,1,10,,22223,17,,,1,50,,22231,17,,,1,10,,22244,17,,,1,10,,22249,17,,,1,10,,22115,17,,,1,10,,22127,17,,,1,10,,22142,17,,,1
200,'GLOBAUX-01-I',553,,22285,17,,,1,49,,22293,17,,,1,9,,22301,17,,,1,9,,22309,17,,,1,10,,22315,17,,,1,9,,22327,17,,,1,9,,22331,17,,,1,9,,22346,17,,,1,50,,22358,17,,,1,9,,22366,17,,,1,9,,22374,17,,,1,10,,22379,17,,,1,9,,22250,17,,,1,9,,22259,17,,,1,49,,22277,17,,,1,10,,22286,17,,,1,9,,22294,17,,,1,9,,22302,17,,,1,10,,22310,17,,,1,9,,22316,17,,,1,9,,22328,17,,,1,49,,22332,17,,,1,9,,22339,17,,,1,8,,22347,17,,,1,9,,22359,17,,,1,9,,22367,17,,,1,8,,22375,17,,,1,9,,22380,17,,,1,48,,22251,17,,,1,9,,22260,17,,,1,8,,22270,17,,,1,9,,22278,17,,,1,9,,22287,17,,,1,8,,22295,17,,,1,9,,22303,17,,,1,48,,22311,17,,,1,9,,22317,17,,,1,9,,22329,17,,,1,8,,22333,17,,,1,9,,22340,17,,,1,8,,22348,17,,,1,9,,22360,17,,,1,49,,22368,17,,,1,8,,22376,17,,,1,9,,22381,17,,,1,8,,22252,17,,,1,9,,22261,17,,,1,8,,22271,17,,,1,8,,22279,17,,,1,47,,22288,17,,,1,8,,22296,17,,,1,8,,22304,17,,,1,8,,22312,17,,,1,8,,22318,17,,,1,8,,22330,17,,,1,8,,22334,17,,,1,48,,22341,17,,,1,8,,22349,17,,,1,8,,22354,17,,,1,7,,22361,17,,,1,7,,22369,17,,,1,7,,22377,17,,,1,6,,22382,17,,,1,7,,22387,17,,,1,7,,22253,17,,,1,47,,22262,17,,,1,7,,22265,17,,,1,7,,22272,17,,,1,6,,22280,17,,,1,7,,22289,17,,,1,7,,22297,17,,,1,7,,22305,17,,,1,7,,22313,17,,,1,47,,22319,17,,,1,7,,22323,17,,,1,6,,22335,17,,,1,7,,22342,17,,,1,7,,22350,17,,,1,7,,22355,17,,,1,7,,22362,17,,,1,7,,22370,17,,,1,6,,22378,17,,,1,47,,22383,17,,,1,7,,22388,17,,,1,7,,22254,17,,,1,7,,22263,17,,,1,7,,22266,17,,,1,6,,22273,17,,,1,7,,22281,17,,,1,8,,22290,17,,,1,7,,22298,17,,,1,47,,22306,17,,,1,8,,22314,17,,,1,7,,22320,17,,,1,7,,22324,17,,,1,7,,22336,17,,,1,8,,22343,17,,,1,7,,22351,17,,,1,7,,22356,17,,,1,48,,22363,17,,,1,7,,22371,17,,,1,8,,22384,17,,,1,8,,22389,17,,,1,8,,22255,17,,,1,8,,22264,17,,,1,7,,22267,17,,,1,8,,22274,17,,,1,48,,22282,17,,,1,8,,22291,17,,,1,8,,22299,17,,,1,8,,22307,17,,,1,7,,22321,17,,,1,8,,22325,17,,,1,8,,22337,17,,,1,48,,22344,17,,,1,8,,22352,17,,,1,8,,22357,17,,,1,8,,22364,17,,,1,9,,22372,17,,,1,8,,22385,17,,,1,9,,22390,17,,,1,9,,22256,17,,,1,48,,22268,17,,,1,9,,22275,17,,,1,8,,22283,17,,,1,9,,22292,17,,,1,10,,22300,17,,,1,10,,22308,17,,,1,50,,22322,17,,,1,10,,22326,17,,,1,10,,22338,17,,,1,10,,22345,17,,,1,10,,22353,17,,,1,10,,22365,17,,,1,50,,22373,17,,,1,10,,22386,17,,,1,10,,22391,17,,,1,10,,22257,17,,,1,10,,22269,17,,,1,10,,22284,17,,,1
200,'GLOBAUX-01-S',552,,22463,17,,,1,6,,22473,17,,,1,46,,22483,17,,,1,6,,22498,17,,,1,6,,22509,17,,,1,6,,22518,17,,,1,6,,22532,17,,,1,6,,22534,17,,,1,6,,22554,17,,,1,5,,22571,17,,,1,5,,22573,17,,,1,5,,22580,17,,,1,45,,22582,17,,,1,4,,22594,17,,,1,4,,22600,17,,,1,4,,22606,17,,,1,4,,22607,17,,,1,3,,22613,17,,,1,4,,22622,17,,,1,3,,22392,17,,,1,3,,22393,17,,,1,4,,22403,17,,,1,3,,22411,17,,,1,4,,22412,17,,,1,3,,22421,17,,,1,4,,22423,17,,,1,3,,22428,17,,,1,4,,22436,17,,,1,3,,22444,17,,,1,43,,22456,17,,,1,3,,22461,17,,,1,4,,22462,17,,,1,3,,22464,17,,,1,3,,22474,17,,,1,4,,22484,17,,,1,3,,22492,17,,,1,3,,22494,17,,,1,3,,22499,17,,,1,4,,22504,17,,,1,3,,22510,17,,,1,3,,22515,17,,,1,3,,22519,17,,,1,4,,22527,17,,,1,3,,22533,17,,,1,3,,22535,17,,,1,3,,22540,17,,,1,4,,22555,17,,,1,3,,22564,17,,,1,43,,22572,17,,,1,4,,22574,17,,,1,3,,22575,17,,,1,4,,22583,17,,,1,4,,22590,17,,,1,4,,22595,17,,,1,3,,22601,17,,,1,4,,22608,17,,,1,4,,22614,17,,,1,4,,22623,17,,,1,3,,22630,17,,,1,4,,22394,17,,,1,4,,22404,17,,,1,4,,22413,17,,,1,4,,22420,17,,,1,4,,22424,17,,,1,45,,22437,17,,,1,5,,22445,17,,,1,5,,22457,17,,,1,6,,22465,17,,,1,6,,22475,17,,,1,6,,22485,17,,,1,6,,22495,17,,,1,6,,22505,17,,,1,6,,22511,17,,,1,6,,22520,17,,,1,46,,22528,17,,,1,7,,22541,17,,,1,6,,22556,17,,,1,6,,22565,17,,,1,6,,22576,17,,,1,6,,22584,17,,,1,5,,22596,17,,,1,6,,22602,17,,,1,6,,22615,17,,,1,6,,22624,17,,,1,46,,22395,17,,,1,6,,22405,17,,,1,6,,22414,17,,,1,6,,22425,17,,,1,6,,22438,17,,,1,6,,22446,17,,,1,6,,22458,17,,,1,6,,22466,17,,,1,6,,22476,17,,,1,6,,22486,17,,,1,46,,22496,17,,,1,6,,22506,17,,,1,6,,22512,17,,,1,6,,22521,17,,,1,7,,22529,17,,,1,6,,22542,17,,,1,6,,22557,17,,,1,6,,22566,17,,,1,6,,22577,17,,,1,6,,22585,17,,,1,46,,22597,17,,,1,6,,22603,17,,,1,6,,22616,17,,,1,6,,22625,17,,,1,6,,22396,17,,,1,6,,22406,17,,,1,6,,22415,17,,,1,6,,22426,17,,,1,6,,22439,17,,,1,6,,22447,17,,,1,46,,22459,17,,,1,6,,22467,17,,,1,5,,22477,17,,,1,5,,22487,17,,,1,5,,22497,17,,,1,4,,22500,17,,,1,5,,22507,17,,,1,4,,22513,17,,,1,5,,22516,17,,,1,4,,22522,17,,,1,3,,22530,17,,,1,4,,22536,17,,,1,3,,22543,17,,,1,44,,22547,17,,,1,3,,22558,17,,,1,3,,22562,17,,,1,3,,22567,17,,,1,3,,22578,17,,,1,3,,22581,17,,,1,3,,22586,17,,,1,3,,22591,17,,,1,3,,22598,17,,,1,2,,22604,17,,,1,3,,22609,17,,,1,3,,22617,17,,,1,3,,22618,17,,,1,3,,22626,17,,,1,3,,22397,17,,,1,3,,22398,17,,,1,3,,22399,17,,,1,3,,22400,17,,,1,3,,22407,17,,,1,3,,22416,17,,,1,3,,22422,17,,,1,42,,22427,17,0,5,1,3,,22429,17,,,1,3,,22433,17,,,1,3,,22440,17,,,1,3,,22448,17,0,5,1,3,,22449,17,,,1,3,,22453,17,,,1,3,,22460,17,,,1,3,,22468,17,0,5,1,3,,22469,17,,,1,3,,22478,17,,,1,3,,22482,17,0,5,1,2,,22488,17,,,1,3,,22493,17,0,5,1,3,,22501,17,,,1,3,,22508,17,,,1,4,,22514,17,,,1,3,,22517,17,,,1,3,,22523,17,,,1,4,,22531,17,,,1,43,,22537,17,,,1,4,,22544,17,,,1,3,,22548,17,,,1,4,,22551,17,,,1,4,,22559,17,,,1,4,,22563,17,,,1,4,,22568,17,,,1,4,,22579,17,,,1,3,,22587,17,,,1,4,,22592,17,,,1,4,,22599,17,,,1,4,,22605,17,,,1,4,,22610,17,,,1,4,,22619,17,,,1,5,,22627,17,,,1,45,,22401,17,,,1,5,,22408,17,,,1,5,,22417,17,,,1,5,,22430,17,,,1,6,,22434,17,,,1,6,,22441,17,,,1,6,,22450,17,,,1,6,,22454,17,,,1,6,,22470,17,,,1,6,,22479,17,,,1,6,,22489,17,,,1,46,,22502,17,,,1,6,,22524,17,,,1,6,,22538,17,,,1,6,,22545,17,,,1,6,,22549,17,,,1,6,,22552,17,,,1,6,,22560,17,,,1,6,,22569,17,,,1,6,,22588,17,,,1,6,,22593,17,,,1,46,,22611,17,,,1,6,,22620,17,,,1,6,,22628,17,,,1,6,,22402,17,,,1,6,,22409,17,,,1,6,,22418,17,,,1,6,,22431,17,,,1,6,,22435,17,,,1,6,,22442,17,,,1,6,,22451,17,,,1,46,,22455,17,,,1,6,,22471,17,,,1,6,,22480,17,,,1,6,,22490,17,,,1,6,,22503,17,,,1,6,,22525,17,,,1,6,,22539,17,,,1,6,,22546,17,,,1,6,,22550,17,,,1,6,,22553,17,,,1,47,,22561,17,,,1,7,,22570,17,,,1,7,,22589,17,,,1,7,,22612,17,,,1,7,,22621,17,,,1,7,,22629,17,,,1,7,,22410,17,,,1,9,,22419,17,,,1,48,,22432,17,,,1,8,,22443,17,,,1,8,,22452,17,,,1,7,,22472,17,,,1,8,,22481,17,,,1,8,,22491,17,,,1,8,,22526,17,,,1
201,'GLOBAUX-01-A',547,,22741,15,,,1,9,,22748,15,,,1,50,,22757,15,,,1,10,,22769,15,,,1,9,,22778,15,,,1,10,,22631,15,,,1,10,,22645,15,,,1,9,,22658,15,,,1,50,,22666,15,,,1,10,,22669,15,,,1,9,,22688,15,,,1,10,,22696,15,,,1,10,,22704,15,,,1,9,,22712,15,,,1,49,,22719,15,,,1,10,,22727,15,,,1,9,,22733,15,,,1,8,,22749,15,,,1,9,,22758,15,,,1,9,,22770,15,,,1,9,,22779,15,,,1,48,,22632,15,,,1,9,,22646,15,,,1,9,,22659,15,,,1,8,,22667,15,,,1,9,,22670,15,,,1,8,,22677,15,,,1,9,,22689,15,,,1,49,,22697,15,,,1,8,,22705,15,,,1,9,,22713,15,,,1,9,,22720,15,,,1,9,,22728,15,,,1,9,,22734,15,,,1,7,,22750,15,,,1,48,,22759,15,,,1,7,,22771,15,,,1,8,,22780,15,,,1,8,,22633,15,,,1,7,,22640,15,,,1,8,,22647,15,,,1,7,,22660,15,,,1,7,,22668,15,,,1,47,,22671,15,,,1,7,,22678,15,,,1,7,,22682,15,,,1,7,,22690,15,,,1,7,,22698,15,,,1,7,,22706,15,,,1,7,,22714,15,,,1,6,,22721,15,,,1,7,,22729,15,,,1,46,,22735,15,,,1,7,,22742,15,,,1,6,,22751,15,,,1,6,,22760,15,,,1,7,,22763,15,,,1,6,,22772,15,,,1,7,,22781,15,,,1,6,,22634,15,,,1,7,,22641,15,,,1,46,,22648,15,,,1,6,,22653,15,,,1,7,,22661,15,,,1,6,,22672,15,,,1,7,,22679,15,,,1,6,,22683,15,,,1,7,,22691,15,,,1,6,,22699,15,,,1,6,,22707,15,,,1,7,,22715,15,,,1,46,,22722,15,,,1,6,,22730,15,,,1,7,,22736,15,,,1,6,,22743,15,,,1,7,,22752,15,,,1,6,,22761,15,,,1,7,,22764,15,,,1,6,,22773,15,,,1,6,,22782,15,,,1,47,,22635,15,,,1,6,,22642,15,,,1,7,,22649,15,,,1,6,,22654,15,,,1,6,,22662,15,,,1,7,,22673,15,,,1,6,,22680,15,,,1,7,,22684,15,,,1,6,,22692,15,,,1,47,,22700,15,,,1,6,,22708,15,,,1,6,,22716,15,,,1,7,,22723,15,,,1,6,,22731,15,,,1,7,,22737,15,,,1,6,,22744,15,,,1,6,,22753,15,,,1,7,,22762,15,,,1,6,,22765,15,,,1,47,,22774,15,,,1,6,,22783,15,,,1,7,,22636,15,,,1,6,,22643,15,,,1,6,,22650,15,,,1,7,,22655,15,,,1,6,,22663,15,,,1,7,,22674,15,,,1,6,,22681,15,,,1,47,,22685,15,,,1,8,,22693,15,,,1,7,,22701,15,,,1,7,,22709,15,,,1,7,,22717,15,,,1,8,,22724,15,,,1,7,,22732,15,,,1,7,,22738,15,,,1,48,,22745,15,,,1,7,,22754,15,,,1,8,,22766,15,,,1,7,,22775,15,,,1,8,,22637,15,,,1,8,,22644,15,,,1,8,,22651,15,,,1,7,,22656,15,,,1,48,,22664,15,,,1,8,,22675,15,,,1,8,,22686,15,,,1,8,,22694,15,,,1,9,,22702,15,,,1,8,,22710,15,,,1,9,,22718,15,,,1,49,,22725,15,,,1,9,,22739,15,,,1,10,,22746,15,,,1,9,,22755,15,,,1,10,,22767,15,,,1,9,,22776,15,,,1,10,,22638,15,,,1,49,,22652,15,,,1,10,,22657,15,,,1,9,,22665,15,,,1,10,,22676,15,,,1,10,,22687,15,,,1,9,,22695,15,,,1,50,,22703,15,,,1,10,,22711,15,,,1,10,,22726,15,,,1,9,,22740,15,,,1,10,,22747,15,,,1,10,,22756,15,,,1,50,,22768,15,,,1,10,,22777,15,,,1,14,,22639,15,,,1
201,'GLOBAUX-01-F1',546,,22877,15,,,1,10,,22890,15,,,1,49,,22898,15,,,1,10,,22906,15,,,1,9,,22911,15,,,1,9,,22784,15,,,1,10,,22792,15,,,1,9,,22809,15,,,1,49,,22817,15,,,1,10,,22825,15,,,1,9,,22833,15,,,1,9,,22841,15,,,1,10,,22846,15,,,1,9,,22859,15,,,1,9,,22862,15,,,1,50,,22878,15,,,1,9,,22891,15,,,1,10,,22899,15,,,1,9,,22907,15,,,1,9,,22912,15,,,1,9,,22785,15,,,1,49,,22793,15,,,1,9,,22803,15,,,1,9,,22810,15,,,1,9,,22818,15,,,1,8,,22826,15,,,1,9,,22834,15,,,1,9,,22842,15,,,1,48,,22847,15,,,1,9,,22860,15,,,1,9,,22863,15,,,1,8,,22870,15,,,1,9,,22879,15,,,1,8,,22892,15,,,1,9,,22900,15,,,1,49,,22908,15,,,1,8,,22913,15,,,1,9,,22786,15,,,1,8,,22794,15,,,1,9,,22804,15,,,1,9,,22811,15,,,1,8,,22819,15,,,1,49,,22827,15,,,1,9,,22835,15,,,1,8,,22843,15,,,1,7,,22848,15,,,1,8,,22861,15,,,1,8,,22864,15,,,1,8,,22871,15,,,1,48,,22880,15,,,1,7,,22886,15,,,1,7,,22893,15,,,1,7,,22901,15,,,1,7,,22909,15,,,1,6,,22914,15,,,1,7,,22919,15,,,1,7,,22787,15,,,1,7,,22795,15,,,1,47,,22798,15,,,1,7,,22805,15,,,1,6,,22812,15,,,1,7,,22820,15,,,1,7,,22828,15,,,1,7,,22836,15,,,1,7,,22844,15,,,1,7,,22849,15,,,1,6,,22854,15,,,1,47,,22865,15,,,1,7,,22872,15,,,1,7,,22881,15,,,1,7,,22887,15,,,1,7,,22894,15,,,1,7,,22902,15,,,1,6,,22910,15,,,1,7,,22915,15,,,1,7,,22920,15,,,1,47,,22788,15,,,1,7,,22796,15,,,1,6,,22799,15,,,1,8,,22806,15,,,1,7,,22813,15,,,1,7,,22821,15,,,1,8,,22829,15,,,1,7,,22837,15,,,1,47,,22845,15,,,1,8,,22850,15,,,1,7,,22855,15,,,1,7,,22866,15,,,1,8,,22873,15,,,1,7,,22882,15,,,1,7,,22888,15,,,1,8,,22895,15,,,1,47,,22903,15,,,1,8,,22916,15,,,1,8,,22921,15,,,1,7,,22789,15,,,1,8,,22797,15,,,1,8,,22800,15,,,1,8,,22807,15,,,1,7,,22814,15,,,1,48,,22822,15,,,1,8,,22830,15,,,1,8,,22838,15,,,1,8,,22851,15,,,1,7,,22856,15,,,1,8,,22867,15,,,1,8,,22874,15,,,1,8,,22883,15,,,1,48,,22889,15,,,1,8,,22896,15,,,1,8,,22904,15,,,1,9,,22917,15,,,1,8,,22922,15,,,1,9,,22790,15,,,1,8,,22801,15,,,1,49,,22808,15,,,1,8,,22815,15,,,1,9,,22823,15,,,1,9,,22831,15,,,1,9,,22839,15,,,1,8,,22852,15,,,1,9,,22857,15,,,1,49,,22868,15,,,1,10,,22875,15,,,1,10,,22884,15,,,1,10,,22897,15,,,1,10,,22905,15,,,1,10,,22918,15,,,1,50,,22923,15,,,1,10,,22791,15,,,1,10,,22802,15,,,1,10,,22816,15,,,1,10,,22824,15,,,1,10,,22832,15,,,1,50,,22840,15,,,1,10,,22853,15,,,1,10,,22858,15,,,1,10,,22869,15,,,1,10,,22876,15,,,1,13,,22885,15,,,1
201,'GLOBAUX-01-F2',546,,23017,15,,,1,10,,23030,15,,,1,49,,23038,15,,,1,10,,23046,15,,,1,9,,23051,15,,,1,9,,22924,15,,,1,10,,22932,15,,,1,9,,22949,15,,,1,49,,22957,15,,,1,10,,22965,15,,,1,9,,22973,15,,,1,9,,22981,15,,,1,10,,22986,15,,,1,9,,22999,15,,,1,9,,23002,15,,,1,50,,23018,15,,,1,9,,23031,15,,,1,10,,23039,15,,,1,9,,23047,15,,,1,9,,23052,15,,,1,9,,22925,15,,,1,49,,22933,15,,,1,9,,22943,15,,,1,9,,22950,15,,,1,9,,22958,15,,,1,8,,22966,15,,,1,9,,22974,15,,,1,9,,22982,15,,,1,48,,22987,15,,,1,9,,23000,15,,,1,9,,23003,15,,,1,8,,23010,15,,,1,9,,23019,15,,,1,8,,23032,15,,,1,9,,23040,15,,,1,49,,23048,15,,,1,8,,23053,15,,,1,9,,22926,15,,,1,8,,22934,15,,,1,9,,22944,15,,,1,9,,22951,15,,,1,8,,22959,15,,,1,49,,22967,15,,,1,9,,22975,15,,,1,8,,22983,15,,,1,7,,22988,15,,,1,8,,23001,15,,,1,8,,23004,15,,,1,8,,23011,15,,,1,48,,23020,15,,,1,7,,23026,15,,,1,7,,23033,15,,,1,7,,23041,15,,,1,7,,23049,15,,,1,6,,23054,15,,,1,7,,23059,15,,,1,7,,22927,15,,,1,7,,22935,15,,,1,47,,22938,15,,,1,7,,22945,15,,,1,6,,22952,15,,,1,7,,22960,15,,,1,7,,22968,15,,,1,7,,22976,15,,,1,7,,22984,15,,,1,7,,22989,15,,,1,6,,22994,15,,,1,47,,23005,15,,,1,7,,23012,15,,,1,7,,23021,15,,,1,7,,23027,15,,,1,7,,23034,15,,,1,7,,23042,15,,,1,6,,23050,15,,,1,7,,23055,15,,,1,7,,23060,15,,,1,47,,22928,15,,,1,7,,22936,15,,,1,6,,22939,15,,,1,8,,22946,15,,,1,7,,22953,15,,,1,7,,22961,15,,,1,8,,22969,15,,,1,7,,22977,15,,,1,47,,22985,15,,,1,8,,22990,15,,,1,7,,22995,15,,,1,7,,23006,15,,,1,8,,23013,15,,,1,7,,23022,15,,,1,7,,23028,15,,,1,8,,23035,15,,,1,47,,23043,15,,,1,8,,23056,15,,,1,8,,23061,15,,,1,7,,22929,15,,,1,8,,22937,15,,,1,8,,22940,15,,,1,8,,22947,15,,,1,7,,22954,15,,,1,48,,22962,15,,,1,8,,22970,15,,,1,8,,22978,15,,,1,8,,22991,15,,,1,7,,22996,15,,,1,8,,23007,15,,,1,8,,23014,15,,,1,8,,23023,15,,,1,48,,23029,15,,,1,8,,23036,15,,,1,8,,23044,15,,,1,9,,23057,15,,,1,8,,23062,15,,,1,9,,22930,15,,,1,8,,22941,15,,,1,49,,22948,15,,,1,8,,22955,15,,,1,9,,22963,15,,,1,9,,22971,15,,,1,9,,22979,15,,,1,8,,22992,15,,,1,9,,22997,15,,,1,49,,23008,15,,,1,10,,23015,15,,,1,10,,23024,15,,,1,10,,23037,15,,,1,10,,23045,15,,,1,10,,23058,15,,,1,50,,23063,15,,,1,10,,22931,15,,,1,10,,22942,15,,,1,10,,22956,15,,,1,10,,22964,15,,,1,10,,22972,15,,,1,50,,22980,15,,,1,10,,22993,15,,,1,10,,22998,15,,,1,10,,23009,15,,,1,10,,23016,15,,,1,13,,23025,15,,,1
201,'GLOBAUX-01-I',546,,23157,15,,,1,10,,23170,15,,,1,49,,23178,15,,,1,10,,23186,15,,,1,9,,23191,15,,,1,9,,23064,15,,,1,10,,23072,15,,,1,9,,23089,15,,,1,49,,23097,15,,,1,10,,23105,15,,,1,9,,23113,15,,,1,9,,23121,15,,,1,10,,23126,15,,,1,9,,23139,15,,,1,9,,23142,15,,,1,50,,23158,15,,,1,9,,23171,15,,,1,10,,23179,15,,,1,9,,23187,15,,,1,9,,23192,15,,,1,9,,23065,15,,,1,49,,23073,15,,,1,9,,23083,15,,,1,9,,23090,15,,,1,9,,23098,15,,,1,8,,23106,15,,,1,9,,23114,15,,,1,9,,23122,15,,,1,48,,23127,15,,,1,9,,23140,15,,,1,9,,23143,15,,,1,8,,23150,15,,,1,9,,23159,15,,,1,8,,23172,15,,,1,9,,23180,15,,,1,49,,23188,15,,,1,8,,23193,15,,,1,9,,23066,15,,,1,8,,23074,15,,,1,9,,23084,15,,,1,9,,23091,15,,,1,8,,23099,15,,,1,49,,23107,15,,,1,9,,23115,15,,,1,8,,23123,15,,,1,7,,23128,15,,,1,8,,23141,15,,,1,8,,23144,15,,,1,8,,23151,15,,,1,48,,23160,15,,,1,7,,23166,15,,,1,7,,23173,15,,,1,7,,23181,15,,,1,7,,23189,15,,,1,6,,23194,15,,,1,7,,23199,15,,,1,7,,23067,15,,,1,7,,23075,15,,,1,47,,23078,15,,,1,7,,23085,15,,,1,6,,23092,15,,,1,7,,23100,15,,,1,7,,23108,15,,,1,7,,23116,15,,,1,7,,23124,15,,,1,7,,23129,15,,,1,6,,23134,15,,,1,47,,23145,15,,,1,7,,23152,15,,,1,7,,23161,15,,,1,7,,23167,15,,,1,7,,23174,15,,,1,7,,23182,15,,,1,6,,23190,15,,,1,7,,23195,15,,,1,7,,23200,15,,,1,47,,23068,15,,,1,7,,23076,15,,,1,6,,23079,15,,,1,8,,23086,15,,,1,7,,23093,15,,,1,7,,23101,15,,,1,8,,23109,15,,,1,7,,23117,15,,,1,47,,23125,15,,,1,8,,23130,15,,,1,7,,23135,15,,,1,7,,23146,15,,,1,8,,23153,15,,,1,7,,23162,15,,,1,7,,23168,15,,,1,8,,23175,15,,,1,47,,23183,15,,,1,8,,23196,15,,,1,8,,23201,15,,,1,7,,23069,15,,,1,8,,23077,15,,,1,8,,23080,15,,,1,8,,23087,15,,,1,7,,23094,15,,,1,48,,23102,15,,,1,8,,23110,15,,,1,8,,23118,15,,,1,8,,23131,15,,,1,7,,23136,15,,,1,8,,23147,15,,,1,8,,23154,15,,,1,8,,23163,15,,,1,48,,23169,15,,,1,8,,23176,15,,,1,8,,23184,15,,,1,9,,23197,15,,,1,8,,23202,15,,,1,9,,23070,15,,,1,8,,23081,15,,,1,49,,23088,15,,,1,8,,23095,15,,,1,9,,23103,15,,,1,9,,23111,15,,,1,9,,23119,15,,,1,8,,23132,15,,,1,9,,23137,15,,,1,49,,23148,15,,,1,10,,23155,15,,,1,10,,23164,15,,,1,10,,23177,15,,,1,10,,23185,15,,,1,10,,23198,15,,,1,50,,23203,15,,,1,10,,23071,15,,,1,10,,23082,15,,,1,10,,23096,15,,,1,10,,23104,15,,,1,10,,23112,15,,,1,50,,23120,15,,,1,10,,23133,15,,,1,10,,23138,15,,,1,10,,23149,15,,,1,10,,23156,15,,,1,13,,23165,15,,,1
201,'GLOBAUX-01-S',546,,23391,15,,,1,6,,23405,15,,,1,6,,23411,15,,,1,46,,23418,15,,,1,6,,23424,15,,,1,6,,23204,15,,,1,6,,23206,15,,,1,6,,23224,15,,,1,6,,23226,15,,,1,5,,23238,15,,,1,5,,23243,15,,,1,5,,23251,15,,,1,5,,23276,15,,,1,4,,23277,15,,,1,44,,23279,15,,,1,4,,23288,15,,,1,5,,23297,15,,,1,3,,23305,15,,,1,4,,23308,15,,,1,3,,23313,15,,,1,4,,23322,15,,,1,3,,23327,15,,,1,3,,23331,15,,,1,3,,23339,15,,,1,3,,23344,15,,,1,3,,23346,15,,,1,3,,23351,15,,,1,3,,23366,15,,,1,3,,23375,12,,,1,3,,23383,15,,,1,3,,23384,15,,,1,3,,23385,12,,,1,43,,23390,15,,,1,3,,23392,15,,,1,3,,23394,15,,,1,3,,23401,12,,,1,3,,23406,15,,,1,3,,23412,15,,,1,3,,23417,15,,,1,3,,23419,15,,,1,3,,23425,15,,,1,3,,23434,15,,,1,3,,23442,12,,,1,2,,23205,15,,,1,3,,23207,15,,,1,3,,23216,15,,,1,3,,23225,15,,,1,3,,23227,15,,,1,2,,23234,12,,,1,4,,23235,15,,,1,2,,23239,15,,,1,3,,23244,15,,,1,3,,23252,15,,,1,43,,23259,15,,,1,3,,23260,15,,,1,3,,23271,15,,,1,3,,23278,15,,,1,3,,23280,15,,,1,4,,23289,15,,,1,3,,23298,15,,,1,3,,23306,15,,,1,4,,23309,15,,,1,4,,23314,15,,,1,3,,23318,15,,,1,4,,23323,15,,,1,4,,23328,15,,,1,4,,23332,15,,,1,3,,23340,15,,,1,5,,23345,15,,,1,45,,23352,15,,,1,5,,23367,15,,,1,5,,23376,15,,,1,5,,23386,15,,,1,5,,23395,15,,,1,6,,23407,15,,,1,6,,23413,15,,,1,6,,23426,15,,,1,6,,23435,15,,,1,6,,23208,15,,,1,6,,23217,15,,,1,46,,23228,15,,,1,6,,23240,15,,,1,6,,23253,15,,,1,6,,23261,15,,,1,6,,23272,15,,,1,6,,23281,15,,,1,6,,23290,15,,,1,6,,23299,15,,,1,6,,23310,15,,,1,6,,23319,15,,,1,46,,23324,15,,,1,6,,23333,15,,,1,6,,23341,15,,,1,6,,23353,15,,,1,6,,23368,15,,,1,6,,23377,15,,,1,6,,23387,15,,,1,6,,23396,15,,,1,6,,23408,15,,,1,6,,23414,15,,,1,46,,23427,15,,,1,6,,23436,15,,,1,6,,23209,15,,,1,6,,23218,15,,,1,6,,23229,15,,,1,6,,23241,15,,,1,6,,23254,15,,,1,6,,23262,15,,,1,6,,23273,15,,,1,6,,23282,15,,,1,46,,23291,15,,,1,6,,23300,15,,,1,6,,23311,15,,,1,6,,23320,15,,,1,6,,23325,15,,,1,6,,23334,15,,,1,6,,23342,15,,,1,6,,23354,15,,,1,6,,23369,15,,,1,6,,23378,15,,,1,46,,23388,15,,,1,6,,23397,15,,,1,6,,23409,15,,,1,5,,23415,15,,,1,6,,23428,15,,,1,5,,23437,15,,,1,5,,23210,15,,,1,5,,23212,15,,,1,4,,23219,15,,,1,5,,23230,15,,,1,3,,23236,15,,,1,3,,23242,15,,,1,4,,23248,15,,,1,43,,23255,15,,,1,3,,23263,15,,,1,4,,23267,15,,,1,3,,23274,15,,,1,3,,23283,15,,,1,3,,23284,15,,,1,4,,23292,15,,,1,3,,23296,15,,,1,3,,23301,15,,,1,3,,23307,15,,,1,4,,23312,15,,,1,3,,23315,15,,,1,3,,23321,15,,,1,3,,23326,15,,,1,4,,23329,15,,,1,3,,23335,15,,,1,3,,23343,15,,,1,3,,23347,15,,,1,43,,23355,15,,,1,3,,23358,15,,,1,4,,23362,15,,,1,3,,23370,15,,,1,3,,23374,15,,,1,3,,23379,15,,,1,3,,23389,15,,,1,3,,23393,15,,,1,4,,23398,15,,,1,3,,23402,15,,,1,3,,23410,15,,,1,3,,23416,15,,,1,4,,23420,15,,,1,3,,23429,15,,,1,3,,23430,15,,,1,3,,23438,15,,,1,4,,23211,15,,,1,4,,23213,15,,,1,44,,23220,15,,,1,4,,23231,15,,,1,4,,23237,15,,,1,3,,23245,15,,,1,4,,23249,15,,,1,5,,23256,15,,,1,4,,23264,15,,,1,5,,23268,15,,,1,5,,23275,15,,,1,4,,23285,15,,,1,5,,23293,15,,,1,5,,23302,15,,,1,4,,23316,15,,,1,5,,23330,15,,,1,45,,23336,15,,,1,5,,23348,15,,,1,5,,23356,15,,,1,5,,23359,15,,,1,6,,23363,15,,,1,6,,23371,15,,,1,6,,23380,15,,,1,6,,23399,15,,,1,6,,23403,15,,,1,6,,23421,15,,,1,6,,23431,15,,,1,46,,23439,15,,,1,6,,23214,15,,,1,6,,23221,15,,,1,6,,23232,15,,,1,6,,23246,15,,,1,6,,23250,15,,,1,6,,23257,15,,,1,6,,23265,15,,,1,6,,23269,15,,,1,6,,23286,15,,,1,46,,23294,15,,,1,6,,23303,15,,,1,6,,23317,15,,,1,6,,23337,15,,,1,6,,23349,15,,,1,6,,23357,15,,,1,6,,23360,15,,,1,6,,23364,15,,,1,6,,23372,15,,,1,6,,23381,15,,,1,46,,23400,15,,,1,6,,23404,15,,,1,6,,23422,15,,,1,6,,23432,15,,,1,6,,23440,15,,,1,6,,23215,15,,,1,6,,23222,15,,,1,6,,23233,15,,,1,7,,23247,15,,,1,47,,23258,15,,,1,7,,23266,15,,,1,7,,23270,15,,,1,7,,23287,15,,,1,6,,23295,15,,,1,7,,23304,15,,,1,8,,23338,15,,,1,8,,23350,15,,,1,8,,23361,15,,,1,48,,23365,15,,,1,8,,23373,15,,,1,8,,23382,15,,,1,8,,23423,15,,,1,8,,23433,15,,,1,8,,23441,15,,,1,12,,23223,15,,,1
