200,'GLOBAUX-01-A',537,,21847,6,,,1,10,,21851,6,,,1,10,,21872,6,,,1,49,,21881,6,,,1,10,,21890,6,,,1,10,,21905,6,,,1,10,,21919,6,,,1,10,,21927,6,,,1,9,,21933,6,,,1,50,,21941,6,,,1,10,,21952,6,,,1,9,,21960,6,,,1,9,,21811,6,,,1,10,,21825,6,,,1,9,,21839,6,,,1,49,,21848,6,,,1,9,,21852,6,,,1,8,,21860,6,,,1,9,,21873,6,,,1,9,,21882,6,,,1,9,,21891,6,,,1,8,,21898,6,,,1,49,,21906,6,,,1,8,,21913,6,,,1,9,,21920,6,,,1,8,,21934,6,,,1,9,,21942,6,,,1,8,,21953,6,,,1,9,,21961,6,,,1,48,,21812,6,,,1,9,,21826,6,,,1,8,,21840,6,,,1,9,,21849,6,,,1,8,,21853,6,,,1,9,,21861,6,,,1,8,,21874,6,,,1,49,,21883,6,,,1,8,,21892,6,,,1,8,,21899,6,,,1,8,,21907,6,,,1,7,,21914,6,,,1,8,,21921,6,,,1,8,,21935,6,,,1,7,,21943,6,,,1,48,,21954,6,,,1,8,,21962,6,,,1,7,,21813,6,,,1,8,,21819,6,,,1,7,,21827,6,,,1,8,,21841,6,,,1,7,,21850,6,,,1,7,,21854,6,,,1,47,,21862,6,,,1,8,,21866,6,,,1,7,,21875,6,,,1,6,,21884,6,,,1,7,,21893,6,,,1,6,,21900,6,,,1,7,,21908,6,,,1,6,,21915,6,,,1,6,,21922,6,,,1,47,,21928,6,,,1,6,,21936,6,,,1,7,,21944,6,,,1,6,,21947,6,,,1,7,,21955,6,,,1,6,,21963,6,,,1,6,,21814,6,,,1,7,,21820,6,,,1,6,,21828,6,,,1,47,,21833,6,,,1,6,,21842,6,,,1,7,,21855,6,,,1,6,,21863,6,,,1,6,,21867,6,,,1,7,,21876,6,,,1,6,,21885,6,,,1,7,,21894,6,,,1,6,,21901,6,,,1,6,,21909,6,,,1,47,,21916,6,,,1,6,,21923,6,,,1,7,,21929,6,,,1,6,,21937,6,,,1,7,,21945,6,,,1,6,,21948,6,,,1,6,,21956,6,,,1,7,,21964,6,,,1,6,,21815,6,,,1,47,,21821,6,,,1,6,,21829,6,,,1,6,,21834,6,,,1,7,,21843,6,,,1,6,,21856,6,,,1,7,,21864,6,,,1,6,,21868,6,,,1,6,,21877,6,,,1,7,,21886,6,,,1,6,,21895,6,,,1,47,,21902,6,,,1,6,,21910,6,,,1,7,,21917,6,,,1,6,,21924,6,,,1,6,,21930,6,,,1,7,,21938,6,,,1,6,,21946,6,,,1,7,,21949,6,,,1,6,,21957,6,,,1,46,,21965,6,,,1,7,,21816,6,,,1,6,,21822,6,,,1,7,,21830,6,,,1,6,,21835,6,,,1,6,,21844,6,,,1,8,,21857,6,,,1,7,,21865,6,,,1,8,,21869,6,,,1,47,,21878,6,,,1,8,,21887,6,,,1,7,,21896,6,,,1,7,,21903,6,,,1,8,,21911,6,,,1,7,,21918,6,,,1,8,,21925,6,,,1,7,,21931,6,,,1,47,,21939,6,,,1,8,,21950,6,,,1,7,,21958,6,,,1,8,,21817,6,,,1,8,,21823,6,,,1,7,,21831,6,,,1,8,,21836,6,,,1,8,,21845,6,,,1,49,,21858,6,,,1,8,,21870,6,,,1,9,,21879,6,,,1,9,,21888,6,,,1,9,,21897,6,,,1,9,,21904,6,,,1,49,,21912,6,,,1,10,,21926,6,,,1,9,,21932,6,,,1,10,,21940,6,,,1,9,,21951,6,,,1,10,,21959,6,,,1,9,,21818,6,,,1,50,,21832,6,,,1,10,,21837,6,,,1,10,,21846,6,,,1,10,,21859,6,,,1,10,,21871,6,,,1,10,,21880,6,,,1,50,,21889,6,,,1
200,'GLOBAUX-01-F1',537,,22001,6,,,1,9,,22009,6,,,1,10,,22017,6,,,1,49,,22025,6,,,1,9,,22031,6,,,1,9,,22043,6,,,1,10,,22047,6,,,1,9,,22062,6,,,1,9,,22074,6,,,1,49,,22082,6,,,1,10,,22090,6,,,1,9,,22095,6,,,1,9,,21966,6,,,1,9,,21975,6,,,1,10,,21993,6,,,1,9,,22002,6,,,1,49,,22010,6,,,1,9,,22018,6,,,1,10,,22026,6,,,1,9,,22032,6,,,1,9,,22044,6,,,1,9,,22048,6,,,1,49,,22055,6,,,1,8,,22063,6,,,1,9,,22075,6,,,1,9,,22083,6,,,1,8,,22091,6,,,1,9,,22096,6,,,1,8,,21967,6,,,1,49,,21976,6,,,1,8,,21986,6,,,1,9,,21994,6,,,1,9,,22003,6,,,1,8,,22011,6,,,1,9,,22019,6,,,1,8,,22027,6,,,1,49,,22033,6,,,1,9,,22045,6,,,1,8,,22049,6,,,1,9,,22056,6,,,1,8,,22064,6,,,1,9,,22076,6,,,1,8,,22084,6,,,1,49,,22092,6,,,1,9,,22097,6,,,1,8,,21968,6,,,1,8,,21977,6,,,1,8,,21987,6,,,1,8,,21995,6,,,1,8,,22004,6,,,1,8,,22012,6,,,1,48,,22020,6,,,1,8,,22028,6,,,1,8,,22034,6,,,1,8,,22046,6,,,1,8,,22050,6,,,1,8,,22057,6,,,1,8,,22065,6,,,1,48,,22070,6,,,1,7,,22077,6,,,1,7,,22085,6,,,1,6,,22093,6,,,1,7,,22098,6,,,1,7,,22103,6,,,1,7,,21969,6,,,1,7,,21978,6,,,1,7,,21981,6,,,1,46,,21988,6,,,1,7,,21996,6,,,1,7,,22005,6,,,1,7,,22013,6,,,1,7,,22021,6,,,1,7,,22029,6,,,1,6,,22035,6,,,1,7,,22039,6,,,1,7,,22051,6,,,1,47,,22058,6,,,1,7,,22066,6,,,1,7,,22071,6,,,1,6,,22078,6,,,1,7,,22086,6,,,1,7,,22094,6,,,1,7,,22099,6,,,1,7,,22104,6,,,1,7,,21970,6,,,1,46,,21979,6,,,1,7,,21982,6,,,1,7,,21989,6,,,1,7,,21997,6,,,1,7,,22006,6,,,1,8,,22014,6,,,1,7,,22022,6,,,1,7,,22030,6,,,1,48,,22036,6,,,1,7,,22040,6,,,1,7,,22052,6,,,1,7,,22059,6,,,1,8,,22067,6,,,1,7,,22072,6,,,1,7,,22079,6,,,1,8,,22087,6,,,1,48,,22100,6,,,1,8,,22105,6,,,1,8,,21971,6,,,1,8,,21980,6,,,1,7,,21983,6,,,1,8,,21990,6,,,1,8,,21998,6,,,1,8,,22007,6,,,1,48,,22015,6,,,1,8,,22023,6,,,1,7,,22037,6,,,1,8,,22041,6,,,1,8,,22053,6,,,1,8,,22060,6,,,1,8,,22068,6,,,1,48,,22073,6,,,1,8,,22080,6,,,1,9,,22088,6,,,1,8,,22101,6,,,1,9,,22106,6,,,1,9,,21972,6,,,1,8,,21984,6,,,1,49,,21991,6,,,1,8,,21999,6,,,1,9,,22008,6,,,1,10,,22016,6,,,1,10,,22024,6,,,1,10,,22038,6,,,1,10,,22042,6,,,1,50,,22054,6,,,1,10,,22061,6,,,1,10,,22069,6,,,1,10,,22081,6,,,1,10,,22089,6,,,1,10,,22102,6,,,1,50,,22107,6,,,1,10,,21973,6,,,1,10,,21985,6,,,1,10,,22000,6,,,1
200,'GLOBAUX-01-F2',537,,22143,6,,,1,9,,22151,6,,,1,10,,22159,6,,,1,49,,22167,6,,,1,9,,22173,6,,,1,9,,22185,6,,,1,10,,22189,6,,,1,9,,22204,6,,,1,9,,22216,6,,,1,49,,22224,6,,,1,10,,22232,6,,,1,9,,22237,6,,,1,9,,22108,6,,,1,9,,22117,6,,,1,10,,22135,6,,,1,9,,22144,6,,,1,49,,22152,6,,,1,9,,22160,6,,,1,10,,22168,6,,,1,9,,22174,6,,,1,9,,22186,6,,,1,9,,22190,6,,,1,49,,22197,6,,,1,8,,22205,6,,,1,9,,22217,6,,,1,9,,22225,6,,,1,8,,22233,6,,,1,9,,22238,6,,,1,8,,22109,6,,,1,49,,22118,6,,,1,8,,22128,6,,,1,9,,22136,6,,,1,9,,22145,6,,,1,8,,22153,6,,,1,9,,22161,6,,,1,8,,22169,6,,,1,49,,22175,6,,,1,9,,22187,6,,,1,8,,22191,6,,,1,9,,22198,6,,,1,8,,22206,6,,,1,9,,22218,6,,,1,8,,22226,6,,,1,49,,22234,6,,,1,9,,22239,6,,,1,8,,22110,6,,,1,8,,22119,6,,,1,8,,22129,6,,,1,8,,22137,6,,,1,8,,22146,6,,,1,8,,22154,6,,,1,48,,22162,6,,,1,8,,22170,6,,,1,8,,22176,6,,,1,8,,22188,6,,,1,8,,22192,6,,,1,8,,22199,6,,,1,8,,22207,6,,,1,48,,22212,6,,,1,7,,22219,6,,,1,7,,22227,6,,,1,6,,22235,6,,,1,7,,22240,6,,,1,7,,22245,6,,,1,7,,22111,6,,,1,7,,22120,6,,,1,7,,22123,6,,,1,46,,22130,6,,,1,7,,22138,6,,,1,7,,22147,6,,,1,7,,22155,6,,,1,7,,22163,6,,,1,7,,22171,6,,,1,6,,22177,6,,,1,7,,22181,6,,,1,7,,22193,6,,,1,47,,22200,6,,,1,7,,22208,6,,,1,7,,22213,6,,,1,6,,22220,6,,,1,7,,22228,6,,,1,7,,22236,6,,,1,7,,22241,6,,,1,7,,22246,6,,,1,7,,22112,6,,,1,46,,22121,6,,,1,7,,22124,6,,,1,7,,22131,6,,,1,7,,22139,6,,,1,7,,22148,6,,,1,8,,22156,6,,,1,7,,22164,6,,,1,7,,22172,6,,,1,48,,22178,6,,,1,7,,22182,6,,,1,7,,22194,6,,,1,7,,22201,6,,,1,8,,22209,6,,,1,7,,22214,6,,,1,7,,22221,6,,,1,8,,22229,6,,,1,48,,22242,6,,,1,8,,22247,6,,,1,8,,22113,6,,,1,8,,22122,6,,,1,7,,22125,6,,,1,8,,22132,6,,,1,8,,22140,6,,,1,8,,22149,6,,,1,48,,22157,6,,,1,8,,22165,6,,,1,7,,22179,6,,,1,8,,22183,6,,,1,8,,22195,6,,,1,8,,22202,6,,,1,8,,22210,6,,,1,48,,22215,6,,,1,8,,22222,6,,,1,9,,22230,6,,,1,8,,22243,6,,,1,9,,22248,6,,,1,9,,22114,6,,,1,8,,22126,6,,,1,49,,22133,6,,,1,8,,22141,6,,,1,9,,22150,6,,,1,10,,22158,6,,,1,10,,22166,6,,,1,10,,22180,6,,,1,10,,22184,6,,,1,50,,22196,6,,,1,10,,22203,6,,,1,10,,22211,6,,,1,10,,22223,6,,,1,10,,22231,6,,,1,10,,22244,6,,,1,50,,22249,6,,,1,10,,22115,6,,,1,10,,22127,6,,,1,10,,22142,6,,,1
200,'GLOBAUX-01-I',537,,22285,6,,,1,9,,22293,6,,,1,10,,22301,6,,,1,49,,22309,6,,,1,9,,22315,6,,,1,9,,22327,6,,,1,10,,22331,6,,,1,9,,22346,6,,,1,9,,22358,6,,,1,49,,22366,6,,,1,10,,22374,6,,,1,9,,22379,6,,,1,9,,22250,6,,,1,9,,22259,6,,,1,10,,22277,6,,,1,9,,22286,6,,,1,49,,22294,6,,,1,9,,22302,6,,,1,10,,22310,6,,,1,9,,22316,6,,,1,9,,22328,6,,,1,9,,22332,6,,,1,49,,22339,6,,,1,8,,22347,6,,,1,9,,22359,6,,,1,9,,22367,6,,,1,8,,22375,6,,,1,9,,22380,6,,,1,8,,22251,6,,,1,49,,22260,6,,,1,8,,22270,6,,,1,9,,22278,6,,,1,9,,22287,6,,,1,8,,22295,6,,,1,9,,22303,6,,,1,8,,22311,6,,,1,49,,22317,6,,,1,9,,22329,6,,,1,8,,22333,6,,,1,9,,22340,6,,,1,8,,22348,6,,,1,9,,22360,6,,,1,8,,22368,6,,,1,49,,22376,6,,,1,9,,22381,6,,,1,8,,22252,6,,,1,8,,22261,6,,,1,8,,22271,6,,,1,8,,22279,6,,,1,8,,22288,6,,,1,8,,22296,6,,,1,48,,22304,6,,,1,8,,22312,6,,,1,8,,22318,6,,,1,8,,22330,6,,,1,8,,22334,6,,,1,8,,22341,6,,,1,8,,22349,6,,,1,48,,22354,6,,,1,7,,22361,6,,,1,7,,22369,6,,,1,6,,22377,6,,,1,7,,22382,6,,,1,7,,22387,6,,,1,7,,22253,6,,,1,7,,22262,6,,,1,7,,22265,6,,,1,46,,22272,6,,,1,7,,22280,6,,,1,7,,22289,6,,,1,7,,22297,6,,,1,7,,22305,6,,,1,7,,22313,6,,,1,6,,22319,6,,,1,7,,22323,6,,,1,7,,22335,6,,,1,47,,22342,6,,,1,7,,22350,6,,,1,7,,22355,6,,,1,6,,22362,6,,,1,7,,22370,6,,,1,7,,22378,6,,,1,7,,22383,6,,,1,7,,22388,6,,,1,7,,22254,6,,,1,46,,22263,6,,,1,7,,22266,6,,,1,7,,22273,6,,,1,7,,22281,6,,,1,7,,22290,6,,,1,8,,22298,6,,,1,7,,22306,6,,,1,7,,22314,6,,,1,48,,22320,6,,,1,7,,22324,6,,,1,7,,22336,6,,,1,7,,22343,6,,,1,8,,22351,6,,,1,7,,22356,6,,,1,7,,22363,6,,,1,8,,22371,6,,,1,48,,22384,6,,,1,8,,22389,6,,,1,8,,22255,6,,,1,8,,22264,6,,,1,7,,22267,6,,,1,8,,22274,6,,,1,8,,22282,6,,,1,8,,22291,6,,,1,48,,22299,6,,,1,8,,22307,6,,,1,7,,22321,6,,,1,8,,22325,6,,,1,8,,22337,6,,,1,8,,22344,6,,,1,8,,22352,6,,,1,48,,22357,6,,,1,8,,22364,6,,,1,9,,22372,6,,,1,8,,22385,6,,,1,9,,22390,6,,,1,9,,22256,6,,,1,8,,22268,6,,,1,49,,22275,6,,,1,8,,22283,6,,,1,9,,22292,6,,,1,10,,22300,6,,,1,10,,22308,6,,,1,10,,22322,6,,,1,10,,22326,6,,,1,50,,22338,6,,,1,10,,22345,6,,,1,10,,22353,6,,,1,10,,22365,6,,,1,10,,22373,6,,,1,10,,22386,6,,,1,50,,22391,6,,,1,10,,22257,6,,,1,10,,22269,6,,,1,10,,22284,6,,,1
200,'GLOBAUX-01-S',537,,22463,6,,,1,6,,22473,6,,,1,6,,22483,6,,,1,6,,22498,6,,,1,46,,22509,6,,,1,6,,22518,6,,,1,6,,22532,6,,,1,6,,22534,6,,,1,5,,22554,6,,,1,5,,22571,6,,,1,5,,22573,6,,,1,5,,22580,6,,,1,5,,22582,6,,,1,4,,22594,6,,,1,4,,22600,6,,,1,4,,22606,6,,,1,44,,22607,6,,,1,4,,22613,6,,,1,3,,22622,6,,,1,3,,22392,6,,,1,4,,22393,6,,,1,3,,22403,6,,,1,4,,22411,6,,,1,3,,22412,6,,,1,3,,22421,6,,,1,4,,22423,6,,,1,3,,22428,6,,,1,4,,22436,6,,,1,3,,22444,6,,,1,3,,22456,6,,,1,3,,22461,6,,,1,4,,22462,6,,,1,3,,22464,6,,,1,3,,22474,6,,,1,43,,22484,6,,,1,4,,22492,6,,,1,3,,22494,6,,,1,3,,22499,6,,,1,3,,22504,6,,,1,4,,22510,6,,,1,3,,22515,6,,,1,3,,22519,6,,,1,3,,22527,6,,,1,4,,22533,6,,,1,3,,22535,6,,,1,3,,22540,6,,,1,3,,22555,6,,,1,4,,22564,6,,,1,3,,22572,6,,,1,4,,22574,6,,,1,3,,22575,6,,,1,4,,22583,6,,,1,44,,22590,6,,,1,4,,22595,6,,,1,3,,22601,6,,,1,4,,22608,6,,,1,4,,22614,6,,,1,4,,22623,6,,,1,4,,22630,6,,,1,4,,22394,6,,,1,4,,22404,6,,,1,4,,22413,6,,,1,4,,22420,6,,,1,4,,22424,6,,,1,5,,22437,6,,,1,5,,22445,6,,,1,5,,22457,6,,,1,46,,22465,6,,,1,6,,22475,6,,,1,6,,22485,6,,,1,6,,22495,6,,,1,6,,22505,6,,,1,6,,22511,6,,,1,6,,22520,6,,,1,6,,22528,6,,,1,6,,22541,6,,,1,6,,22556,6,,,1,46,,22565,6,,,1,6,,22576,6,,,1,6,,22584,6,,,1,6,,22596,6,,,1,6,,22602,6,,,1,6,,22615,6,,,1,6,,22624,6,,,1,6,,22395,6,,,1,6,,22405,6,,,1,6,,22414,6,,,1,46,,22425,6,,,1,6,,22438,6,,,1,6,,22446,6,,,1,6,,22458,6,,,1,6,,22466,6,,,1,6,,22476,6,,,1,6,,22486,6,,,1,6,,22496,6,,,1,6,,22506,6,,,1,6,,22512,6,,,1,46,,22521,6,,,1,6,,22529,6,,,1,6,,22542,6,,,1,6,,22557,6,,,1,6,,22566,6,,,1,6,,22577,6,,,1,6,,22585,6,,,1,6,,22597,6,,,1,6,,22603,6,,,1,6,,22616,6,,,1,46,,22625,6,,,1,6,,22396,6,,,1,6,,22406,6,,,1,6,,22415,6,,,1,6,,22426,6,,,1,6,,22439,6,,,1,6,,22447,6,,,1,6,,22459,6,,,1,6,,22467,6,,,1,5,,22477,6,,,1,45,,22487,6,,,1,5,,22497,6,,,1,4,,22500,6,,,1,5,,22507,6,,,1,4,,22513,6,,,1,4,,22516,6,,,1,4,,22522,6,,,1,4,,22530,6,,,1,4,,22536,6,,,1,3,,22543,6,,,1,3,,22547,6,,,1,4,,22558,6,,,1,3,,22562,6,,,1,3,,22567,6,,,1,3,,22578,6,,,1,3,,22581,6,,,1,43,,22586,6,,,1,2,,22591,6,,,1,3,,22598,6,,,1,3,,22604,6,,,1,3,,22609,6,,,1,3,,22617,6,,,1,3,,22618,6,,,1,3,,22626,6,,,1,3,,22397,6,,,1,3,,22398,6,,,1,3,,22399,6,,,1,3,,22400,6,,,1,3,,22407,6,,,1,2,,22416,6,,,1,3,,22422,6,,,1,3,,22427,6,0,5,1,3,,22429,6,,,1,3,,22433,6,,,1,3,,22440,6,,,1,3,,22448,6,0,5,1,43,,22449,6,,,1,3,,22453,6,,,1,3,,22460,6,,,1,3,,22468,6,0,5,1,3,,22469,6,,,1,2,,22478,6,,,1,3,,22482,6,0,5,1,3,,22488,6,,,1,3,,22493,6,0,5,1,3,,22501,6,,,1,3,,22508,6,,,1,4,,22514,6,,,1,3,,22517,6,,,1,3,,22523,6,,,1,4,,22531,6,,,1,3,,22537,6,,,1,4,,22544,6,,,1,3,,22548,6,,,1,4,,22551,6,,,1,44,,22559,6,,,1,4,,22563,6,,,1,4,,22568,6,,,1,4,,22579,6,,,1,4,,22587,6,,,1,3,,22592,6,,,1,4,,22599,6,,,1,4,,22605,6,,,1,4,,22610,6,,,1,5,,22619,6,,,1,4,,22627,6,,,1,5,,22401,6,,,1,5,,22408,6,,,1,5,,22417,6,,,1,45,,22430,6,,,1,6,,22434,6,,,1,6,,22441,6,,,1,6,,22450,6,,,1,6,,22454,6,,,1,6,,22470,6,,,1,6,,22479,6,,,1,6,,22489,6,,,1,6,,22502,6,,,1,6,,22524,6,,,1,46,,22538,6,,,1,6,,22545,6,,,1,6,,22549,6,,,1,6,,22552,6,,,1,6,,22560,6,,,1,6,,22569,6,,,1,6,,22588,6,,,1,6,,22593,6,,,1,6,,22611,6,,,1,6,,22620,6,,,1,46,,22628,6,,,1,6,,22402,6,,,1,6,,22409,6,,,1,6,,22418,6,,,1,6,,22431,6,,,1,6,,22435,6,,,1,6,,22442,6,,,1,6,,22451,6,,,1,6,,22455,6,,,1,6,,22471,6,,,1,46,,22480,6,,,1,6,,22490,6,,,1,6,,22503,6,,,1,6,,22525,6,,,1,6,,22539,6,,,1,6,,22546,6,,,1,6,,22550,6,,,1,7,,22553,6,,,1,7,,22561,6,,,1,7,,22570,6,,,1,47,,22589,6,,,1,7,,22612,6,,,1,7,,22621,6,,,1,7,,22629,6,,,1,7,,22410,6,,,1,8,,22419,6,,,1,8,,22432,6,,,1,8,,22443,6,,,1,48,,22452,6,,,1,8,,22472,6,,,1,8,,22481,6,,,1,8,,22491,6,,,1,8,,22526,6,,,1
201,'GLOBAUX-01-A',603,,22741,26,,,1,9,,22748,26,,,1,10,,22757,26,,,1,9,,22769,26,,,1,10,,22778,26,,,1,10,,22631,26,,,1,50,,22645,26,,,1,10,,22658,26,,,1,9,,22666,26,,,1,10,,22669,26,,,1,10,,22688,26,,,1,10,,22696,26,,,1,9,,22704,26,,,1,50,,22712,26,,,1,9,,22719,26,,,1,10,,22727,26,,,1,8,,22733,26,,,1,9,,22749,26,,,1,9,,22758,26,,,1,48,,22770,26,,,1,9,,22779,26,,,1,9,,22632,26,,,1,8,,22646,26,,,1,9,,22659,26,,,1,8,,22667,26,,,1,9,,22670,26,,,1,49,,22677,26,,,1,8,,22689,26,,,1,9,,22697,26,,,1,9,,22705,26,,,1,8,,22713,26,,,1,9,,22720,26,,,1,9,,22728,26,,,1,49,,22734,26,,,1,7,,22750,26,,,1,8,,22759,26,,,1,8,,22771,26,,,1,7,,22780,26,,,1,8,,22633,26,,,1,7,,22640,26,,,1,8,,22647,26,,,1,47,,22660,26,,,1,7,,22668,26,,,1,7,,22671,26,,,1,7,,22678,26,,,1,7,,22682,26,,,1,7,,22690,26,,,1,7,,22698,26,,,1,7,,22706,26,,,1,47,,22714,26,,,1,6,,22721,26,,,1,7,,22729,26,,,1,6,,22735,26,,,1,7,,22742,26,,,1,6,,22751,26,,,1,7,,22760,26,,,1,6,,22763,26,,,1,7,,22772,26,,,1,6,,22781,26,,,1,46,,22634,26,,,1,7,,22641,26,,,1,6,,22648,26,,,1,7,,22653,26,,,1,6,,22661,26,,,1,7,,22672,26,,,1,6,,22679,26,,,1,7,,22683,26,,,1,6,,22691,26,,,1,47,,22699,26,,,1,6,,22707,26,,,1,6,,22715,26,,,1,7,,22722,26,,,1,6,,22730,26,,,1,6,,22736,26,,,1,7,,22743,26,,,1,6,,22752,26,,,1,7,,22761,26,,,1,46,,22764,26,,,1,7,,22773,26,,,1,6,,22782,26,,,1,7,,22635,26,,,1,6,,22642,26,,,1,6,,22649,26,,,1,7,,22654,26,,,1,6,,22662,26,,,1,7,,22673,26,,,1,6,,22680,26,,,1,46,,22684,26,,,1,7,,22692,26,,,1,6,,22700,26,,,1,7,,22708,26,,,1,6,,22716,26,,,1,7,,22723,26,,,1,6,,22731,26,,,1,6,,22737,26,,,1,7,,22744,26,,,1,46,,22753,26,,,1,7,,22762,26,,,1,6,,22765,26,,,1,6,,22774,26,,,1,7,,22783,26,,,1,6,,22636,26,,,1,6,,22643,26,,,1,7,,22650,26,,,1,6,,22655,26,,,1,6,,22663,26,,,1,47,,22674,26,,,1,6,,22681,26,,,1,8,,22685,26,,,1,7,,22693,26,,,1,7,,22701,26,,,1,7,,22709,26,,,1,7,,22717,26,,,1,8,,22724,26,,,1,47,,22732,26,,,1,7,,22738,26,,,1,8,,22745,26,,,1,7,,22754,26,,,1,8,,22766,26,,,1,8,,22775,26,,,1,7,,22637,26,,,1,8,,22644,26,,,1,48,,22651,26,,,1,8,,22656,26,,,1,7,,22664,26,,,1,8,,22675,26,,,1,8,,22686,26,,,1,8,,22694,26,,,1,9,,22702,26,,,1,48,,22710,26,,,1,9,,22718,26,,,1,9,,22725,26,,,1,9,,22739,26,,,1,10,,22746,26,,,1,9,,22755,26,,,1,9,,22767,26,,,1,50,,22776,26,,,1,9,,22638,26,,,1,10,,22652,26,,,1,9,,22657,26,,,1,10,,22665,26,,,1,10,,22676,26,,,1,49,,22687,26,,,1,10,,22695,26,,,1,10,,22703,26,,,1,10,,22711,26,,,1,9,,22726,26,,,1,10,,22740,26,,,1,50,,22747,26,,,1,10,,22756,26,,,1,10,,22768,26,,,1,10,,22777,26,,,1,14,,22639,26,,,1
201,'GLOBAUX-01-F1',602,,22877,26,,,1,9,,22890,26,,,1,10,,22898,26,,,1,9,,22906,26,,,1,9,,22911,26,,,1,10,,22784,26,,,1,9,,22792,26,,,1,49,,22809,26,,,1,10,,22817,26,,,1,9,,22825,26,,,1,10,,22833,26,,,1,9,,22841,26,,,1,9,,22846,26,,,1,50,,22859,26,,,1,9,,22862,26,,,1,10,,22878,26,,,1,9,,22891,26,,,1,10,,22899,26,,,1,9,,22907,26,,,1,49,,22912,26,,,1,9,,22785,26,,,1,9,,22793,26,,,1,9,,22803,26,,,1,9,,22810,26,,,1,9,,22818,26,,,1,8,,22826,26,,,1,49,,22834,26,,,1,9,,22842,26,,,1,8,,22847,26,,,1,9,,22860,26,,,1,9,,22863,26,,,1,8,,22870,26,,,1,9,,22879,26,,,1,48,,22892,26,,,1,9,,22900,26,,,1,9,,22908,26,,,1,8,,22913,26,,,1,9,,22786,26,,,1,8,,22794,26,,,1,9,,22804,26,,,1,49,,22811,26,,,1,8,,22819,26,,,1,9,,22827,26,,,1,9,,22835,26,,,1,8,,22843,26,,,1,8,,22848,26,,,1,8,,22861,26,,,1,47,,22864,26,,,1,8,,22871,26,,,1,8,,22880,26,,,1,7,,22886,26,,,1,7,,22893,26,,,1,7,,22901,26,,,1,7,,22909,26,,,1,7,,22914,26,,,1,6,,22919,26,,,1,47,,22787,26,,,1,7,,22795,26,,,1,7,,22798,26,,,1,7,,22805,26,,,1,7,,22812,26,,,1,6,,22820,26,,,1,7,,22828,26,,,1,7,,22836,26,,,1,7,,22844,26,,,1,47,,22849,26,,,1,7,,22854,26,,,1,7,,22865,26,,,1,7,,22872,26,,,1,6,,22881,26,,,1,7,,22887,26,,,1,7,,22894,26,,,1,7,,22902,26,,,1,47,,22910,26,,,1,7,,22915,26,,,1,6,,22920,26,,,1,7,,22788,26,,,1,7,,22796,26,,,1,7,,22799,26,,,1,7,,22806,26,,,1,8,,22813,26,,,1,7,,22821,26,,,1,47,,22829,26,,,1,8,,22837,26,,,1,7,,22845,26,,,1,7,,22850,26,,,1,8,,22855,26,,,1,7,,22866,26,,,1,7,,22873,26,,,1,8,,22882,26,,,1,47,,22888,26,,,1,7,,22895,26,,,1,8,,22903,26,,,1,7,,22916,26,,,1,8,,22921,26,,,1,8,,22789,26,,,1,7,,22797,26,,,1,8,,22800,26,,,1,48,,22807,26,,,1,8,,22814,26,,,1,7,,22822,26,,,1,8,,22830,26,,,1,8,,22838,26,,,1,8,,22851,26,,,1,7,,22856,26,,,1,8,,22867,26,,,1,48,,22874,26,,,1,8,,22883,26,,,1,8,,22889,26,,,1,8,,22896,26,,,1,8,,22904,26,,,1,9,,22917,26,,,1,8,,22922,26,,,1,49,,22790,26,,,1,8,,22801,26,,,1,9,,22808,26,,,1,8,,22815,26,,,1,9,,22823,26,,,1,9,,22831,26,,,1,9,,22839,26,,,1,48,,22852,26,,,1,9,,22857,26,,,1,9,,22868,26,,,1,10,,22875,26,,,1,10,,22884,26,,,1,10,,22897,26,,,1,50,,22905,26,,,1,10,,22918,26,,,1,10,,22923,26,,,1,10,,22791,26,,,1,10,,22802,26,,,1,10,,22816,26,,,1,50,,22824,26,,,1,10,,22832,26,,,1,10,,22840,26,,,1,10,,22853,26,,,1,10,,22858,26,,,1,10,,22869,26,,,1,50,,22876,26,,,1,13,,22885,26,,,1
201,'GLOBAUX-01-F2',602,,23017,26,,,1,9,,23030,26,,,1,10,,23038,26,,,1,9,,23046,26,,,1,9,,23051,26,,,1,10,,22924,26,,,1,9,,22932,26,,,1,49,,22949,26,,,1,10,,22957,26,,,1,9,,22965,26,,,1,10,,22973,26,,,1,9,,22981,26,,,1,9,,22986,26,,,1,50,,22999,26,,,1,9,,23002,26,,,1,10,,23018,26,,,1,9,,23031,26,,,1,10,,23039,26,,,1,9,,23047,26,,,1,49,,23052,26,,,1,9,,22925,26,,,1,9,,22933,26,,,1,9,,22943,26,,,1,9,,22950,26,,,1,9,,22958,26,,,1,8,,22966,26,,,1,49,,22974,26,,,1,9,,22982,26,,,1,8,,22987,26,,,1,9,,23000,26,,,1,9,,23003,26,,,1,8,,23010,26,,,1,9,,23019,26,,,1,48,,23032,26,,,1,9,,23040,26,,,1,9,,23048,26,,,1,8,,23053,26,,,1,9,,22926,26,,,1,8,,22934,26,,,1,9,,22944,26,,,1,49,,22951,26,,,1,8,,22959,26,,,1,9,,22967,26,,,1,9,,22975,26,,,1,8,,22983,26,,,1,8,,22988,26,,,1,8,,23001,26,,,1,47,,23004,26,,,1,8,,23011,26,,,1,8,,23020,26,,,1,7,,23026,26,,,1,7,,23033,26,,,1,7,,23041,26,,,1,7,,23049,26,,,1,7,,23054,26,,,1,6,,23059,26,,,1,47,,22927,26,,,1,7,,22935,26,,,1,7,,22938,26,,,1,7,,22945,26,,,1,7,,22952,26,,,1,6,,22960,26,,,1,7,,22968,26,,,1,7,,22976,26,,,1,7,,22984,26,,,1,47,,22989,26,,,1,7,,22994,26,,,1,7,,23005,26,,,1,7,,23012,26,,,1,6,,23021,26,,,1,7,,23027,26,,,1,7,,23034,26,,,1,7,,23042,26,,,1,47,,23050,26,,,1,7,,23055,26,,,1,6,,23060,26,,,1,7,,22928,26,,,1,7,,22936,26,,,1,7,,22939,26,,,1,7,,22946,26,,,1,8,,22953,26,,,1,7,,22961,26,,,1,47,,22969,26,,,1,8,,22977,26,,,1,7,,22985,26,,,1,7,,22990,26,,,1,8,,22995,26,,,1,7,,23006,26,,,1,7,,23013,26,,,1,8,,23022,26,,,1,47,,23028,26,,,1,7,,23035,26,,,1,8,,23043,26,,,1,7,,23056,26,,,1,8,,23061,26,,,1,8,,22929,26,,,1,7,,22937,26,,,1,8,,22940,26,,,1,48,,22947,26,,,1,8,,22954,26,,,1,7,,22962,26,,,1,8,,22970,26,,,1,8,,22978,26,,,1,8,,22991,26,,,1,7,,22996,26,,,1,8,,23007,26,,,1,48,,23014,26,,,1,8,,23023,26,,,1,8,,23029,26,,,1,8,,23036,26,,,1,8,,23044,26,,,1,9,,23057,26,,,1,8,,23062,26,,,1,49,,22930,26,,,1,8,,22941,26,,,1,9,,22948,26,,,1,8,,22955,26,,,1,9,,22963,26,,,1,9,,22971,26,,,1,9,,22979,26,,,1,48,,22992,26,,,1,9,,22997,26,,,1,9,,23008,26,,,1,10,,23015,26,,,1,10,,23024,26,,,1,10,,23037,26,,,1,50,,23045,26,,,1,10,,23058,26,,,1,10,,23063,26,,,1,10,,22931,26,,,1,10,,22942,26,,,1,10,,22956,26,,,1,50,,22964,26,,,1,10,,22972,26,,,1,10,,22980,26,,,1,10,,22993,26,,,1,10,,22998,26,,,1,10,,23009,26,,,1,50,,23016,26,,,1,13,,23025,26,,,1
201,'GLOBAUX-01-I',602,,23157,26,,,1,9,,23170,26,,,1,10,,23178,26,,,1,9,,23186,26,,,1,9,,23191,26,,,1,10,,23064,26,,,1,9,,23072,26,,,1,49,,23089,26,,,1,10,,23097,26,,,1,9,,23105,26,,,1,10,,23113,26,,,1,9,,23121,26,,,1,9,,23126,26,,,1,50,,23139,26,,,1,9,,23142,26,,,1,10,,23158,26,,,1,9,,23171,26,,,1,10,,23179,26,,,1,9,,23187,26,,,1,49,,23192,26,,,1,9,,23065,26,,,1,9,,23073,26,,,1,9,,23083,26,,,1,9,,23090,26,,,1,9,,23098,26,,,1,8,,23106,26,,,1,49,,23114,26,,,1,9,,23122,26,,,1,8,,23127,26,,,1,9,,23140,26,,,1,9,,23143,26,,,1,8,,23150,26,,,1,9,,23159,26,,,1,48,,23172,26,,,1,9,,23180,26,,,1,9,,23188,26,,,1,8,,23193,26,,,1,9,,23066,26,,,1,8,,23074,26,,,1,9,,23084,26,,,1,49,,23091,26,,,1,8,,23099,26,,,1,9,,23107,26,,,1,9,,23115,26,,,1,8,,23123,26,,,1,8,,23128,26,,,1,8,,23141,26,,,1,47,,23144,26,,,1,8,,23151,26,,,1,8,,23160,26,,,1,7,,23166,26,,,1,7,,23173,26,,,1,7,,23181,26,,,1,7,,23189,26,,,1,7,,23194,26,,,1,6,,23199,26,,,1,47,,23067,26,,,1,7,,23075,26,,,1,7,,23078,26,,,1,7,,23085,26,,,1,7,,23092,26,,,1,6,,23100,26,,,1,7,,23108,26,,,1,7,,23116,26,,,1,7,,23124,26,,,1,47,,23129,26,,,1,7,,23134,26,,,1,7,,23145,26,,,1,7,,23152,26,,,1,6,,23161,26,,,1,7,,23167,26,,,1,7,,23174,26,,,1,7,,23182,26,,,1,47,,23190,26,,,1,7,,23195,26,,,1,6,,23200,26,,,1,7,,23068,26,,,1,7,,23076,26,,,1,7,,23079,26,,,1,7,,23086,26,,,1,8,,23093,26,,,1,7,,23101,26,,,1,47,,23109,26,,,1,8,,23117,26,,,1,7,,23125,26,,,1,7,,23130,26,,,1,8,,23135,26,,,1,7,,23146,26,,,1,7,,23153,26,,,1,8,,23162,26,,,1,47,,23168,26,,,1,7,,23175,26,,,1,8,,23183,26,,,1,7,,23196,26,,,1,8,,23201,26,,,1,8,,23069,26,,,1,7,,23077,26,,,1,8,,23080,26,,,1,48,,23087,26,,,1,8,,23094,26,,,1,7,,23102,26,,,1,8,,23110,26,,,1,8,,23118,26,,,1,8,,23131,26,,,1,7,,23136,26,,,1,8,,23147,26,,,1,48,,23154,26,,,1,8,,23163,26,,,1,8,,23169,26,,,1,8,,23176,26,,,1,8,,23184,26,,,1,9,,23197,26,,,1,8,,23202,26,,,1,49,,23070,26,,,1,8,,23081,26,,,1,9,,23088,26,,,1,8,,23095,26,,,1,9,,23103,26,,,1,9,,23111,26,,,1,9,,23119,26,,,1,48,,23132,26,,,1,9,,23137,26,,,1,9,,23148,26,,,1,10,,23155,26,,,1,10,,23164,26,,,1,10,,23177,26,,,1,50,,23185,26,,,1,10,,23198,26,,,1,10,,23203,26,,,1,10,,23071,26,,,1,10,,23082,26,,,1,10,,23096,26,,,1,50,,23104,26,,,1,10,,23112,26,,,1,10,,23120,26,,,1,10,,23133,26,,,1,10,,23138,26,,,1,10,,23149,26,,,1,50,,23156,26,,,1,13,,23165,26,,,1
201,'GLOBAUX-01-S',601,,23391,26,,,1,6,,23405,26,,,1,6,,23411,26,,,1,6,,23418,26,,,1,6,,23424,26,,,1,6,,23204,26,,,1,6,,23206,26,,,1,6,,23224,26,,,1,6,,23226,26,,,1,6,,23238,26,,,1,45,,23243,26,,,1,5,,23251,26,,,1,5,,23276,26,,,1,4,,23277,26,,,1,4,,23279,26,,,1,4,,23288,26,,,1,4,,23297,26,,,1,4,,23305,26,,,1,4,,23308,26,,,1,3,,23313,26,,,1,4,,23322,26,,,1,4,,23327,26,,,1,2,,23331,26,,,1,3,,23339,26,,,1,3,,23344,26,,,1,4,,23346,26,,,1,2,,23351,26,,,1,43,,23366,26,,,1,4,,23375,23,,,1,2,,23383,26,,,1,4,,23384,26,,,1,2,,23385,23,,,1,3,,23390,26,,,1,3,,23392,26,,,1,3,,23394,26,,,1,3,,23401,23,,,1,3,,23406,26,,,1,3,,23412,26,,,1,3,,23417,26,,,1,3,,23419,26,,,1,3,,23425,26,,,1,3,,23434,26,,,1,3,,23442,23,,,1,3,,23205,26,,,1,2,,23207,26,,,1,3,,23216,26,,,1,3,,23225,26,,,1,43,,23227,26,,,1,2,,23234,23,,,1,4,,23235,26,,,1,2,,23239,26,,,1,3,,23244,26,,,1,3,,23252,26,,,1,3,,23259,26,,,1,3,,23260,26,,,1,3,,23271,26,,,1,3,,23278,26,,,1,3,,23280,26,,,1,3,,23289,26,,,1,4,,23298,26,,,1,3,,23306,26,,,1,4,,23309,26,,,1,3,,23314,26,,,1,4,,23318,26,,,1,4,,23323,26,,,1,4,,23328,26,,,1,43,,23332,26,,,1,4,,23340,26,,,1,5,,23345,26,,,1,5,,23352,26,,,1,5,,23367,26,,,1,5,,23376,26,,,1,5,,23386,26,,,1,5,,23395,26,,,1,6,,23407,26,,,1,6,,23413,26,,,1,6,,23426,26,,,1,46,,23435,26,,,1,6,,23208,26,,,1,6,,23217,26,,,1,6,,23228,26,,,1,6,,23240,26,,,1,6,,23253,26,,,1,6,,23261,26,,,1,6,,23272,26,,,1,6,,23281,26,,,1,6,,23290,26,,,1,46,,23299,26,,,1,6,,23310,26,,,1,6,,23319,26,,,1,6,,23324,26,,,1,6,,23333,26,,,1,6,,23341,26,,,1,6,,23353,26,,,1,6,,23368,26,,,1,6,,23377,26,,,1,6,,23387,26,,,1,46,,23396,26,,,1,6,,23408,26,,,1,6,,23414,26,,,1,6,,23427,26,,,1,6,,23436,26,,,1,6,,23209,26,,,1,6,,23218,26,,,1,6,,23229,26,,,1,6,,23241,26,,,1,6,,23254,26,,,1,46,,23262,26,,,1,6,,23273,26,,,1,6,,23282,26,,,1,6,,23291,26,,,1,6,,23300,26,,,1,6,,23311,26,,,1,6,,23320,26,,,1,6,,23325,26,,,1,6,,23334,26,,,1,7,,23342,26,,,1,46,,23354,26,,,1,6,,23369,26,,,1,6,,23378,26,,,1,6,,23388,26,,,1,6,,23397,26,,,1,6,,23409,26,,,1,5,,23415,26,,,1,5,,23428,26,,,1,5,,23437,26,,,1,5,,23210,26,,,1,5,,23212,26,,,1,44,,23219,26,,,1,5,,23230,26,,,1,3,,23236,26,,,1,3,,23242,26,,,1,4,,23248,26,,,1,3,,23255,26,,,1,4,,23263,26,,,1,3,,23267,26,,,1,3,,23274,26,,,1,3,,23283,26,,,1,3,,23284,26,,,1,4,,23292,26,,,1,3,,23296,26,,,1,3,,23301,26,,,1,4,,23307,26,,,1,3,,23312,26,,,1,3,,23315,26,,,1,3,,23321,26,,,1,43,,23326,26,,,1,4,,23329,26,,,1,3,,23335,26,,,1,3,,23343,26,,,1,3,,23347,26,,,1,3,,23355,26,,,1,4,,23358,26,,,1,3,,23362,26,,,1,3,,23370,26,,,1,3,,23374,26,,,1,3,,23379,26,,,1,4,,23389,26,,,1,3,,23393,26,,,1,3,,23398,26,,,1,3,,23402,26,,,1,3,,23410,26,,,1,3,,23416,26,,,1,4,,23420,26,,,1,3,,23429,26,,,1,43,,23430,26,,,1,3,,23438,26,,,1,4,,23211,26,,,1,4,,23213,26,,,1,4,,23220,26,,,1,4,,23231,26,,,1,4,,23237,26,,,1,3,,23245,26,,,1,4,,23249,26,,,1,5,,23256,26,,,1,4,,23264,26,,,1,5,,23268,26,,,1,4,,23275,26,,,1,5,,23285,26,,,1,5,,23293,26,,,1,44,,23302,26,,,1,5,,23316,26,,,1,5,,23330,26,,,1,5,,23336,26,,,1,5,,23348,26,,,1,5,,23356,26,,,1,5,,23359,26,,,1,5,,23363,26,,,1,6,,23371,26,,,1,6,,23380,26,,,1,6,,23399,26,,,1,46,,23403,26,,,1,6,,23421,26,,,1,6,,23431,26,,,1,6,,23439,26,,,1,6,,23214,26,,,1,6,,23221,26,,,1,6,,23232,26,,,1,6,,23246,26,,,1,6,,23250,26,,,1,6,,23257,26,,,1,46,,23265,26,,,1,6,,23269,26,,,1,6,,23286,26,,,1,6,,23294,26,,,1,6,,23303,26,,,1,6,,23317,26,,,1,6,,23337,26,,,1,6,,23349,26,,,1,6,,23357,26,,,1,6,,23360,26,,,1,46,,23364,26,,,1,6,,23372,26,,,1,6,,23381,26,,,1,6,,23400,26,,,1,6,,23404,26,,,1,6,,23422,26,,,1,6,,23432,26,,,1,6,,23440,26,,,1,6,,23215,26,,,1,6,,23222,26,,,1,46,,23233,26,,,1,7,,23247,26,,,1,7,,23258,26,,,1,7,,23266,26,,,1,7,,23270,26,,,1,7,,23287,26,,,1,7,,23295,26,,,1,7,,23304,26,,,1,7,,23338,26,,,1,48,,23350,26,,,1,8,,23361,26,,,1,8,,23365,26,,,1,8,,23373,26,,,1,8,,23382,26,,,1,8,,23423,26,,,1,8,,23433,26,,,1,48,,23441,26,,,1,12,,23223,26,,,1
