200,'GLOBAUX-01-A',540,,21847,8,,,1,10,,21851,8,,,1,50,,21872,8,,,1,9,,21881,8,,,1,10,,21890,8,,,1,10,,21905,8,,,1,10,,21919,8,,,1,10,,21927,8,,,1,9,,21933,8,,,1,50,,21941,8,,,1,10,,21952,8,,,1,9,,21960,8,,,1,10,,21811,8,,,1,9,,21825,8,,,1,9,,21839,8,,,1,49,,21848,8,,,1,9,,21852,8,,,1,9,,21860,8,,,1,8,,21873,8,,,1,9,,21882,8,,,1,9,,21891,8,,,1,8,,21898,8,,,1,49,,21906,8,,,1,8,,21913,8,,,1,9,,21920,8,,,1,8,,21934,8,,,1,9,,21942,8,,,1,8,,21953,8,,,1,9,,21961,8,,,1,48,,21812,8,,,1,9,,21826,8,,,1,8,,21840,8,,,1,9,,21849,8,,,1,8,,21853,8,,,1,9,,21861,8,,,1,8,,21874,8,,,1,49,,21883,8,,,1,8,,21892,8,,,1,8,,21899,8,,,1,8,,21907,8,,,1,7,,21914,8,,,1,8,,21921,8,,,1,8,,21935,8,,,1,7,,21943,8,,,1,48,,21954,8,,,1,8,,21962,8,,,1,7,,21813,8,,,1,8,,21819,8,,,1,7,,21827,8,,,1,8,,21841,8,,,1,7,,21850,8,,,1,7,,21854,8,,,1,47,,21862,8,,,1,8,,21866,8,,,1,7,,21875,8,,,1,6,,21884,8,,,1,7,,21893,8,,,1,6,,21900,8,,,1,7,,21908,8,,,1,6,,21915,8,,,1,6,,21922,8,,,1,47,,21928,8,,,1,6,,21936,8,,,1,7,,21944,8,,,1,6,,21947,8,,,1,7,,21955,8,,,1,6,,21963,8,,,1,6,,21814,8,,,1,7,,21820,8,,,1,6,,21828,8,,,1,47,,21833,8,,,1,6,,21842,8,,,1,7,,21855,8,,,1,6,,21863,8,,,1,6,,21867,8,,,1,7,,21876,8,,,1,6,,21885,8,,,1,7,,21894,8,,,1,6,,21901,8,,,1,47,,21909,8,,,1,6,,21916,8,,,1,6,,21923,8,,,1,7,,21929,8,,,1,6,,21937,8,,,1,7,,21945,8,,,1,6,,21948,8,,,1,7,,21956,8,,,1,6,,21964,8,,,1,6,,21815,8,,,1,47,,21821,8,,,1,6,,21829,8,,,1,7,,21834,8,,,1,6,,21843,8,,,1,6,,21856,8,,,1,7,,21864,8,,,1,6,,21868,8,,,1,7,,21877,8,,,1,6,,21886,8,,,1,46,,21895,8,,,1,7,,21902,8,,,1,6,,21910,8,,,1,7,,21917,8,,,1,6,,21924,8,,,1,6,,21930,8,,,1,7,,21938,8,,,1,6,,21946,8,,,1,7,,21949,8,,,1,46,,21957,8,,,1,6,,21965,8,,,1,7,,21816,8,,,1,6,,21822,8,,,1,7,,21830,8,,,1,6,,21835,8,,,1,6,,21844,8,,,1,8,,21857,8,,,1,7,,21865,8,,,1,48,,21869,8,,,1,7,,21878,8,,,1,7,,21887,8,,,1,8,,21896,8,,,1,7,,21903,8,,,1,8,,21911,8,,,1,7,,21918,8,,,1,8,,21925,8,,,1,47,,21931,8,,,1,7,,21939,8,,,1,8,,21950,8,,,1,7,,21958,8,,,1,8,,21817,8,,,1,8,,21823,8,,,1,7,,21831,8,,,1,8,,21836,8,,,1,48,,21845,8,,,1,9,,21858,8,,,1,8,,21870,8,,,1,9,,21879,8,,,1,9,,21888,8,,,1,9,,21897,8,,,1,9,,21904,8,,,1,49,,21912,8,,,1,9,,21926,8,,,1,10,,21932,8,,,1,10,,21940,8,,,1,9,,21951,8,,,1,10,,21959,8,,,1,49,,21818,8,,,1,10,,21832,8,,,1,10,,21837,8,,,1,10,,21846,8,,,1,10,,21859,8,,,1,10,,21871,8,,,1,50,,21880,8,,,1,10,,21889,8,,,1
200,'GLOBAUX-01-F1',540,,22001,8,,,1,9,,22009,8,,,1,9,,22017,8,,,1,50,,22025,8,,,1,9,,22031,8,,,1,9,,22043,8,,,1,10,,22047,8,,,1,9,,22062,8,,,1,9,,22074,8,,,1,49,,22082,8,,,1,10,,22090,8,,,1,9,,22095,8,,,1,9,,21966,8,,,1,9,,21975,8,,,1,10,,21993,8,,,1,9,,22002,8,,,1,49,,22010,8,,,1,9,,22018,8,,,1,10,,22026,8,,,1,9,,22032,8,,,1,9,,22044,8,,,1,9,,22048,8,,,1,49,,22055,8,,,1,8,,22063,8,,,1,9,,22075,8,,,1,9,,22083,8,,,1,8,,22091,8,,,1,9,,22096,8,,,1,8,,21967,8,,,1,49,,21976,8,,,1,8,,21986,8,,,1,9,,21994,8,,,1,9,,22003,8,,,1,8,,22011,8,,,1,9,,22019,8,,,1,8,,22027,8,,,1,49,,22033,8,,,1,9,,22045,8,,,1,8,,22049,8,,,1,9,,22056,8,,,1,8,,22064,8,,,1,9,,22076,8,,,1,8,,22084,8,,,1,49,,22092,8,,,1,9,,22097,8,,,1,8,,21968,8,,,1,9,,21977,8,,,1,7,,21987,8,,,1,8,,21995,8,,,1,8,,22004,8,,,1,48,,22012,8,,,1,8,,22020,8,,,1,8,,22028,8,,,1,8,,22034,8,,,1,8,,22046,8,,,1,8,,22050,8,,,1,8,,22057,8,,,1,8,,22065,8,,,1,48,,22070,8,,,1,7,,22077,8,,,1,7,,22085,8,,,1,6,,22093,8,,,1,7,,22098,8,,,1,7,,22103,8,,,1,7,,21969,8,,,1,7,,21978,8,,,1,7,,21981,8,,,1,46,,21988,8,,,1,7,,21996,8,,,1,7,,22005,8,,,1,7,,22013,8,,,1,7,,22021,8,,,1,7,,22029,8,,,1,6,,22035,8,,,1,7,,22039,8,,,1,47,,22051,8,,,1,7,,22058,8,,,1,7,,22066,8,,,1,7,,22071,8,,,1,6,,22078,8,,,1,7,,22086,8,,,1,7,,22094,8,,,1,7,,22099,8,,,1,7,,22104,8,,,1,47,,21970,8,,,1,6,,21979,8,,,1,7,,21982,8,,,1,7,,21989,8,,,1,7,,21997,8,,,1,7,,22006,8,,,1,8,,22014,8,,,1,7,,22022,8,,,1,7,,22030,8,,,1,48,,22036,8,,,1,7,,22040,8,,,1,7,,22052,8,,,1,8,,22059,8,,,1,7,,22067,8,,,1,7,,22072,8,,,1,8,,22079,8,,,1,7,,22087,8,,,1,48,,22100,8,,,1,8,,22105,8,,,1,8,,21971,8,,,1,8,,21980,8,,,1,7,,21983,8,,,1,8,,21990,8,,,1,8,,21998,8,,,1,48,,22007,8,,,1,8,,22015,8,,,1,8,,22023,8,,,1,7,,22037,8,,,1,8,,22041,8,,,1,8,,22053,8,,,1,8,,22060,8,,,1,8,,22068,8,,,1,48,,22073,8,,,1,8,,22080,8,,,1,9,,22088,8,,,1,8,,22101,8,,,1,9,,22106,8,,,1,9,,21972,8,,,1,8,,21984,8,,,1,49,,21991,8,,,1,8,,21999,8,,,1,9,,22008,8,,,1,10,,22016,8,,,1,10,,22024,8,,,1,10,,22038,8,,,1,50,,22042,8,,,1,10,,22054,8,,,1,10,,22061,8,,,1,10,,22069,8,,,1,10,,22081,8,,,1,10,,22089,8,,,1,50,,22102,8,,,1,10,,22107,8,,,1,10,,21973,8,,,1,10,,21985,8,,,1,10,,22000,8,,,1
200,'GLOBAUX-01-F2',540,,22143,8,,,1,9,,22151,8,,,1,9,,22159,8,,,1,50,,22167,8,,,1,9,,22173,8,,,1,9,,22185,8,,,1,10,,22189,8,,,1,9,,22204,8,,,1,9,,22216,8,,,1,49,,22224,8,,,1,10,,22232,8,,,1,9,,22237,8,,,1,9,,22108,8,,,1,9,,22117,8,,,1,10,,22135,8,,,1,9,,22144,8,,,1,49,,22152,8,,,1,9,,22160,8,,,1,10,,22168,8,,,1,9,,22174,8,,,1,9,,22186,8,,,1,9,,22190,8,,,1,49,,22197,8,,,1,8,,22205,8,,,1,9,,22217,8,,,1,9,,22225,8,,,1,8,,22233,8,,,1,9,,22238,8,,,1,8,,22109,8,,,1,49,,22118,8,,,1,8,,22128,8,,,1,9,,22136,8,,,1,9,,22145,8,,,1,8,,22153,8,,,1,9,,22161,8,,,1,8,,22169,8,,,1,49,,22175,8,,,1,9,,22187,8,,,1,8,,22191,8,,,1,9,,22198,8,,,1,8,,22206,8,,,1,9,,22218,8,,,1,8,,22226,8,,,1,49,,22234,8,,,1,9,,22239,8,,,1,8,,22110,8,,,1,9,,22119,8,,,1,7,,22129,8,,,1,8,,22137,8,,,1,8,,22146,8,,,1,48,,22154,8,,,1,8,,22162,8,,,1,8,,22170,8,,,1,8,,22176,8,,,1,8,,22188,8,,,1,8,,22192,8,,,1,8,,22199,8,,,1,8,,22207,8,,,1,48,,22212,8,,,1,7,,22219,8,,,1,7,,22227,8,,,1,6,,22235,8,,,1,7,,22240,8,,,1,7,,22245,8,,,1,7,,22111,8,,,1,7,,22120,8,,,1,7,,22123,8,,,1,46,,22130,8,,,1,7,,22138,8,,,1,7,,22147,8,,,1,7,,22155,8,,,1,7,,22163,8,,,1,7,,22171,8,,,1,6,,22177,8,,,1,7,,22181,8,,,1,47,,22193,8,,,1,7,,22200,8,,,1,7,,22208,8,,,1,7,,22213,8,,,1,6,,22220,8,,,1,7,,22228,8,,,1,7,,22236,8,,,1,7,,22241,8,,,1,7,,22246,8,,,1,47,,22112,8,,,1,6,,22121,8,,,1,7,,22124,8,,,1,7,,22131,8,,,1,7,,22139,8,,,1,7,,22148,8,,,1,8,,22156,8,,,1,7,,22164,8,,,1,7,,22172,8,,,1,48,,22178,8,,,1,7,,22182,8,,,1,7,,22194,8,,,1,8,,22201,8,,,1,7,,22209,8,,,1,7,,22214,8,,,1,8,,22221,8,,,1,7,,22229,8,,,1,48,,22242,8,,,1,8,,22247,8,,,1,8,,22113,8,,,1,8,,22122,8,,,1,7,,22125,8,,,1,8,,22132,8,,,1,8,,22140,8,,,1,48,,22149,8,,,1,8,,22157,8,,,1,8,,22165,8,,,1,7,,22179,8,,,1,8,,22183,8,,,1,8,,22195,8,,,1,8,,22202,8,,,1,8,,22210,8,,,1,48,,22215,8,,,1,8,,22222,8,,,1,9,,22230,8,,,1,8,,22243,8,,,1,9,,22248,8,,,1,9,,22114,8,,,1,8,,22126,8,,,1,49,,22133,8,,,1,8,,22141,8,,,1,9,,22150,8,,,1,10,,22158,8,,,1,10,,22166,8,,,1,10,,22180,8,,,1,50,,22184,8,,,1,10,,22196,8,,,1,10,,22203,8,,,1,10,,22211,8,,,1,10,,22223,8,,,1,10,,22231,8,,,1,50,,22244,8,,,1,10,,22249,8,,,1,10,,22115,8,,,1,10,,22127,8,,,1,10,,22142,8,,,1
200,'GLOBAUX-01-I',540,,22285,8,,,1,9,,22293,8,,,1,9,,22301,8,,,1,50,,22309,8,,,1,9,,22315,8,,,1,9,,22327,8,,,1,10,,22331,8,,,1,9,,22346,8,,,1,9,,22358,8,,,1,49,,22366,8,,,1,10,,22374,8,,,1,9,,22379,8,,,1,9,,22250,8,,,1,9,,22259,8,,,1,10,,22277,8,,,1,9,,22286,8,,,1,49,,22294,8,,,1,9,,22302,8,,,1,10,,22310,8,,,1,9,,22316,8,,,1,9,,22328,8,,,1,9,,22332,8,,,1,49,,22339,8,,,1,8,,22347,8,,,1,9,,22359,8,,,1,9,,22367,8,,,1,8,,22375,8,,,1,9,,22380,8,,,1,8,,22251,8,,,1,49,,22260,8,,,1,8,,22270,8,,,1,9,,22278,8,,,1,9,,22287,8,,,1,8,,22295,8,,,1,9,,22303,8,,,1,8,,22311,8,,,1,49,,22317,8,,,1,9,,22329,8,,,1,8,,22333,8,,,1,9,,22340,8,,,1,8,,22348,8,,,1,9,,22360,8,,,1,8,,22368,8,,,1,49,,22376,8,,,1,9,,22381,8,,,1,8,,22252,8,,,1,9,,22261,8,,,1,7,,22271,8,,,1,8,,22279,8,,,1,8,,22288,8,,,1,48,,22296,8,,,1,8,,22304,8,,,1,8,,22312,8,,,1,8,,22318,8,,,1,8,,22330,8,,,1,8,,22334,8,,,1,8,,22341,8,,,1,8,,22349,8,,,1,48,,22354,8,,,1,7,,22361,8,,,1,7,,22369,8,,,1,6,,22377,8,,,1,7,,22382,8,,,1,7,,22387,8,,,1,7,,22253,8,,,1,7,,22262,8,,,1,7,,22265,8,,,1,46,,22272,8,,,1,7,,22280,8,,,1,7,,22289,8,,,1,7,,22297,8,,,1,7,,22305,8,,,1,7,,22313,8,,,1,6,,22319,8,,,1,7,,22323,8,,,1,47,,22335,8,,,1,7,,22342,8,,,1,7,,22350,8,,,1,7,,22355,8,,,1,6,,22362,8,,,1,7,,22370,8,,,1,7,,22378,8,,,1,7,,22383,8,,,1,7,,22388,8,,,1,47,,22254,8,,,1,6,,22263,8,,,1,7,,22266,8,,,1,7,,22273,8,,,1,7,,22281,8,,,1,7,,22290,8,,,1,8,,22298,8,,,1,7,,22306,8,,,1,7,,22314,8,,,1,48,,22320,8,,,1,7,,22324,8,,,1,7,,22336,8,,,1,8,,22343,8,,,1,7,,22351,8,,,1,7,,22356,8,,,1,8,,22363,8,,,1,7,,22371,8,,,1,48,,22384,8,,,1,8,,22389,8,,,1,8,,22255,8,,,1,8,,22264,8,,,1,7,,22267,8,,,1,8,,22274,8,,,1,8,,22282,8,,,1,48,,22291,8,,,1,8,,22299,8,,,1,8,,22307,8,,,1,7,,22321,8,,,1,8,,22325,8,,,1,8,,22337,8,,,1,8,,22344,8,,,1,8,,22352,8,,,1,48,,22357,8,,,1,8,,22364,8,,,1,9,,22372,8,,,1,8,,22385,8,,,1,9,,22390,8,,,1,9,,22256,8,,,1,8,,22268,8,,,1,49,,22275,8,,,1,8,,22283,8,,,1,9,,22292,8,,,1,10,,22300,8,,,1,10,,22308,8,,,1,10,,22322,8,,,1,50,,22326,8,,,1,10,,22338,8,,,1,10,,22345,8,,,1,10,,22353,8,,,1,10,,22365,8,,,1,10,,22373,8,,,1,50,,22386,8,,,1,10,,22391,8,,,1,10,,22257,8,,,1,10,,22269,8,,,1,10,,22284,8,,,1
200,'GLOBAUX-01-S',540,,22463,8,,,1,6,,22473,8,,,1,6,,22483,8,,,1,6,,22498,8,,,1,46,,22509,8,,,1,6,,22518,8,,,1,6,,22532,8,,,1,6,,22534,8,,,1,5,,22554,8,,,1,5,,22571,8,,,1,5,,22573,8,,,1,5,,22580,8,,,1,5,,22582,8,,,1,4,,22594,8,,,1,4,,22600,8,,,1,4,,22606,8,,,1,44,,22607,8,,,1,3,,22613,8,,,1,4,,22622,8,,,1,3,,22392,8,,,1,4,,22393,8,,,1,3,,22403,8,,,1,4,,22411,8,,,1,3,,22412,8,,,1,3,,22421,8,,,1,4,,22423,8,,,1,3,,22428,8,,,1,4,,22436,8,,,1,3,,22444,8,,,1,3,,22456,8,,,1,3,,22461,8,,,1,4,,22462,8,,,1,3,,22464,8,,,1,43,,22474,8,,,1,3,,22484,8,,,1,4,,22492,8,,,1,3,,22494,8,,,1,3,,22499,8,,,1,3,,22504,8,,,1,4,,22510,8,,,1,3,,22515,8,,,1,3,,22519,8,,,1,3,,22527,8,,,1,4,,22533,8,,,1,3,,22535,8,,,1,3,,22540,8,,,1,3,,22555,8,,,1,4,,22564,8,,,1,3,,22572,8,,,1,4,,22574,8,,,1,3,,22575,8,,,1,44,,22583,8,,,1,4,,22590,8,,,1,4,,22595,8,,,1,3,,22601,8,,,1,4,,22608,8,,,1,4,,22614,8,,,1,4,,22623,8,,,1,4,,22630,8,,,1,4,,22394,8,,,1,4,,22404,8,,,1,4,,22413,8,,,1,4,,22420,8,,,1,4,,22424,8,,,1,5,,22437,8,,,1,5,,22445,8,,,1,45,,22457,8,,,1,6,,22465,8,,,1,6,,22475,8,,,1,6,,22485,8,,,1,6,,22495,8,,,1,6,,22505,8,,,1,6,,22511,8,,,1,6,,22520,8,,,1,6,,22528,8,,,1,6,,22541,8,,,1,46,,22556,8,,,1,6,,22565,8,,,1,6,,22576,8,,,1,6,,22584,8,,,1,6,,22596,8,,,1,6,,22602,8,,,1,6,,22615,8,,,1,6,,22624,8,,,1,6,,22395,8,,,1,6,,22405,8,,,1,46,,22414,8,,,1,6,,22425,8,,,1,6,,22438,8,,,1,6,,22446,8,,,1,6,,22458,8,,,1,6,,22466,8,,,1,6,,22476,8,,,1,6,,22486,8,,,1,6,,22496,8,,,1,6,,22506,8,,,1,46,,22512,8,,,1,6,,22521,8,,,1,6,,22529,8,,,1,6,,22542,8,,,1,6,,22557,8,,,1,6,,22566,8,,,1,6,,22577,8,,,1,6,,22585,8,,,1,6,,22597,8,,,1,6,,22603,8,,,1,46,,22616,8,,,1,6,,22625,8,,,1,6,,22396,8,,,1,6,,22406,8,,,1,6,,22415,8,,,1,6,,22426,8,,,1,6,,22439,8,,,1,6,,22447,8,,,1,6,,22459,8,,,1,6,,22467,8,,,1,45,,22477,8,,,1,5,,22487,8,,,1,5,,22497,8,,,1,4,,22500,8,,,1,5,,22507,8,,,1,4,,22513,8,,,1,5,,22516,8,,,1,4,,22522,8,,,1,3,,22530,8,,,1,4,,22536,8,,,1,3,,22543,8,,,1,4,,22547,8,,,1,3,,22558,8,,,1,3,,22562,8,,,1,3,,22567,8,,,1,3,,22578,8,,,1,43,,22581,8,,,1,3,,22586,8,,,1,2,,22591,8,,,1,3,,22598,8,,,1,3,,22604,8,,,1,3,,22609,8,,,1,3,,22617,8,,,1,3,,22618,8,,,1,3,,22626,8,,,1,3,,22397,8,,,1,3,,22398,8,,,1,3,,22399,8,,,1,3,,22400,8,,,1,3,,22407,8,,,1,2,,22416,8,,,1,3,,22422,8,,,1,3,,22427,8,0,5,1,3,,22429,8,,,1,3,,22433,8,,,1,3,,22440,8,,,1,43,,22448,8,0,5,1,3,,22449,8,,,1,3,,22453,8,,,1,3,,22460,8,,,1,3,,22468,8,0,5,1,3,,22469,8,,,1,2,,22478,8,,,1,3,,22482,8,0,5,1,3,,22488,8,,,1,3,,22493,8,0,5,1,3,,22501,8,,,1,3,,22508,8,,,1,4,,22514,8,,,1,3,,22517,8,,,1,3,,22523,8,,,1,4,,22531,8,,,1,3,,22537,8,,,1,4,,22544,8,,,1,3,,22548,8,,,1,44,,22551,8,,,1,4,,22559,8,,,1,4,,22563,8,,,1,4,,22568,8,,,1,4,,22579,8,,,1,4,,22587,8,,,1,3,,22592,8,,,1,4,,22599,8,,,1,4,,22605,8,,,1,4,,22610,8,,,1,5,,22619,8,,,1,4,,22627,8,,,1,5,,22401,8,,,1,5,,22408,8,,,1,5,,22417,8,,,1,45,,22430,8,,,1,6,,22434,8,,,1,6,,22441,8,,,1,6,,22450,8,,,1,6,,22454,8,,,1,6,,22470,8,,,1,6,,22479,8,,,1,6,,22489,8,,,1,6,,22502,8,,,1,6,,22524,8,,,1,46,,22538,8,,,1,6,,22545,8,,,1,6,,22549,8,,,1,6,,22552,8,,,1,6,,22560,8,,,1,6,,22569,8,,,1,6,,22588,8,,,1,6,,22593,8,,,1,6,,22611,8,,,1,6,,22620,8,,,1,46,,22628,8,,,1,6,,22402,8,,,1,6,,22409,8,,,1,6,,22418,8,,,1,6,,22431,8,,,1,6,,22435,8,,,1,6,,22442,8,,,1,6,,22451,8,,,1,6,,22455,8,,,1,6,,22471,8,,,1,46,,22480,8,,,1,6,,22490,8,,,1,6,,22503,8,,,1,6,,22525,8,,,1,6,,22539,8,,,1,6,,22546,8,,,1,6,,22550,8,,,1,7,,22553,8,,,1,7,,22561,8,,,1,47,,22570,8,,,1,7,,22589,8,,,1,7,,22612,8,,,1,7,,22621,8,,,1,7,,22629,8,,,1,7,,22410,8,,,1,8,,22419,8,,,1,8,,22432,8,,,1,48,,22443,8,,,1,8,,22452,8,,,1,8,,22472,8,,,1,8,,22481,8,,,1,8,,22491,8,,,1,8,,22526,8,,,1
201,'GLOBAUX-01-A',559,,22741,24,,,1,50,,22748,24,,,1,10,,22757,24,,,1,9,,22769,24,,,1,10,,22778,24,,,1,10,,22631,24,,,1,10,,22645,24,,,1,50,,22658,24,,,1,9,,22666,24,,,1,10,,22669,24,,,1,10,,22688,24,,,1,10,,22696,24,,,1,9,,22704,24,,,1,49,,22712,24,,,1,10,,22719,24,,,1,9,,22727,24,,,1,9,,22733,24,,,1,9,,22749,24,,,1,9,,22758,24,,,1,8,,22770,24,,,1,49,,22779,24,,,1,9,,22632,24,,,1,8,,22646,24,,,1,9,,22659,24,,,1,8,,22667,24,,,1,9,,22670,24,,,1,49,,22677,24,,,1,8,,22689,24,,,1,9,,22697,24,,,1,9,,22705,24,,,1,8,,22713,24,,,1,9,,22720,24,,,1,9,,22728,24,,,1,49,,22734,24,,,1,7,,22750,24,,,1,8,,22759,24,,,1,8,,22771,24,,,1,7,,22780,24,,,1,8,,22633,24,,,1,7,,22640,24,,,1,8,,22647,24,,,1,47,,22660,24,,,1,7,,22668,24,,,1,7,,22671,24,,,1,7,,22678,24,,,1,7,,22682,24,,,1,7,,22690,24,,,1,7,,22698,24,,,1,7,,22706,24,,,1,7,,22714,24,,,1,46,,22721,24,,,1,7,,22729,24,,,1,6,,22735,24,,,1,7,,22742,24,,,1,6,,22751,24,,,1,7,,22760,24,,,1,6,,22763,24,,,1,6,,22772,24,,,1,7,,22781,24,,,1,46,,22634,24,,,1,7,,22641,24,,,1,6,,22648,24,,,1,7,,22653,24,,,1,6,,22661,24,,,1,7,,22672,24,,,1,6,,22679,24,,,1,7,,22683,24,,,1,6,,22691,24,,,1,6,,22699,24,,,1,47,,22707,24,,,1,6,,22715,24,,,1,7,,22722,24,,,1,6,,22730,24,,,1,6,,22736,24,,,1,7,,22743,24,,,1,6,,22752,24,,,1,7,,22761,24,,,1,6,,22764,24,,,1,46,,22773,24,,,1,7,,22782,24,,,1,6,,22635,24,,,1,7,,22642,24,,,1,6,,22649,24,,,1,7,,22654,24,,,1,6,,22662,24,,,1,6,,22673,24,,,1,7,,22680,24,,,1,46,,22684,24,,,1,7,,22692,24,,,1,6,,22700,24,,,1,7,,22708,24,,,1,6,,22716,24,,,1,6,,22723,24,,,1,7,,22731,24,,,1,6,,22737,24,,,1,7,,22744,24,,,1,6,,22753,24,,,1,46,,22762,24,,,1,7,,22765,24,,,1,6,,22774,24,,,1,6,,22783,24,,,1,7,,22636,24,,,1,6,,22643,24,,,1,7,,22650,24,,,1,6,,22655,24,,,1,6,,22663,24,,,1,47,,22674,24,,,1,6,,22681,24,,,1,7,,22685,24,,,1,8,,22693,24,,,1,7,,22701,24,,,1,7,,22709,24,,,1,7,,22717,24,,,1,8,,22724,24,,,1,47,,22732,24,,,1,7,,22738,24,,,1,8,,22745,24,,,1,7,,22754,24,,,1,8,,22766,24,,,1,7,,22775,24,,,1,8,,22637,24,,,1,8,,22644,24,,,1,48,,22651,24,,,1,7,,22656,24,,,1,8,,22664,24,,,1,8,,22675,24,,,1,8,,22686,24,,,1,8,,22694,24,,,1,9,,22702,24,,,1,8,,22710,24,,,1,49,,22718,24,,,1,9,,22725,24,,,1,9,,22739,24,,,1,10,,22746,24,,,1,9,,22755,24,,,1,10,,22767,24,,,1,49,,22776,24,,,1,9,,22638,24,,,1,10,,22652,24,,,1,9,,22657,24,,,1,10,,22665,24,,,1,10,,22676,24,,,1,9,,22687,24,,,1,50,,22695,24,,,1,10,,22703,24,,,1,10,,22711,24,,,1,9,,22726,24,,,1,10,,22740,24,,,1,10,,22747,24,,,1,50,,22756,24,,,1,10,,22768,24,,,1,10,,22777,24,,,1,14,,22639,24,,,1
201,'GLOBAUX-01-F1',559,,22877,24,,,1,49,,22890,24,,,1,10,,22898,24,,,1,9,,22906,24,,,1,10,,22911,24,,,1,9,,22784,24,,,1,9,,22792,24,,,1,50,,22809,24,,,1,9,,22817,24,,,1,9,,22825,24,,,1,10,,22833,24,,,1,9,,22841,24,,,1,9,,22846,24,,,1,50,,22859,24,,,1,9,,22862,24,,,1,10,,22878,24,,,1,9,,22891,24,,,1,10,,22899,24,,,1,9,,22907,24,,,1,9,,22912,24,,,1,49,,22785,24,,,1,9,,22793,24,,,1,9,,22803,24,,,1,9,,22810,24,,,1,9,,22818,24,,,1,8,,22826,24,,,1,9,,22834,24,,,1,49,,22842,24,,,1,8,,22847,24,,,1,9,,22860,24,,,1,9,,22863,24,,,1,8,,22870,24,,,1,9,,22879,24,,,1,8,,22892,24,,,1,49,,22900,24,,,1,9,,22908,24,,,1,8,,22913,24,,,1,9,,22786,24,,,1,8,,22794,24,,,1,9,,22804,24,,,1,49,,22811,24,,,1,8,,22819,24,,,1,9,,22827,24,,,1,9,,22835,24,,,1,8,,22843,24,,,1,8,,22848,24,,,1,7,,22861,24,,,1,8,,22864,24,,,1,48,,22871,24,,,1,8,,22880,24,,,1,7,,22886,24,,,1,7,,22893,24,,,1,7,,22901,24,,,1,7,,22909,24,,,1,6,,22914,24,,,1,7,,22919,24,,,1,47,,22787,24,,,1,7,,22795,24,,,1,7,,22798,24,,,1,7,,22805,24,,,1,7,,22812,24,,,1,6,,22820,24,,,1,7,,22828,24,,,1,7,,22836,24,,,1,7,,22844,24,,,1,47,,22849,24,,,1,7,,22854,24,,,1,6,,22865,24,,,1,7,,22872,24,,,1,7,,22881,24,,,1,7,,22887,24,,,1,7,,22894,24,,,1,7,,22902,24,,,1,7,,22910,24,,,1,47,,22915,24,,,1,6,,22920,24,,,1,7,,22788,24,,,1,7,,22796,24,,,1,7,,22799,24,,,1,7,,22806,24,,,1,7,,22813,24,,,1,8,,22821,24,,,1,47,,22829,24,,,1,7,,22837,24,,,1,8,,22845,24,,,1,7,,22850,24,,,1,7,,22855,24,,,1,8,,22866,24,,,1,7,,22873,24,,,1,7,,22882,24,,,1,48,,22888,24,,,1,7,,22895,24,,,1,8,,22903,24,,,1,7,,22916,24,,,1,8,,22921,24,,,1,8,,22789,24,,,1,7,,22797,24,,,1,8,,22800,24,,,1,48,,22807,24,,,1,8,,22814,24,,,1,7,,22822,24,,,1,8,,22830,24,,,1,8,,22838,24,,,1,8,,22851,24,,,1,7,,22856,24,,,1,8,,22867,24,,,1,48,,22874,24,,,1,8,,22883,24,,,1,8,,22889,24,,,1,8,,22896,24,,,1,8,,22904,24,,,1,9,,22917,24,,,1,8,,22922,24,,,1,49,,22790,24,,,1,8,,22801,24,,,1,9,,22808,24,,,1,8,,22815,24,,,1,9,,22823,24,,,1,9,,22831,24,,,1,9,,22839,24,,,1,48,,22852,24,,,1,9,,22857,24,,,1,9,,22868,24,,,1,10,,22875,24,,,1,10,,22884,24,,,1,10,,22897,24,,,1,10,,22905,24,,,1,50,,22918,24,,,1,10,,22923,24,,,1,10,,22791,24,,,1,10,,22802,24,,,1,10,,22816,24,,,1,10,,22824,24,,,1,50,,22832,24,,,1,10,,22840,24,,,1,10,,22853,24,,,1,10,,22858,24,,,1,10,,22869,24,,,1,10,,22876,24,,,1,53,,22885,24,,,1
201,'GLOBAUX-01-F2',559,,23017,24,,,1,49,,23030,24,,,1,10,,23038,24,,,1,9,,23046,24,,,1,10,,23051,24,,,1,9,,22924,24,,,1,9,,22932,24,,,1,50,,22949,24,,,1,9,,22957,24,,,1,9,,22965,24,,,1,10,,22973,24,,,1,9,,22981,24,,,1,9,,22986,24,,,1,50,,22999,24,,,1,9,,23002,24,,,1,10,,23018,24,,,1,9,,23031,24,,,1,10,,23039,24,,,1,9,,23047,24,,,1,9,,23052,24,,,1,49,,22925,24,,,1,9,,22933,24,,,1,9,,22943,24,,,1,9,,22950,24,,,1,9,,22958,24,,,1,8,,22966,24,,,1,9,,22974,24,,,1,49,,22982,24,,,1,8,,22987,24,,,1,9,,23000,24,,,1,9,,23003,24,,,1,8,,23010,24,,,1,9,,23019,24,,,1,8,,23032,24,,,1,49,,23040,24,,,1,9,,23048,24,,,1,8,,23053,24,,,1,9,,22926,24,,,1,8,,22934,24,,,1,9,,22944,24,,,1,49,,22951,24,,,1,8,,22959,24,,,1,9,,22967,24,,,1,9,,22975,24,,,1,8,,22983,24,,,1,8,,22988,24,,,1,7,,23001,24,,,1,8,,23004,24,,,1,48,,23011,24,,,1,8,,23020,24,,,1,7,,23026,24,,,1,7,,23033,24,,,1,7,,23041,24,,,1,7,,23049,24,,,1,6,,23054,24,,,1,7,,23059,24,,,1,47,,22927,24,,,1,7,,22935,24,,,1,7,,22938,24,,,1,7,,22945,24,,,1,7,,22952,24,,,1,6,,22960,24,,,1,7,,22968,24,,,1,7,,22976,24,,,1,7,,22984,24,,,1,47,,22989,24,,,1,7,,22994,24,,,1,6,,23005,24,,,1,7,,23012,24,,,1,7,,23021,24,,,1,7,,23027,24,,,1,7,,23034,24,,,1,7,,23042,24,,,1,7,,23050,24,,,1,47,,23055,24,,,1,6,,23060,24,,,1,7,,22928,24,,,1,7,,22936,24,,,1,7,,22939,24,,,1,7,,22946,24,,,1,7,,22953,24,,,1,8,,22961,24,,,1,47,,22969,24,,,1,7,,22977,24,,,1,8,,22985,24,,,1,7,,22990,24,,,1,7,,22995,24,,,1,8,,23006,24,,,1,7,,23013,24,,,1,7,,23022,24,,,1,48,,23028,24,,,1,7,,23035,24,,,1,8,,23043,24,,,1,7,,23056,24,,,1,8,,23061,24,,,1,8,,22929,24,,,1,7,,22937,24,,,1,8,,22940,24,,,1,48,,22947,24,,,1,8,,22954,24,,,1,7,,22962,24,,,1,8,,22970,24,,,1,8,,22978,24,,,1,8,,22991,24,,,1,7,,22996,24,,,1,8,,23007,24,,,1,48,,23014,24,,,1,8,,23023,24,,,1,8,,23029,24,,,1,8,,23036,24,,,1,8,,23044,24,,,1,9,,23057,24,,,1,8,,23062,24,,,1,49,,22930,24,,,1,8,,22941,24,,,1,9,,22948,24,,,1,8,,22955,24,,,1,9,,22963,24,,,1,9,,22971,24,,,1,9,,22979,24,,,1,48,,22992,24,,,1,9,,22997,24,,,1,9,,23008,24,,,1,10,,23015,24,,,1,10,,23024,24,,,1,10,,23037,24,,,1,10,,23045,24,,,1,50,,23058,24,,,1,10,,23063,24,,,1,10,,22931,24,,,1,10,,22942,24,,,1,10,,22956,24,,,1,10,,22964,24,,,1,50,,22972,24,,,1,10,,22980,24,,,1,10,,22993,24,,,1,10,,22998,24,,,1,10,,23009,24,,,1,10,,23016,24,,,1,53,,23025,24,,,1
201,'GLOBAUX-01-I',559,,23157,24,,,1,49,,23170,24,,,1,10,,23178,24,,,1,9,,23186,24,,,1,10,,23191,24,,,1,9,,23064,24,,,1,9,,23072,24,,,1,50,,23089,24,,,1,9,,23097,24,,,1,9,,23105,24,,,1,10,,23113,24,,,1,9,,23121,24,,,1,9,,23126,24,,,1,50,,23139,24,,,1,9,,23142,24,,,1,10,,23158,24,,,1,9,,23171,24,,,1,10,,23179,24,,,1,9,,23187,24,,,1,9,,23192,24,,,1,49,,23065,24,,,1,9,,23073,24,,,1,9,,23083,24,,,1,9,,23090,24,,,1,9,,23098,24,,,1,8,,23106,24,,,1,9,,23114,24,,,1,49,,23122,24,,,1,8,,23127,24,,,1,9,,23140,24,,,1,9,,23143,24,,,1,8,,23150,24,,,1,9,,23159,24,,,1,8,,23172,24,,,1,49,,23180,24,,,1,9,,23188,24,,,1,8,,23193,24,,,1,9,,23066,24,,,1,8,,23074,24,,,1,9,,23084,24,,,1,49,,23091,24,,,1,8,,23099,24,,,1,9,,23107,24,,,1,9,,23115,24,,,1,8,,23123,24,,,1,8,,23128,24,,,1,7,,23141,24,,,1,8,,23144,24,,,1,48,,23151,24,,,1,8,,23160,24,,,1,7,,23166,24,,,1,7,,23173,24,,,1,7,,23181,24,,,1,7,,23189,24,,,1,6,,23194,24,,,1,7,,23199,24,,,1,47,,23067,24,,,1,7,,23075,24,,,1,7,,23078,24,,,1,7,,23085,24,,,1,7,,23092,24,,,1,6,,23100,24,,,1,7,,23108,24,,,1,7,,23116,24,,,1,7,,23124,24,,,1,47,,23129,24,,,1,7,,23134,24,,,1,6,,23145,24,,,1,7,,23152,24,,,1,7,,23161,24,,,1,7,,23167,24,,,1,7,,23174,24,,,1,7,,23182,24,,,1,7,,23190,24,,,1,47,,23195,24,,,1,6,,23200,24,,,1,7,,23068,24,,,1,7,,23076,24,,,1,7,,23079,24,,,1,7,,23086,24,,,1,7,,23093,24,,,1,8,,23101,24,,,1,47,,23109,24,,,1,7,,23117,24,,,1,8,,23125,24,,,1,7,,23130,24,,,1,7,,23135,24,,,1,8,,23146,24,,,1,7,,23153,24,,,1,7,,23162,24,,,1,48,,23168,24,,,1,7,,23175,24,,,1,8,,23183,24,,,1,7,,23196,24,,,1,8,,23201,24,,,1,8,,23069,24,,,1,7,,23077,24,,,1,8,,23080,24,,,1,48,,23087,24,,,1,8,,23094,24,,,1,7,,23102,24,,,1,8,,23110,24,,,1,8,,23118,24,,,1,8,,23131,24,,,1,7,,23136,24,,,1,8,,23147,24,,,1,48,,23154,24,,,1,8,,23163,24,,,1,8,,23169,24,,,1,8,,23176,24,,,1,8,,23184,24,,,1,9,,23197,24,,,1,8,,23202,24,,,1,49,,23070,24,,,1,8,,23081,24,,,1,9,,23088,24,,,1,8,,23095,24,,,1,9,,23103,24,,,1,9,,23111,24,,,1,9,,23119,24,,,1,48,,23132,24,,,1,9,,23137,24,,,1,9,,23148,24,,,1,10,,23155,24,,,1,10,,23164,24,,,1,10,,23177,24,,,1,10,,23185,24,,,1,50,,23198,24,,,1,10,,23203,24,,,1,10,,23071,24,,,1,10,,23082,24,,,1,10,,23096,24,,,1,10,,23104,24,,,1,50,,23112,24,,,1,10,,23120,24,,,1,10,,23133,24,,,1,10,,23138,24,,,1,10,,23149,24,,,1,10,,23156,24,,,1,53,,23165,24,,,1
201,'GLOBAUX-01-S',559,,23391,24,,,1,46,,23405,24,,,1,6,,23411,24,,,1,6,,23418,24,,,1,5,,23424,24,,,1,6,,23204,24,,,1,7,,23206,24,,,1,6,,23224,24,,,1,6,,23226,24,,,1,5,,23238,24,,,1,5,,23243,24,,,1,45,,23251,24,,,1,5,,23276,24,,,1,4,,23277,24,,,1,4,,23279,24,,,1,4,,23288,24,,,1,4,,23297,24,,,1,4,,23305,24,,,1,4,,23308,24,,,1,3,,23313,24,,,1,4,,23322,24,,,1,3,,23327,24,,,1,3,,23331,24,,,1,3,,23339,24,,,1,3,,23344,24,,,1,4,,23346,24,,,1,2,,23351,24,,,1,3,,23366,24,,,1,44,,23375,21,,,1,2,,23383,24,,,1,4,,23384,24,,,1,2,,23385,21,,,1,3,,23390,24,,,1,3,,23392,24,,,1,3,,23394,24,,,1,3,,23401,21,,,1,3,,23406,24,,,1,3,,23412,24,,,1,3,,23417,24,,,1,3,,23419,24,,,1,3,,23425,24,,,1,3,,23434,24,,,1,3,,23442,21,,,1,3,,23205,24,,,1,3,,23207,24,,,1,2,,23216,24,,,1,3,,23225,24,,,1,3,,23227,24,,,1,42,,23234,21,,,1,4,,23235,24,,,1,2,,23239,24,,,1,3,,23244,24,,,1,3,,23252,24,,,1,3,,23259,24,,,1,3,,23260,24,,,1,3,,23271,24,,,1,3,,23278,24,,,1,3,,23280,24,,,1,3,,23289,24,,,1,4,,23298,24,,,1,3,,23306,24,,,1,4,,23309,24,,,1,3,,23314,24,,,1,4,,23318,24,,,1,4,,23323,24,,,1,4,,23328,24,,,1,3,,23332,24,,,1,44,,23340,24,,,1,5,,23345,24,,,1,5,,23352,24,,,1,5,,23367,24,,,1,5,,23376,24,,,1,5,,23386,24,,,1,5,,23395,24,,,1,6,,23407,24,,,1,6,,23413,24,,,1,6,,23426,24,,,1,6,,23435,24,,,1,46,,23208,24,,,1,6,,23217,24,,,1,6,,23228,24,,,1,6,,23240,24,,,1,6,,23253,24,,,1,6,,23261,24,,,1,6,,23272,24,,,1,6,,23281,24,,,1,6,,23290,24,,,1,6,,23299,24,,,1,46,,23310,24,,,1,6,,23319,24,,,1,6,,23324,24,,,1,6,,23333,24,,,1,6,,23341,24,,,1,6,,23353,24,,,1,6,,23368,24,,,1,6,,23377,24,,,1,6,,23387,24,,,1,6,,23396,24,,,1,46,,23408,24,,,1,6,,23414,24,,,1,6,,23427,24,,,1,6,,23436,24,,,1,6,,23209,24,,,1,6,,23218,24,,,1,6,,23229,24,,,1,6,,23241,24,,,1,6,,23254,24,,,1,6,,23262,24,,,1,46,,23273,24,,,1,6,,23282,24,,,1,6,,23291,24,,,1,6,,23300,24,,,1,6,,23311,24,,,1,6,,23320,24,,,1,6,,23325,24,,,1,6,,23334,24,,,1,7,,23342,24,,,1,6,,23354,24,,,1,46,,23369,24,,,1,6,,23378,24,,,1,6,,23388,24,,,1,6,,23397,24,,,1,6,,23409,24,,,1,5,,23415,24,,,1,5,,23428,24,,,1,5,,23437,24,,,1,5,,23210,24,,,1,5,,23212,24,,,1,4,,23219,24,,,1,45,,23230,24,,,1,3,,23236,24,,,1,3,,23242,24,,,1,4,,23248,24,,,1,3,,23255,24,,,1,4,,23263,24,,,1,3,,23267,24,,,1,3,,23274,24,,,1,3,,23283,24,,,1,3,,23284,24,,,1,4,,23292,24,,,1,3,,23296,24,,,1,3,,23301,24,,,1,3,,23307,24,,,1,4,,23312,24,,,1,3,,23315,24,,,1,3,,23321,24,,,1,3,,23326,24,,,1,44,,23329,24,,,1,3,,23335,24,,,1,3,,23343,24,,,1,3,,23347,24,,,1,3,,23355,24,,,1,4,,23358,24,,,1,3,,23362,24,,,1,3,,23370,24,,,1,3,,23374,24,,,1,3,,23379,24,,,1,4,,23389,24,,,1,3,,23393,24,,,1,3,,23398,24,,,1,3,,23402,24,,,1,3,,23410,24,,,1,3,,23416,24,,,1,4,,23420,24,,,1,3,,23429,24,,,1,3,,23430,24,,,1,43,,23438,24,,,1,4,,23211,24,,,1,4,,23213,24,,,1,4,,23220,24,,,1,4,,23231,24,,,1,4,,23237,24,,,1,3,,23245,24,,,1,4,,23249,24,,,1,5,,23256,24,,,1,4,,23264,24,,,1,5,,23268,24,,,1,4,,23275,24,,,1,5,,23285,24,,,1,5,,23293,24,,,1,45,,23302,24,,,1,4,,23316,24,,,1,5,,23330,24,,,1,5,,23336,24,,,1,5,,23348,24,,,1,5,,23356,24,,,1,5,,23359,24,,,1,5,,23363,24,,,1,6,,23371,24,,,1,6,,23380,24,,,1,6,,23399,24,,,1,6,,23403,24,,,1,46,,23421,24,,,1,6,,23431,24,,,1,6,,23439,24,,,1,6,,23214,24,,,1,6,,23221,24,,,1,6,,23232,24,,,1,6,,23246,24,,,1,6,,23250,24,,,1,6,,23257,24,,,1,6,,23265,24,,,1,46,,23269,24,,,1,6,,23286,24,,,1,6,,23294,24,,,1,6,,23303,24,,,1,6,,23317,24,,,1,6,,23337,24,,,1,6,,23349,24,,,1,6,,23357,24,,,1,6,,23360,24,,,1,6,,23364,24,,,1,46,,23372,24,,,1,6,,23381,24,,,1,6,,23400,24,,,1,6,,23404,24,,,1,6,,23422,24,,,1,6,,23432,24,,,1,6,,23440,24,,,1,6,,23215,24,,,1,6,,23222,24,,,1,6,,23233,24,,,1,47,,23247,24,,,1,7,,23258,24,,,1,7,,23266,24,,,1,7,,23270,24,,,1,7,,23287,24,,,1,7,,23295,24,,,1,7,,23304,24,,,1,7,,23338,24,,,1,48,,23350,24,,,1,8,,23361,24,,,1,8,,23365,24,,,1,8,,23373,24,,,1,8,,23382,24,,,1,8,,23423,24,,,1,8,,23433,24,,,1,8,,23441,24,,,1,52,,23223,24,,,1
