500,'GLOBAUX-01-A',535,,24707,5,,,1,10,,24725,5,,,1,10,,24743,5,,,1,50,,24760,5,,,1,10,,24777,5,,,1,10,,24805,5,,,1,10,,24822,5,,,1,10,,24708,5,,,1,10,,24726,5,,,1,50,,24744,5,,,1,10,,24761,5,,,1,10,,24778,5,,,1,10,,24806,5,,,1,10,,24823,5,,,1,10,,24709,5,,,1,50,,24727,5,,,1,10,,24745,5,,,1,10,,24762,5,,,1,10,,24779,5,,,1,10,,24807,5,,,1,10,,24824,5,,,1,50,,24710,5,,,1,10,,24728,5,,,1,10,,24746,5,,,1,10,,24763,5,,,1,9,,24780,5,,,1,8,,24794,5,,,1,49,,24808,5,,,1,8,,24825,5,,,1,9,,24711,5,,,1,8,,24729,5,,,1,9,,24747,5,,,1,8,,24764,5,,,1,9,,24781,5,,,1,48,,24795,5,,,1,9,,24809,5,,,1,8,,24826,5,,,1,9,,24712,5,,,1,9,,24730,5,,,1,8,,24748,5,,,1,9,,24765,5,,,1,48,,24782,5,,,1,9,,24796,5,,,1,8,,24810,5,,,1,9,,24827,5,,,1,8,,24713,5,,,1,9,,24731,5,,,1,8,,24749,5,,,1,49,,24766,5,,,1,8,,24783,5,,,1,9,,24797,5,,,1,8,,24811,5,,,1,9,,24828,5,,,1,8,,24714,5,,,1,9,,24732,5,,,1,8,,24750,5,,,1,49,,24767,5,,,1,8,,24784,5,,,1,9,,24798,5,,,1,8,,24812,5,,,1,9,,24829,5,,,1,8,,24715,5,,,1,9,,24733,5,,,1,48,,24751,5,,,1,9,,24768,5,,,1,8,,24785,5,,,1,9,,24799,5,,,1,8,,24813,5,,,1,9,,24830,5,,,1,8,,24716,5,,,1,49,,24734,5,,,1,8,,24752,5,,,1,9,,24769,5,,,1,8,,24786,5,,,1,9,,24800,5,,,1,8,,24814,5,,,1,9,,24831,5,,,1,48,,24717,5,,,1,9,,24735,5,,,1,8,,24753,5,,,1,9,,24770,5,,,1,8,,24787,5,,,1,9,,24801,5,,,1,8,,24815,5,,,1,49,,24832,5,,,1,8,,24718,5,,,1,9,,24736,5,,,1,8,,24754,5,,,1,9,,24771,5,,,1,8,,24788,5,,,1,8,,24802,5,,,1,49,,24816,5,,,1,8,,24833,5,,,1,9,,24719,5,,,1,8,,24737,5,,,1,9,,24755,5,,,1,8,,24772,5,,,1,9,,24789,5,,,1,48,,24803,5,,,1,9,,24817,5,,,1,8,,24834,5,,,1,9,,24720,5,,,1,8,,24738,5,,,1,9,,24756,5,,,1,8,,24773,5,,,1,49,,24790,5,,,1,8,,24804,5,,,1,9,,24818,5,,,1,9,,24835,5,,,1,10,,24721,5,,,1,10,,24739,5,,,1,50,,24757,5,,,1,10,,24774,5,,,1,10,,24791,5,,,1,10,,24819,5,,,1,10,,24836,5,,,1,10,,24722,5,,,1,50,,24740,5,,,1,10,,24758,5,,,1,10,,24775,5,,,1,10,,24792,5,,,1,10,,24820,5,,,1,10,,24837,5,,,1,50,,24723,5,,,1,10,,24741,5,,,1,10,,24759,5,,,1,10,,24776,5,,,1,10,,24793,5,,,1,10,,24821,5,,,1,50,,24838,5,,,1,10,,24724,5,,,1,10,,24742,5,,,1
500,'GLOBAUX-01-F1',535,,24839,5,,,1,10,,24856,5,,,1,10,,24873,5,,,1,50,,24890,5,,,1,10,,24907,5,,,1,10,,24938,5,,,1,10,,24951,5,,,1,10,,24840,5,,,1,10,,24857,5,,,1,50,,24874,5,,,1,10,,24891,5,,,1,10,,24908,5,,,1,10,,24939,5,,,1,10,,24952,5,,,1,10,,24841,5,,,1,50,,24858,5,,,1,10,,24875,5,,,1,10,,24892,5,,,1,10,,24909,5,,,1,10,,24940,5,,,1,10,,24953,5,,,1,50,,24842,5,,,1,10,,24859,5,,,1,10,,24876,5,,,1,10,,24893,5,,,1,9,,24910,5,,,1,8,,24924,5,,,1,49,,24941,5,,,1,8,,24954,5,,,1,9,,24843,5,,,1,8,,24860,5,,,1,9,,24877,5,,,1,8,,24894,5,,,1,9,,24911,5,,,1,48,,24925,5,,,1,9,,24942,5,,,1,8,,24955,5,,,1,9,,24844,5,,,1,8,,24861,5,,,1,9,,24878,5,,,1,8,,24895,5,,,1,49,,24912,5,,,1,8,,24926,5,,,1,9,,24943,5,,,1,8,,24956,5,,,1,9,,24845,5,,,1,8,,24862,5,,,1,9,,24879,5,,,1,8,,24896,5,,,1,49,,24913,5,,,1,8,,24927,5,,,1,9,,24944,5,,,1,8,,24957,5,,,1,9,,24846,5,,,1,9,,24863,5,,,1,8,,24880,5,,,1,49,,24897,5,,,1,8,,24914,5,,,1,9,,24928,5,,,1,8,,24945,5,,,1,9,,24958,5,,,1,8,,24847,5,,,1,9,,24864,5,,,1,48,,24881,5,,,1,9,,24898,5,,,1,8,,24915,5,,,1,9,,24929,5,,,1,8,,24946,5,,,1,9,,24959,5,,,1,8,,24848,5,,,1,49,,24865,5,,,1,8,,24882,5,,,1,9,,24899,5,,,1,8,,24916,5,,,1,9,,24930,5,,,1,8,,24947,5,,,1,9,,24960,5,,,1,48,,24849,5,,,1,9,,24866,5,,,1,8,,24883,5,,,1,9,,24900,5,,,1,8,,24917,5,,,1,9,,24931,5,,,1,8,,24948,5,,,1,48,,24961,5,,,1,9,,24850,5,,,1,8,,24867,5,,,1,9,,24884,5,,,1,8,,24901,5,,,1,9,,24918,5,,,1,8,,24932,5,,,1,49,,24949,5,,,1,8,,24962,5,,,1,9,,24851,5,,,1,8,,24868,5,,,1,9,,24885,5,,,1,8,,24902,5,,,1,9,,24919,5,,,1,48,,24933,5,,,1,9,,24950,5,,,1,8,,24963,5,,,1,9,,24852,5,,,1,10,,24869,5,,,1,10,,24886,5,,,1,50,,24903,5,,,1,10,,24920,5,,,1,10,,24934,5,,,1,10,,24964,5,,,1,10,,24853,5,,,1,10,,24870,5,,,1,50,,24887,5,,,1,10,,24904,5,,,1,10,,24921,5,,,1,10,,24935,5,,,1,10,,24965,5,,,1,10,,24854,5,,,1,50,,24871,5,,,1,10,,24888,5,,,1,10,,24905,5,,,1,10,,24922,5,,,1,10,,24936,5,,,1,10,,24966,5,,,1,50,,24855,5,,,1,10,,24872,5,,,1,10,,24889,5,,,1,10,,24906,5,,,1,10,,24923,5,,,1,10,,24937,5,,,1
500,'GLOBAUX-01-F2',535,,24967,5,,,1,10,,24984,5,,,1,10,,25001,5,,,1,50,,25018,5,,,1,10,,25035,5,,,1,10,,25066,5,,,1,10,,25079,5,,,1,10,,24968,5,,,1,10,,24985,5,,,1,50,,25002,5,,,1,10,,25019,5,,,1,10,,25036,5,,,1,10,,25067,5,,,1,10,,25080,5,,,1,10,,24969,5,,,1,50,,24986,5,,,1,10,,25003,5,,,1,10,,25020,5,,,1,10,,25037,5,,,1,10,,25068,5,,,1,10,,25081,5,,,1,50,,24970,5,,,1,10,,24987,5,,,1,10,,25004,5,,,1,10,,25021,5,,,1,9,,25038,5,,,1,8,,25052,5,,,1,49,,25069,5,,,1,8,,25082,5,,,1,9,,24971,5,,,1,8,,24988,5,,,1,9,,25005,5,,,1,8,,25022,5,,,1,9,,25039,5,,,1,48,,25053,5,,,1,9,,25070,5,,,1,8,,25083,5,,,1,9,,24972,5,,,1,8,,24989,5,,,1,9,,25006,5,,,1,8,,25023,5,,,1,49,,25040,5,,,1,8,,25054,5,,,1,9,,25071,5,,,1,8,,25084,5,,,1,9,,24973,5,,,1,8,,24990,5,,,1,9,,25007,5,,,1,8,,25024,5,,,1,49,,25041,5,,,1,8,,25055,5,,,1,9,,25072,5,,,1,8,,25085,5,,,1,9,,24974,5,,,1,9,,24991,5,,,1,8,,25008,5,,,1,49,,25025,5,,,1,8,,25042,5,,,1,9,,25056,5,,,1,8,,25073,5,,,1,9,,25086,5,,,1,8,,24975,5,,,1,9,,24992,5,,,1,48,,25009,5,,,1,9,,25026,5,,,1,8,,25043,5,,,1,9,,25057,5,,,1,8,,25074,5,,,1,9,,25087,5,,,1,8,,24976,5,,,1,49,,24993,5,,,1,8,,25010,5,,,1,9,,25027,5,,,1,8,,25044,5,,,1,9,,25058,5,,,1,8,,25075,5,,,1,9,,25088,5,,,1,48,,24977,5,,,1,9,,24994,5,,,1,8,,25011,5,,,1,9,,25028,5,,,1,8,,25045,5,,,1,9,,25059,5,,,1,8,,25076,5,,,1,48,,25089,5,,,1,9,,24978,5,,,1,8,,24995,5,,,1,9,,25012,5,,,1,8,,25029,5,,,1,9,,25046,5,,,1,8,,25060,5,,,1,49,,25077,5,,,1,8,,25090,5,,,1,9,,24979,5,,,1,8,,24996,5,,,1,9,,25013,5,,,1,8,,25030,5,,,1,9,,25047,5,,,1,48,,25061,5,,,1,9,,25078,5,,,1,8,,25091,5,,,1,9,,24980,5,,,1,10,,24997,5,,,1,10,,25014,5,,,1,50,,25031,5,,,1,10,,25048,5,,,1,10,,25062,5,,,1,10,,25092,5,,,1,10,,24981,5,,,1,10,,24998,5,,,1,50,,25015,5,,,1,10,,25032,5,,,1,10,,25049,5,,,1,10,,25063,5,,,1,10,,25093,5,,,1,10,,24982,5,,,1,50,,24999,5,,,1,10,,25016,5,,,1,10,,25033,5,,,1,10,,25050,5,,,1,10,,25064,5,,,1,10,,25094,5,,,1,50,,24983,5,,,1,10,,25000,5,,,1,10,,25017,5,,,1,10,,25034,5,,,1,10,,25051,5,,,1,10,,25065,5,,,1
500,'GLOBAUX-01-I',535,,25095,5,,,1,10,,25112,5,,,1,10,,25129,5,,,1,50,,25146,5,,,1,10,,25163,5,,,1,10,,25194,5,,,1,10,,25207,5,,,1,10,,25096,5,,,1,10,,25113,5,,,1,50,,25130,5,,,1,10,,25147,5,,,1,10,,25164,5,,,1,10,,25195,5,,,1,10,,25208,5,,,1,10,,25097,5,,,1,50,,25114,5,,,1,10,,25131,5,,,1,10,,25148,5,,,1,10,,25165,5,,,1,10,,25196,5,,,1,10,,25209,5,,,1,50,,25098,5,,,1,10,,25115,5,,,1,10,,25132,5,,,1,10,,25149,5,,,1,9,,25166,5,,,1,8,,25180,5,,,1,49,,25197,5,,,1,8,,25210,5,,,1,9,,25099,5,,,1,8,,25116,5,,,1,9,,25133,5,,,1,8,,25150,5,,,1,9,,25167,5,,,1,48,,25181,5,,,1,9,,25198,5,,,1,8,,25211,5,,,1,9,,25100,5,,,1,8,,25117,5,,,1,9,,25134,5,,,1,8,,25151,5,,,1,49,,25168,5,,,1,8,,25182,5,,,1,9,,25199,5,,,1,8,,25212,5,,,1,9,,25101,5,,,1,8,,25118,5,,,1,9,,25135,5,,,1,8,,25152,5,,,1,49,,25169,5,,,1,8,,25183,5,,,1,9,,25200,5,,,1,8,,25213,5,,,1,9,,25102,5,,,1,9,,25119,5,,,1,8,,25136,5,,,1,49,,25153,5,,,1,8,,25170,5,,,1,9,,25184,5,,,1,8,,25201,5,,,1,9,,25214,5,,,1,8,,25103,5,,,1,9,,25120,5,,,1,48,,25137,5,,,1,9,,25154,5,,,1,8,,25171,5,,,1,9,,25185,5,,,1,8,,25202,5,,,1,9,,25215,5,,,1,8,,25104,5,,,1,49,,25121,5,,,1,8,,25138,5,,,1,9,,25155,5,,,1,8,,25172,5,,,1,9,,25186,5,,,1,8,,25203,5,,,1,9,,25216,5,,,1,48,,25105,5,,,1,9,,25122,5,,,1,8,,25139,5,,,1,9,,25156,5,,,1,8,,25173,5,,,1,9,,25187,5,,,1,8,,25204,5,,,1,48,,25217,5,,,1,9,,25106,5,,,1,8,,25123,5,,,1,9,,25140,5,,,1,8,,25157,5,,,1,9,,25174,5,,,1,8,,25188,5,,,1,49,,25205,5,,,1,8,,25218,5,,,1,9,,25107,5,,,1,8,,25124,5,,,1,9,,25141,5,,,1,8,,25158,5,,,1,9,,25175,5,,,1,48,,25189,5,,,1,9,,25206,5,,,1,8,,25219,5,,,1,9,,25108,5,,,1,10,,25125,5,,,1,10,,25142,5,,,1,50,,25159,5,,,1,10,,25176,5,,,1,10,,25190,5,,,1,10,,25220,5,,,1,10,,25109,5,,,1,10,,25126,5,,,1,50,,25143,5,,,1,10,,25160,5,,,1,10,,25177,5,,,1,10,,25191,5,,,1,10,,25221,5,,,1,10,,25110,5,,,1,50,,25127,5,,,1,10,,25144,5,,,1,10,,25161,5,,,1,10,,25178,5,,,1,10,,25192,5,,,1,10,,25222,5,,,1,50,,25111,5,,,1,10,,25128,5,,,1,10,,25145,5,,,1,10,,25162,5,,,1,10,,25179,5,,,1,10,,25193,5,,,1
500,'GLOBAUX-01-S',535,,25223,5,,,1,8,,25235,5,,,1,8,,25239,5,,,1,8,,25263,5,,,1,48,,25301,5,,,1,7,,25328,5,,,1,5,,25345,5,,,1,6,,25348,5,,,1,5,,25375,5,,,1,4,,25386,5,,,1,5,,25389,5,,,1,4,,25401,5,,,1,5,,25224,5,,,1,4,,25236,5,,,1,5,,25240,5,,,1,44,,25264,5,,,1,5,,25281,5,,,1,4,,25284,5,,,1,5,,25302,5,,,1,4,,25309,5,,,1,5,,25329,5,,,1,4,,25346,5,,,1,5,,25349,5,,,1,4,,25376,5,,,1,5,,25387,5,,,1,4,,25390,5,,,1,5,,25402,5,,,1,4,,25225,5,,,1,45,,25237,5,,,1,4,,25241,5,,,1,4,,25265,5,,,1,3,,25282,5,,,1,4,,25285,5,,,1,3,,25303,5,,,1,4,,25304,5,,,1,3,,25310,5,,,1,4,,25330,5,,,1,3,,25347,5,,,1,4,,25350,5,,,1,4,,25360,5,,,1,5,,25377,5,,,1,4,,25388,5,,,1,5,,25391,5,,,1,4,,25403,5,,,1,45,,25226,5,,,1,4,,25238,5,,,1,5,,25242,5,,,1,4,,25266,5,,,1,5,,25283,5,,,1,4,,25286,5,,,1,5,,25305,5,,,1,4,,25311,5,,,1,7,,25331,5,,,1,7,,25361,5,,,1,7,,25378,5,,,1,48,,25404,5,,,1,7,,25227,5,,,1,7,,25243,5,,,1,7,,25267,5,,,1,8,,25287,5,,,1,7,,25312,5,,,1,7,,25332,5,,,1,7,,25362,5,,,1,48,,25379,5,,,1,7,,25405,5,,,1,7,,25228,5,,,1,7,,25244,5,,,1,8,,25268,5,,,1,7,,25288,5,,,1,7,,25313,5,,,1,7,,25333,5,,,1,8,,25363,5,,,1,47,,25380,5,,,1,7,,25406,5,,,1,8,,25229,5,,,1,7,,25245,5,,,1,7,,25269,5,,,1,7,,25289,5,,,1,8,,25314,5,,,1,7,,25334,5,,,1,47,,25364,5,,,1,7,,25381,5,,,1,7,,25407,5,,,1,8,,25230,5,,,1,7,,25246,5,,,1,7,,25270,5,,,1,7,,25290,5,,,1,8,,25315,5,,,1,47,,25335,5,,,1,7,,25365,5,,,1,7,,25382,5,,,1,8,,25408,5,,,1,7,,25231,5,,,1,7,,25247,5,,,1,7,,25271,5,,,1,8,,25291,5,,,1,47,,25316,5,,,1,6,,25336,5,,,1,5,,25351,5,,,1,6,,25366,5,,,1,5,,25383,5,,,1,5,,25392,5,,,1,5,,25409,5,,,1,5,,25232,5,,,1,5,,25248,5,,,1,5,,25257,5,,,1,5,,25272,5,,,1,4,,25292,5,,,1,45,,25306,5,,,1,5,,25317,5,,,1,5,,25325,5,,,1,5,,25337,5,,,1,5,,25352,5,,,1,4,,25367,5,,,1,5,,25384,5,,,1,5,,25393,5,,,1,5,,25410,5,,,1,5,,25233,5,,,1,4,,25249,5,,,1,5,,25258,5,,,1,5,,25273,5,,,1,45,,25293,5,,,1,5,,25307,5,,,1,5,,25318,5,,,1,4,,25326,5,,,1,5,,25338,5,,,1,5,,25353,5,,,1,5,,25368,5,,,1,5,,25385,5,,,1,5,,25394,5,,,1,4,,25411,5,,,1,5,,25234,5,,,1,5,,25250,5,,,1,45,,25259,5,,,1,6,,25274,5,,,1,5,,25294,5,,,1,5,,25308,5,,,1,6,,25319,5,,,1,6,,25327,5,,,1,7,,25339,5,,,1,6,,25354,5,,,1,7,,25369,5,,,1,6,,25395,5,,,1,46,,25412,5,,,1,7,,25251,5,,,1,6,,25260,5,,,1,7,,25275,5,,,1,6,,25295,5,,,1,7,,25320,5,,,1,6,,25340,5,,,1,7,,25355,5,,,1,6,,25370,5,,,1,47,,25396,5,,,1,6,,25413,5,,,1,7,,25252,5,,,1,6,,25261,5,,,1,7,,25276,5,,,1,6,,25296,5,,,1,7,,25321,5,,,1,6,,25341,5,,,1,7,,25356,5,,,1,6,,25371,5,,,1,47,,25397,5,,,1,6,,25414,5,,,1,7,,25253,5,,,1,6,,25262,5,,,1,7,,25277,5,,,1,6,,25297,5,,,1,7,,25322,5,,,1,6,,25342,5,,,1,7,,25357,5,,,1,46,,25372,5,,,1,7,,25398,5,,,1,6,,25415,5,,,1,7,,25254,5,,,1,8,,25278,5,,,1,7,,25298,5,,,1,8,,25323,5,,,1,8,,25343,5,,,1,48,,25358,5,,,1,8,,25373,5,,,1,8,,25399,5,,,1,8,,25255,5,,,1,8,,25279,5,,,1,8,,25299,5,,,1,8,,25324,5,,,1,8,,25344,5,,,1,48,,25359,5,,,1,8,,25374,5,,,1,8,,25400,5,,,1,8,,25256,5,,,1,10,,25280,5,,,1,9,,25300,5,,,1
501,'GLOBAUX-01-A',539,,25484,8,,,1,10,,25513,8,,,1,10,,25531,8,,,1,50,,25416,8,,,1,10,,25433,8,,,1,10,,25450,8,,,1,10,,25467,8,,,1,10,,25485,8,,,1,10,,25514,8,,,1,50,,25532,8,,,1,10,,25417,8,,,1,10,,25434,8,,,1,10,,25451,8,,,1,10,,25468,8,,,1,10,,25486,8,,,1,50,,25515,8,,,1,10,,25533,8,,,1,10,,25418,8,,,1,10,,25435,8,,,1,10,,25452,8,,,1,10,,25469,8,,,1,49,,25487,8,,,1,8,,25502,8,,,1,9,,25516,8,,,1,8,,25534,8,,,1,9,,25419,8,,,1,8,,25436,8,,,1,9,,25453,8,,,1,48,,25470,8,,,1,9,,25488,8,,,1,8,,25503,8,,,1,9,,25517,8,,,1,8,,25535,8,,,1,9,,25420,8,,,1,8,,25437,8,,,1,49,,25454,8,,,1,8,,25471,8,,,1,9,,25489,8,,,1,8,,25504,8,,,1,9,,25518,8,,,1,8,,25536,8,,,1,9,,25421,8,,,1,48,,25438,8,,,1,9,,25455,8,,,1,8,,25472,8,,,1,9,,25490,8,,,1,8,,25505,8,,,1,9,,25519,8,,,1,8,,25537,8,,,1,49,,25422,8,,,1,8,,25439,8,,,1,9,,25456,8,,,1,8,,25473,8,,,1,9,,25491,8,,,1,8,,25506,8,,,1,9,,25520,8,,,1,48,,25538,8,,,1,9,,25423,8,,,1,8,,25440,8,,,1,9,,25457,8,,,1,8,,25474,8,,,1,9,,25492,8,,,1,8,,25507,8,,,1,49,,25521,8,,,1,8,,25539,8,,,1,9,,25424,8,,,1,8,,25441,8,,,1,9,,25458,8,,,1,8,,25475,8,,,1,9,,25493,8,,,1,48,,25508,8,,,1,9,,25522,8,,,1,8,,25540,8,,,1,9,,25425,8,,,1,8,,25442,8,,,1,9,,25459,8,,,1,8,,25476,8,,,1,49,,25494,8,,,1,8,,25509,8,,,1,9,,25523,8,,,1,8,,25541,8,,,1,9,,25426,8,,,1,8,,25443,8,,,1,9,,25460,8,,,1,48,,25477,8,,,1,9,,25495,8,,,1,8,,25510,8,,,1,9,,25524,8,,,1,8,,25542,8,,,1,9,,25427,8,,,1,8,,25444,8,,,1,49,,25461,8,,,1,8,,25478,8,,,1,9,,25496,8,,,1,8,,25511,8,,,1,9,,25525,8,,,1,8,,25543,8,,,1,9,,25428,8,,,1,48,,25445,8,,,1,9,,25462,8,,,1,8,,25479,8,,,1,9,,25497,8,,,1,8,,25512,8,,,1,9,,25526,8,,,1,9,,25544,8,,,1,50,,25429,8,,,1,10,,25446,8,,,1,10,,25463,8,,,1,10,,25480,8,,,1,10,,25498,8,,,1,10,,25527,8,,,1,50,,25545,8,,,1,10,,25430,8,,,1,10,,25447,8,,,1,10,,25464,8,,,1,10,,25481,8,,,1,10,,25499,8,,,1,50,,25528,8,,,1,10,,25546,8,,,1,10,,25431,8,,,1,10,,25448,8,,,1,10,,25465,8,,,1,10,,25482,8,,,1,50,,25500,8,,,1,10,,25529,8,,,1,10,,25547,8,,,1,10,,25432,8,,,1,10,,25449,8,,,1,10,,25466,8,,,1,50,,25483,8,,,1,10,,25501,8,,,1,10,,25530,8,,,1
501,'GLOBAUX-01-F1',539,,25615,8,,,1,10,,25646,8,,,1,10,,25659,8,,,1,50,,25548,8,,,1,10,,25565,8,,,1,10,,25582,8,,,1,10,,25599,8,,,1,10,,25616,8,,,1,10,,25647,8,,,1,50,,25660,8,,,1,10,,25549,8,,,1,10,,25566,8,,,1,10,,25583,8,,,1,10,,25600,8,,,1,10,,25617,8,,,1,50,,25648,8,,,1,10,,25661,8,,,1,10,,25550,8,,,1,10,,25567,8,,,1,10,,25584,8,,,1,10,,25601,8,,,1,49,,25618,8,,,1,8,,25632,8,,,1,9,,25649,8,,,1,8,,25662,8,,,1,9,,25551,8,,,1,8,,25568,8,,,1,9,,25585,8,,,1,48,,25602,8,,,1,9,,25619,8,,,1,8,,25633,8,,,1,9,,25650,8,,,1,8,,25663,8,,,1,9,,25552,8,,,1,8,,25569,8,,,1,49,,25586,8,,,1,8,,25603,8,,,1,9,,25620,8,,,1,8,,25634,8,,,1,9,,25651,8,,,1,8,,25664,8,,,1,9,,25553,8,,,1,48,,25570,8,,,1,9,,25587,8,,,1,8,,25604,8,,,1,9,,25621,8,,,1,8,,25635,8,,,1,9,,25652,8,,,1,8,,25665,8,,,1,49,,25554,8,,,1,8,,25571,8,,,1,9,,25588,8,,,1,8,,25605,8,,,1,9,,25622,8,,,1,8,,25636,8,,,1,9,,25653,8,,,1,48,,25666,8,,,1,9,,25555,8,,,1,8,,25572,8,,,1,9,,25589,8,,,1,8,,25606,8,,,1,9,,25623,8,,,1,8,,25637,8,,,1,49,,25654,8,,,1,8,,25667,8,,,1,9,,25556,8,,,1,8,,25573,8,,,1,9,,25590,8,,,1,8,,25607,8,,,1,9,,25624,8,,,1,48,,25638,8,,,1,9,,25655,8,,,1,8,,25668,8,,,1,9,,25557,8,,,1,8,,25574,8,,,1,9,,25591,8,,,1,8,,25608,8,,,1,49,,25625,8,,,1,8,,25639,8,,,1,9,,25656,8,,,1,8,,25669,8,,,1,9,,25558,8,,,1,8,,25575,8,,,1,9,,25592,8,,,1,48,,25609,8,,,1,9,,25626,8,,,1,8,,25640,8,,,1,9,,25657,8,,,1,8,,25670,8,,,1,9,,25559,8,,,1,8,,25576,8,,,1,48,,25593,8,,,1,9,,25610,8,,,1,8,,25627,8,,,1,9,,25641,8,,,1,8,,25658,8,,,1,9,,25671,8,,,1,9,,25560,8,,,1,50,,25577,8,,,1,10,,25594,8,,,1,10,,25611,8,,,1,10,,25628,8,,,1,10,,25642,8,,,1,10,,25672,8,,,1,50,,25561,8,,,1,10,,25578,8,,,1,10,,25595,8,,,1,10,,25612,8,,,1,10,,25629,8,,,1,10,,25643,8,,,1,50,,25673,8,,,1,10,,25562,8,,,1,10,,25579,8,,,1,10,,25596,8,,,1,10,,25613,8,,,1,10,,25630,8,,,1,50,,25644,8,,,1,10,,25674,8,,,1,10,,25563,8,,,1,10,,25580,8,,,1,10,,25597,8,,,1,10,,25614,8,,,1,50,,25631,8,,,1,10,,25645,8,,,1,10,,25675,8,,,1,10,,25564,8,,,1,10,,25581,8,,,1,10,,25598,8,,,1
501,'GLOBAUX-01-F2',539,,25743,8,,,1,10,,25774,8,,,1,10,,25787,8,,,1,50,,25676,8,,,1,10,,25693,8,,,1,10,,25710,8,,,1,10,,25727,8,,,1,10,,25744,8,,,1,10,,25775,8,,,1,50,,25788,8,,,1,10,,25677,8,,,1,10,,25694,8,,,1,10,,25711,8,,,1,10,,25728,8,,,1,10,,25745,8,,,1,50,,25776,8,,,1,10,,25789,8,,,1,10,,25678,8,,,1,10,,25695,8,,,1,10,,25712,8,,,1,10,,25729,8,,,1,49,,25746,8,,,1,8,,25760,8,,,1,9,,25777,8,,,1,8,,25790,8,,,1,9,,25679,8,,,1,8,,25696,8,,,1,9,,25713,8,,,1,48,,25730,8,,,1,9,,25747,8,,,1,8,,25761,8,,,1,9,,25778,8,,,1,8,,25791,8,,,1,9,,25680,8,,,1,8,,25697,8,,,1,49,,25714,8,,,1,8,,25731,8,,,1,9,,25748,8,,,1,8,,25762,8,,,1,9,,25779,8,,,1,8,,25792,8,,,1,9,,25681,8,,,1,48,,25698,8,,,1,9,,25715,8,,,1,8,,25732,8,,,1,9,,25749,8,,,1,8,,25763,8,,,1,9,,25780,8,,,1,8,,25793,8,,,1,49,,25682,8,,,1,8,,25699,8,,,1,9,,25716,8,,,1,8,,25733,8,,,1,9,,25750,8,,,1,8,,25764,8,,,1,9,,25781,8,,,1,48,,25794,8,,,1,9,,25683,8,,,1,8,,25700,8,,,1,9,,25717,8,,,1,8,,25734,8,,,1,9,,25751,8,,,1,8,,25765,8,,,1,49,,25782,8,,,1,8,,25795,8,,,1,9,,25684,8,,,1,8,,25701,8,,,1,9,,25718,8,,,1,8,,25735,8,,,1,9,,25752,8,,,1,48,,25766,8,,,1,9,,25783,8,,,1,8,,25796,8,,,1,9,,25685,8,,,1,8,,25702,8,,,1,9,,25719,8,,,1,8,,25736,8,,,1,49,,25753,8,,,1,8,,25767,8,,,1,9,,25784,8,,,1,8,,25797,8,,,1,9,,25686,8,,,1,8,,25703,8,,,1,9,,25720,8,,,1,48,,25737,8,,,1,9,,25754,8,,,1,8,,25768,8,,,1,9,,25785,8,,,1,8,,25798,8,,,1,9,,25687,8,,,1,8,,25704,8,,,1,48,,25721,8,,,1,9,,25738,8,,,1,8,,25755,8,,,1,9,,25769,8,,,1,8,,25786,8,,,1,9,,25799,8,,,1,9,,25688,8,,,1,50,,25705,8,,,1,10,,25722,8,,,1,10,,25739,8,,,1,10,,25756,8,,,1,10,,25770,8,,,1,10,,25800,8,,,1,50,,25689,8,,,1,10,,25706,8,,,1,10,,25723,8,,,1,10,,25740,8,,,1,10,,25757,8,,,1,10,,25771,8,,,1,50,,25801,8,,,1,10,,25690,8,,,1,10,,25707,8,,,1,10,,25724,8,,,1,10,,25741,8,,,1,10,,25758,8,,,1,50,,25772,8,,,1,10,,25802,8,,,1,10,,25691,8,,,1,10,,25708,8,,,1,10,,25725,8,,,1,10,,25742,8,,,1,50,,25759,8,,,1,10,,25773,8,,,1,10,,25803,8,,,1,10,,25692,8,,,1,10,,25709,8,,,1,10,,25726,8,,,1
501,'GLOBAUX-01-I',539,,25871,8,,,1,10,,25902,8,,,1,10,,25915,8,,,1,50,,25804,8,,,1,10,,25821,8,,,1,10,,25838,8,,,1,10,,25855,8,,,1,10,,25872,8,,,1,10,,25903,8,,,1,50,,25916,8,,,1,10,,25805,8,,,1,10,,25822,8,,,1,10,,25839,8,,,1,10,,25856,8,,,1,10,,25873,8,,,1,50,,25904,8,,,1,10,,25917,8,,,1,10,,25806,8,,,1,10,,25823,8,,,1,10,,25840,8,,,1,10,,25857,8,,,1,49,,25874,8,,,1,8,,25888,8,,,1,9,,25905,8,,,1,8,,25918,8,,,1,9,,25807,8,,,1,8,,25824,8,,,1,9,,25841,8,,,1,48,,25858,8,,,1,9,,25875,8,,,1,8,,25889,8,,,1,9,,25906,8,,,1,8,,25919,8,,,1,9,,25808,8,,,1,8,,25825,8,,,1,49,,25842,8,,,1,8,,25859,8,,,1,9,,25876,8,,,1,8,,25890,8,,,1,9,,25907,8,,,1,8,,25920,8,,,1,9,,25809,8,,,1,48,,25826,8,,,1,9,,25843,8,,,1,8,,25860,8,,,1,9,,25877,8,,,1,8,,25891,8,,,1,9,,25908,8,,,1,8,,25921,8,,,1,49,,25810,8,,,1,8,,25827,8,,,1,9,,25844,8,,,1,8,,25861,8,,,1,9,,25878,8,,,1,8,,25892,8,,,1,9,,25909,8,,,1,48,,25922,8,,,1,9,,25811,8,,,1,8,,25828,8,,,1,9,,25845,8,,,1,8,,25862,8,,,1,9,,25879,8,,,1,8,,25893,8,,,1,49,,25910,8,,,1,8,,25923,8,,,1,9,,25812,8,,,1,8,,25829,8,,,1,9,,25846,8,,,1,8,,25863,8,,,1,9,,25880,8,,,1,48,,25894,8,,,1,9,,25911,8,,,1,8,,25924,8,,,1,9,,25813,8,,,1,8,,25830,8,,,1,9,,25847,8,,,1,8,,25864,8,,,1,49,,25881,8,,,1,8,,25895,8,,,1,9,,25912,8,,,1,8,,25925,8,,,1,9,,25814,8,,,1,8,,25831,8,,,1,9,,25848,8,,,1,48,,25865,8,,,1,9,,25882,8,,,1,8,,25896,8,,,1,9,,25913,8,,,1,8,,25926,8,,,1,9,,25815,8,,,1,8,,25832,8,,,1,48,,25849,8,,,1,9,,25866,8,,,1,8,,25883,8,,,1,9,,25897,8,,,1,8,,25914,8,,,1,9,,25927,8,,,1,9,,25816,8,,,1,50,,25833,8,,,1,10,,25850,8,,,1,10,,25867,8,,,1,10,,25884,8,,,1,10,,25898,8,,,1,10,,25928,8,,,1,50,,25817,8,,,1,10,,25834,8,,,1,10,,25851,8,,,1,10,,25868,8,,,1,10,,25885,8,,,1,10,,25899,8,,,1,50,,25929,8,,,1,10,,25818,8,,,1,10,,25835,8,,,1,10,,25852,8,,,1,10,,25869,8,,,1,10,,25886,8,,,1,50,,25900,8,,,1,10,,25930,8,,,1,10,,25819,8,,,1,10,,25836,8,,,1,10,,25853,8,,,1,10,,25870,8,,,1,50,,25887,8,,,1,10,,25901,8,,,1,10,,25931,8,,,1,10,,25820,8,,,1,10,,25837,8,,,1,10,,25854,8,,,1
501,'GLOBAUX-01-S',539,,26034,8,,,1,8,,26052,8,,,1,8,,26083,8,,,1,48,,26095,8,,,1,7,,25932,8,,,1,7,,25943,8,,,1,6,,25947,8,,,1,6,,25971,8,,,1,6,,25990,8,,,1,5,,26007,8,,,1,4,,26014,8,,,1,5,,26035,8,,,1,4,,26053,8,,,1,5,,26056,8,,,1,44,,26084,8,,,1,5,,26096,8,,,1,4,,26099,8,,,1,5,,26111,8,,,1,4,,25933,8,,,1,5,,25944,8,,,1,4,,25948,8,,,1,5,,25972,8,,,1,4,,25988,8,,,1,5,,25991,8,,,1,4,,26008,8,,,1,4,,26009,8,,,1,3,,26015,8,,,1,4,,26036,8,,,1,43,,26054,8,,,1,4,,26057,8,,,1,3,,26067,8,,,1,4,,26085,8,,,1,3,,26097,8,,,1,4,,26100,8,,,1,4,,26112,8,,,1,4,,25934,8,,,1,5,,25945,8,,,1,4,,25949,8,,,1,5,,25973,8,,,1,4,,25989,8,,,1,5,,25992,8,,,1,4,,26010,8,,,1,5,,26016,8,,,1,44,,26037,8,,,1,5,,26055,8,,,1,4,,26068,8,,,1,4,,26086,8,,,1,5,,26098,8,,,1,4,,26101,8,,,1,5,,26113,8,,,1,4,,25935,8,,,1,5,,25946,8,,,1,5,,25950,8,,,1,7,,25974,8,,,1,7,,25993,8,,,1,48,,26017,8,,,1,7,,26038,8,,,1,7,,26069,8,,,1,7,,26087,8,,,1,8,,26114,8,,,1,7,,25936,8,,,1,7,,25951,8,,,1,7,,25975,8,,,1,48,,25994,8,,,1,7,,26018,8,,,1,7,,26039,8,,,1,7,,26070,8,,,1,8,,26088,8,,,1,7,,26115,8,,,1,7,,25937,8,,,1,7,,25952,8,,,1,48,,25976,8,,,1,7,,25995,8,,,1,7,,26019,8,,,1,7,,26040,8,,,1,8,,26071,8,,,1,7,,26089,8,,,1,7,,26116,8,,,1,8,,25938,8,,,1,47,,25953,8,,,1,7,,25977,8,,,1,7,,25996,8,,,1,7,,26020,8,,,1,8,,26041,8,,,1,7,,26072,8,,,1,7,,26090,8,,,1,7,,26117,8,,,1,8,,25939,8,,,1,47,,25954,8,,,1,7,,25978,8,,,1,7,,25997,8,,,1,8,,26021,8,,,1,7,,26042,8,,,1,7,,26073,8,,,1,7,,26091,8,,,1,8,,26118,8,,,1,47,,25940,8,,,1,5,,25955,8,,,1,5,,25964,8,,,1,5,,25979,8,,,1,5,,25998,8,,,1,5,,26011,8,,,1,5,,26022,8,,,1,5,,26031,8,,,1,4,,26043,8,,,1,5,,26058,8,,,1,5,,26074,8,,,1,5,,26092,8,,,1,45,,26102,8,,,1,5,,26119,8,,,1,4,,25941,8,,,1,5,,25956,8,,,1,5,,25965,8,,,1,5,,25980,8,,,1,5,,25999,8,,,1,5,,26012,8,,,1,4,,26023,8,,,1,5,,26032,8,,,1,5,,26044,8,,,1,5,,26059,8,,,1,45,,26075,8,,,1,5,,26093,8,,,1,4,,26103,8,,,1,5,,26120,8,,,1,5,,25942,8,,,1,5,,25957,8,,,1,5,,25966,8,,,1,5,,25981,8,,,1,5,,26000,8,,,1,5,,26013,8,,,1,5,,26024,8,,,1,5,,26033,8,,,1,5,,26045,8,,,1,45,,26060,8,,,1,5,,26076,8,,,1,6,,26094,8,,,1,5,,26104,8,,,1,6,,26121,8,,,1,7,,25958,8,,,1,6,,25967,8,,,1,7,,25982,8,,,1,6,,26001,8,,,1,7,,26025,8,,,1,46,,26046,8,,,1,7,,26061,8,,,1,6,,26077,8,,,1,7,,26105,8,,,1,6,,26122,8,,,1,7,,25959,8,,,1,6,,25968,8,,,1,7,,25983,8,,,1,6,,26002,8,,,1,47,,26026,8,,,1,6,,26047,8,,,1,7,,26062,8,,,1,6,,26078,8,,,1,7,,26106,8,,,1,6,,26123,8,,,1,7,,25960,8,,,1,6,,25969,8,,,1,7,,25984,8,,,1,46,,26003,8,,,1,7,,26027,8,,,1,6,,26048,8,,,1,7,,26063,8,,,1,6,,26079,8,,,1,7,,26107,8,,,1,6,,26124,8,,,1,7,,25961,8,,,1,6,,25970,8,,,1,47,,25985,8,,,1,6,,26004,8,,,1,8,,26028,8,,,1,8,,26049,8,,,1,8,,26064,8,,,1,7,,26080,8,,,1,8,,26108,8,,,1,8,,25962,8,,,1,48,,25986,8,,,1,8,,26005,8,,,1,8,,26029,8,,,1,8,,26050,8,,,1,8,,26065,8,,,1,8,,26081,8,,,1,8,,26109,8,,,1,8,,25963,8,,,1,48,,25987,8,,,1,8,,26006,8,,,1,8,,26030,8,,,1,8,,26051,8,,,1,8,,26066,8,,,1,8,,26082,8,,,1,7,,26110,8,,,1
