400,'GLOBAUX-01-A',530,,23503,1,,,1,10,,23443,1,,,1,10,,23504,1,,,1,50,,23444,1,,,1,10,,23505,1,,,1,10,,23445,1,,,1,10,,23506,1,,,1,10,,23446,1,,,1,10,,23507,1,,,1,50,,23447,1,,,1,10,,23508,1,,,1,10,,23448,1,,,1,10,,23509,1,,,1,10,,23449,1,,,1,10,,23510,1,,,1,50,,23450,1,,,1,10,,23511,1,,,1,10,,23451,1,,,1,10,,23512,1,,,1,10,,23452,1,,,1,10,,23513,1,,,1,50,,23453,1,,,1,10,,23514,1,,,1,10,,23454,1,,,1,10,,23515,1,,,1,10,,23455,1,,,1,10,,23516,1,,,1,50,,23456,1,,,1,10,,23517,1,,,1,10,,23457,1,,,1,10,,23518,1,,,1,10,,23458,1,,,1,10,,23519,1,,,1,50,,23459,1,,,1,10,,23520,1,,,1,10,,23460,1,,,1,10,,23521,1,,,1,10,,23461,1,,,1,10,,23522,1,,,1,50,,23462,1,,,1,10,,23523,1,,,1,10,,23463,1,,,1,10,,23524,1,,,1,10,,23464,1,,,1,10,,23525,1,,,1,50,,23465,1,,,1,10,,23526,1,,,1,10,,23466,1,,,1,10,,23527,1,,,1,10,,23467,1,,,1,10,,23528,1,,,1,50,,23468,1,,,1,10,,23529,1,,,1,10,,23469,1,,,1,10,,23530,1,,,1,10,,23470,1,,,1,10,,23531,1,,,1,50,,23471,1,,,1,10,,23532,1,,,1,10,,23472,1,,,1,10,,23533,1,,,1,10,,23473,1,,,1,10,,23534,1,,,1,50,,23474,1,,,1,10,,23535,1,,,1,10,,23475,1,,,1,10,,23536,1,,,1,10,,23476,1,,,1,10,,23537,1,,,1,50,,23477,1,,,1,10,,23538,1,,,1,10,,23478,1,,,1,10,,23539,1,,,1,10,,23479,1,,,1,10,,23540,1,,,1,50,,23480,1,,,1,10,,23541,1,,,1,10,,23481,1,,,1,10,,23542,1,,,1,10,,23482,1,,,1,10,,23543,1,,,1,50,,23483,1,,,1,10,,23544,1,,,1,10,,23484,1,,,1,10,,23545,1,,,1,10,,23485,1,,,1,10,,23546,1,,,1,50,,23486,1,,,1,10,,23547,1,,,1,10,,23487,1,,,1,10,,23548,1,,,1,10,,23488,1,,,1,10,,23549,1,,,1,50,,23489,1,,,1,10,,23550,1,,,1,10,,23490,1,,,1,10,,23551,1,,,1,10,,23491,1,,,1,10,,23552,1,,,1,50,,23492,1,,,1,10,,23553,1,,,1,10,,23493,1,,,1,10,,23554,1,,,1,10,,23494,1,,,1,10,,23555,1,,,1,50,,23495,1,,,1,10,,23556,1,,,1,10,,23496,1,,,1,10,,23557,1,,,1,10,,23497,1,,,1,10,,23558,1,,,1,50,,23498,1,,,1,10,,23559,1,,,1,10,,23499,1,,,1,10,,23560,1,,,1,10,,23500,1,,,1,10,,23561,1,,,1,50,,23501,1,,,1,10,,23562,1,,,1,8,,23502,1,,,1,12,,23563,1,,,1
400,'GLOBAUX-01-F1',530,,23623,1,,,1,10,,23564,1,,,1,10,,23624,1,,,1,50,,23565,1,,,1,10,,23625,1,,,1,10,,23566,1,,,1,10,,23626,1,,,1,10,,23567,1,,,1,10,,23627,1,,,1,50,,23568,1,,,1,10,,23628,1,,,1,10,,23569,1,,,1,10,,23629,1,,,1,10,,23570,1,,,1,10,,23630,1,,,1,50,,23571,1,,,1,10,,23631,1,,,1,10,,23572,1,,,1,10,,23632,1,,,1,10,,23573,1,,,1,10,,23633,1,,,1,50,,23574,1,,,1,10,,23634,1,,,1,10,,23575,1,,,1,10,,23635,1,,,1,10,,23576,1,,,1,10,,23636,1,,,1,50,,23577,1,,,1,10,,23637,1,,,1,10,,23578,1,,,1,10,,23638,1,,,1,10,,23579,1,,,1,10,,23639,1,,,1,50,,23580,1,,,1,10,,23640,1,,,1,10,,23581,1,,,1,10,,23641,1,,,1,10,,23582,1,,,1,10,,23642,1,,,1,50,,23583,1,,,1,10,,23643,1,,,1,10,,23584,1,,,1,10,,23644,1,,,1,10,,23585,1,,,1,10,,23645,1,,,1,50,,23586,1,,,1,10,,23646,1,,,1,10,,23587,1,,,1,10,,23647,1,,,1,10,,23588,1,,,1,10,,23648,1,,,1,50,,23589,1,,,1,10,,23649,1,,,1,10,,23590,1,,,1,10,,23650,1,,,1,10,,23591,1,,,1,10,,23651,1,,,1,50,,23592,1,,,1,10,,23652,1,,,1,10,,23593,1,,,1,10,,23653,1,,,1,10,,23594,1,,,1,10,,23654,1,,,1,50,,23595,1,,,1,10,,23655,1,,,1,10,,23596,1,,,1,10,,23656,1,,,1,10,,23597,1,,,1,10,,23657,1,,,1,50,,23598,1,,,1,10,,23658,1,,,1,10,,23599,1,,,1,10,,23659,1,,,1,10,,23600,1,,,1,10,,23660,1,,,1,50,,23601,1,,,1,10,,23661,1,,,1,10,,23602,1,,,1,10,,23662,1,,,1,10,,23603,1,,,1,10,,23663,1,,,1,50,,23604,1,,,1,10,,23664,1,,,1,10,,23605,1,,,1,10,,23665,1,,,1,10,,23606,1,,,1,10,,23666,1,,,1,50,,23607,1,,,1,10,,23667,1,,,1,10,,23608,1,,,1,10,,23668,1,,,1,10,,23609,1,,,1,10,,23669,1,,,1,50,,23610,1,,,1,10,,23670,1,,,1,10,,23611,1,,,1,10,,23671,1,,,1,10,,23612,1,,,1,10,,23672,1,,,1,50,,23613,1,,,1,10,,23673,1,,,1,10,,23614,1,,,1,10,,23674,1,,,1,10,,23615,1,,,1,10,,23675,1,,,1,50,,23616,1,,,1,10,,23676,1,,,1,10,,23617,1,,,1,10,,23677,1,,,1,10,,23618,1,,,1,10,,23678,1,,,1,50,,23619,1,,,1,10,,23679,1,,,1,10,,23620,1,,,1,10,,23680,1,,,1,10,,23621,1,,,1,8,,23681,1,,,1,52,,23622,1,,,1
400,'GLOBAUX-01-F2',530,,23741,1,,,1,10,,23682,1,,,1,10,,23742,1,,,1,50,,23683,1,,,1,10,,23743,1,,,1,10,,23684,1,,,1,10,,23744,1,,,1,10,,23685,1,,,1,10,,23745,1,,,1,50,,23686,1,,,1,10,,23746,1,,,1,10,,23687,1,,,1,10,,23747,1,,,1,10,,23688,1,,,1,10,,23748,1,,,1,50,,23689,1,,,1,10,,23749,1,,,1,10,,23690,1,,,1,10,,23750,1,,,1,10,,23691,1,,,1,10,,23751,1,,,1,50,,23692,1,,,1,10,,23752,1,,,1,10,,23693,1,,,1,10,,23753,1,,,1,10,,23694,1,,,1,10,,23754,1,,,1,50,,23695,1,,,1,10,,23755,1,,,1,10,,23696,1,,,1,10,,23756,1,,,1,10,,23697,1,,,1,10,,23757,1,,,1,50,,23698,1,,,1,10,,23758,1,,,1,10,,23699,1,,,1,10,,23759,1,,,1,10,,23700,1,,,1,10,,23760,1,,,1,50,,23701,1,,,1,10,,23761,1,,,1,10,,23702,1,,,1,10,,23762,1,,,1,10,,23703,1,,,1,10,,23763,1,,,1,50,,23704,1,,,1,10,,23764,1,,,1,10,,23705,1,,,1,10,,23765,1,,,1,10,,23706,1,,,1,10,,23766,1,,,1,50,,23707,1,,,1,10,,23767,1,,,1,10,,23708,1,,,1,10,,23768,1,,,1,10,,23709,1,,,1,10,,23769,1,,,1,50,,23710,1,,,1,10,,23770,1,,,1,10,,23711,1,,,1,10,,23771,1,,,1,10,,23712,1,,,1,10,,23772,1,,,1,50,,23713,1,,,1,10,,23773,1,,,1,10,,23714,1,,,1,10,,23774,1,,,1,10,,23715,1,,,1,10,,23775,1,,,1,50,,23716,1,,,1,10,,23776,1,,,1,10,,23717,1,,,1,10,,23777,1,,,1,10,,23718,1,,,1,10,,23778,1,,,1,50,,23719,1,,,1,10,,23779,1,,,1,10,,23720,1,,,1,10,,23780,1,,,1,10,,23721,1,,,1,10,,23781,1,,,1,50,,23722,1,,,1,10,,23782,1,,,1,10,,23723,1,,,1,10,,23783,1,,,1,10,,23724,1,,,1,10,,23784,1,,,1,50,,23725,1,,,1,10,,23785,1,,,1,10,,23726,1,,,1,10,,23786,1,,,1,10,,23727,1,,,1,10,,23787,1,,,1,50,,23728,1,,,1,10,,23788,1,,,1,10,,23729,1,,,1,10,,23789,1,,,1,10,,23730,1,,,1,10,,23790,1,,,1,50,,23731,1,,,1,10,,23791,1,,,1,10,,23732,1,,,1,10,,23792,1,,,1,10,,23733,1,,,1,10,,23793,1,,,1,50,,23734,1,,,1,10,,23794,1,,,1,10,,23735,1,,,1,10,,23795,1,,,1,10,,23736,1,,,1,10,,23796,1,,,1,50,,23737,1,,,1,10,,23797,1,,,1,10,,23738,1,,,1,10,,23798,1,,,1,10,,23739,1,,,1,8,,23799,1,,,1,52,,23740,1,,,1
400,'GLOBAUX-01-I',530,,23859,1,,,1,10,,23800,1,,,1,10,,23860,1,,,1,50,,23801,1,,,1,10,,23861,1,,,1,10,,23802,1,,,1,10,,23862,1,,,1,10,,23803,1,,,1,10,,23863,1,,,1,50,,23804,1,,,1,10,,23864,1,,,1,10,,23805,1,,,1,10,,23865,1,,,1,10,,23806,1,,,1,10,,23866,1,,,1,50,,23807,1,,,1,10,,23867,1,,,1,10,,23808,1,,,1,10,,23868,1,,,1,10,,23809,1,,,1,10,,23869,1,,,1,50,,23810,1,,,1,10,,23870,1,,,1,10,,23811,1,,,1,10,,23871,1,,,1,10,,23812,1,,,1,10,,23872,1,,,1,50,,23813,1,,,1,10,,23873,1,,,1,10,,23814,1,,,1,10,,23874,1,,,1,10,,23815,1,,,1,10,,23875,1,,,1,50,,23816,1,,,1,10,,23876,1,,,1,10,,23817,1,,,1,10,,23877,1,,,1,10,,23818,1,,,1,10,,23878,1,,,1,50,,23819,1,,,1,10,,23879,1,,,1,10,,23820,1,,,1,10,,23880,1,,,1,10,,23821,1,,,1,10,,23881,1,,,1,50,,23822,1,,,1,10,,23882,1,,,1,10,,23823,1,,,1,10,,23883,1,,,1,10,,23824,1,,,1,10,,23884,1,,,1,50,,23825,1,,,1,10,,23885,1,,,1,10,,23826,1,,,1,10,,23886,1,,,1,10,,23827,1,,,1,10,,23887,1,,,1,50,,23828,1,,,1,10,,23888,1,,,1,10,,23829,1,,,1,10,,23889,1,,,1,10,,23830,1,,,1,10,,23890,1,,,1,50,,23831,1,,,1,10,,23891,1,,,1,10,,23832,1,,,1,10,,23892,1,,,1,10,,23833,1,,,1,10,,23893,1,,,1,50,,23834,1,,,1,10,,23894,1,,,1,10,,23835,1,,,1,10,,23895,1,,,1,10,,23836,1,,,1,10,,23896,1,,,1,50,,23837,1,,,1,10,,23897,1,,,1,10,,23838,1,,,1,10,,23898,1,,,1,10,,23839,1,,,1,10,,23899,1,,,1,50,,23840,1,,,1,10,,23900,1,,,1,10,,23841,1,,,1,10,,23901,1,,,1,10,,23842,1,,,1,10,,23902,1,,,1,50,,23843,1,,,1,10,,23903,1,,,1,10,,23844,1,,,1,10,,23904,1,,,1,10,,23845,1,,,1,10,,23905,1,,,1,50,,23846,1,,,1,10,,23906,1,,,1,10,,23847,1,,,1,10,,23907,1,,,1,10,,23848,1,,,1,10,,23908,1,,,1,50,,23849,1,,,1,10,,23909,1,,,1,10,,23850,1,,,1,10,,23910,1,,,1,10,,23851,1,,,1,10,,23911,1,,,1,50,,23852,1,,,1,10,,23912,1,,,1,10,,23853,1,,,1,10,,23913,1,,,1,10,,23854,1,,,1,10,,23914,1,,,1,50,,23855,1,,,1,10,,23915,1,,,1,10,,23856,1,,,1,10,,23916,1,,,1,10,,23857,1,,,1,8,,23917,1,,,1,52,,23858,1,,,1
400,'GLOBAUX-01-S',530,,23996,1,,,1,10,,23918,1,,,1,10,,23997,1,,,1,50,,23919,1,,,1,10,,23998,1,,,1,10,,23920,1,,,1,10,,23999,1,,,1,10,,23921,1,,,1,5,,23959,1,,,1,5,,24000,1,,,1,5,,24038,1,,,1,4,,23922,1,,,1,45,,23960,1,,,1,5,,24001,1,,,1,5,,24039,1,,,1,4,,23923,1,,,1,5,,23961,1,,,1,5,,24002,1,,,1,5,,24040,1,,,1,4,,23924,1,,,1,5,,23962,1,,,1,5,,24003,1,,,1,5,,24041,1,,,1,4,,23925,1,,,1,45,,23963,1,,,1,5,,24004,1,,,1,5,,24042,1,,,1,4,,23926,1,,,1,5,,23964,1,,,1,5,,24005,1,,,1,5,,24043,1,,,1,4,,23927,1,,,1,5,,23965,1,,,1,5,,24006,1,,,1,5,,24044,1,,,1,5,,23928,1,,,1,46,,23966,1,,,1,7,,24007,1,,,1,10,,23929,1,,,1,10,,24008,1,,,1,10,,23930,1,,,1,10,,24009,1,,,1,10,,23931,1,,,1,50,,24010,1,,,1,10,,23932,1,,,1,10,,24011,1,,,1,10,,23933,1,,,1,10,,24012,1,,,1,10,,23934,1,,,1,50,,24013,1,,,1,10,,23935,1,,,1,10,,24014,1,,,1,10,,23936,1,,,1,10,,24015,1,,,1,10,,23937,1,,,1,50,,24016,1,,,1,10,,23938,1,,,1,10,,24017,1,,,1,10,,23939,1,,,1,10,,24018,1,,,1,10,,23940,1,,,1,50,,24019,1,,,1,10,,23941,1,,,1,10,,24020,1,,,1,10,,23942,1,,,1,10,,24021,1,,,1,10,,23943,1,,,1,50,,24022,1,,,1,10,,23944,1,,,1,10,,24023,1,,,1,10,,23945,1,,,1,10,,24024,1,,,1,10,,23946,1,,,1,50,,24025,1,,,1,6,,24045,1,,,1,5,,23947,1,,,1,4,,23967,1,,,1,5,,24026,1,,,1,5,,24046,1,,,1,5,,23948,1,,,1,4,,23968,1,,,1,5,,24027,1,,,1,5,,24047,1,,,1,5,,23949,1,,,1,44,,23969,1,,,1,5,,24028,1,,,1,5,,24048,1,,,1,5,,23950,1,,,1,4,,23970,1,,,1,5,,24029,1,,,1,5,,24049,1,,,1,5,,23951,1,,,1,4,,23971,1,,,1,5,,24030,1,,,1,5,,24050,1,,,1,5,,23952,1,,,1,4,,23972,1,,,1,45,,24031,1,,,1,5,,24051,1,,,1,5,,23953,1,,,1,4,,23973,1,,,1,5,,24032,1,,,1,5,,24052,1,,,1,5,,23954,1,,,1,4,,23974,1,,,1,5,,24033,1,,,1,5,,24053,1,,,1,5,,23955,1,,,1,4,,23975,1,,,1,5,,24034,1,,,1,45,,24054,1,,,1,5,,23956,1,,,1,5,,23976,1,,,1,5,,24035,1,,,1,5,,24055,1,,,1,6,,23957,1,,,1,7,,23977,1,,,1,7,,24036,1,,,1,6,,24056,1,,,1,7,,23958,1,,,1,47,,23978,1,,,1,7,,24037,1,,,1,9,,24057,1,,,1,10,,23979,1,,,1,10,,24058,1,,,1,10,,23980,1,,,1,50,,24059,1,,,1,10,,23981,1,,,1,10,,24060,1,,,1,10,,23982,1,,,1,10,,24061,1,,,1,10,,23983,1,,,1,50,,24062,1,,,1,10,,23984,1,,,1,10,,24063,1,,,1,10,,23985,1,,,1,10,,24064,1,,,1,10,,23986,1,,,1,50,,24065,1,,,1,10,,23987,1,,,1,10,,24066,1,,,1,10,,23988,1,,,1,10,,24067,1,,,1,10,,23989,1,,,1,50,,24068,1,,,1,10,,23990,1,,,1,10,,24069,1,,,1,10,,23991,1,,,1,10,,24070,1,,,1,10,,23992,1,,,1,50,,24071,1,,,1,10,,23993,1,,,1,10,,24072,1,,,1,10,,23994,1,,,1,10,,24073,1,,,1,8,,23995,1,,,1,52,,24074,1,,,1
401,'GLOBAUX-01-A',536,,24075,3,4,,1,10,,24136,3,4,,1,10,,24076,3,4,,1,50,,24137,3,4,,1,10,,24077,3,4,,1,10,,24138,3,4,,1,10,,24078,3,4,,1,10,,24139,3,4,,1,10,,24079,3,4,,1,50,,24140,3,4,,1,10,,24080,3,4,,1,10,,24141,3,4,,1,10,,24081,3,4,,1,10,,24142,3,4,,1,10,,24082,3,4,,1,50,,24143,3,4,,1,10,,24083,3,4,,1,10,,24144,3,4,,1,10,,24084,3,4,,1,10,,24145,3,4,,1,10,,24085,3,4,,1,50,,24146,3,4,,1,10,,24086,3,4,,1,10,,24147,3,4,,1,10,,24087,3,4,,1,10,,24148,3,4,,1,10,,24088,3,4,,1,50,,24149,3,4,,1,10,,24089,3,4,,1,10,,24150,3,4,,1,10,,24090,3,4,,1,10,,24151,3,4,,1,10,,24091,3,4,,1,50,,24152,3,4,,1,10,,24092,3,4,,1,10,,24153,3,4,,1,10,,24093,3,4,,1,10,,24154,3,4,,1,10,,24094,3,4,,1,50,,24155,3,4,,1,10,,24095,3,4,,1,10,,24156,3,4,,1,10,,24096,3,4,,1,10,,24157,3,4,,1,10,,24097,3,4,,1,50,,24158,3,4,,1,10,,24098,3,4,,1,10,,24159,3,4,,1,10,,24099,3,4,,1,10,,24160,3,4,,1,10,,24100,3,4,,1,50,,24161,3,4,,1,10,,24101,3,4,,1,10,,24162,3,4,,1,10,,24102,3,4,,1,10,,24163,3,4,,1,10,,24103,3,4,,1,50,,24164,3,4,,1,10,,24104,3,4,,1,10,,24165,3,4,,1,10,,24105,3,4,,1,10,,24166,3,4,,1,10,,24106,3,4,,1,50,,24167,3,4,,1,10,,24107,3,4,,1,10,,24168,3,4,,1,10,,24108,3,4,,1,10,,24169,3,4,,1,10,,24109,3,4,,1,50,,24170,3,4,,1,10,,24110,3,4,,1,10,,24171,3,4,,1,10,,24111,3,4,,1,10,,24172,3,4,,1,10,,24112,3,4,,1,50,,24173,3,4,,1,10,,24113,3,4,,1,10,,24174,3,4,,1,10,,24114,3,4,,1,10,,24175,3,4,,1,10,,24115,3,4,,1,50,,24176,3,4,,1,10,,24116,3,4,,1,10,,24177,3,4,,1,10,,24117,3,4,,1,10,,24178,3,4,,1,10,,24118,3,4,,1,50,,24179,3,4,,1,10,,24119,3,4,,1,10,,24180,3,4,,1,10,,24120,3,4,,1,10,,24181,3,4,,1,10,,24121,3,4,,1,50,,24182,3,4,,1,10,,24122,3,4,,1,10,,24183,3,4,,1,10,,24123,3,4,,1,10,,24184,3,4,,1,10,,24124,3,4,,1,50,,24185,3,4,,1,10,,24125,3,4,,1,10,,24186,3,4,,1,10,,24126,3,4,,1,10,,24187,3,4,,1,10,,24127,3,4,,1,50,,24188,3,4,,1,10,,24128,3,4,,1,10,,24189,3,4,,1,10,,24129,3,4,,1,10,,24190,3,4,,1,10,,24130,3,4,,1,50,,24191,3,4,,1,10,,24131,3,4,,1,10,,24192,3,4,,1,10,,24132,3,4,,1,10,,24193,3,4,,1,10,,24133,3,4,,1,50,,24194,3,4,,1,10,,24134,3,4,,1,10,,24195,3,4,,1,10,,24135,3,4,,1
401,'GLOBAUX-01-F1',536,,24196,3,4,,1,10,,24255,3,4,,1,10,,24197,3,4,,1,50,,24256,3,4,,1,10,,24198,3,4,,1,10,,24257,3,4,,1,10,,24199,3,4,,1,10,,24258,3,4,,1,10,,24200,3,4,,1,50,,24259,3,4,,1,10,,24201,3,4,,1,10,,24260,3,4,,1,10,,24202,3,4,,1,10,,24261,3,4,,1,10,,24203,3,4,,1,50,,24262,3,4,,1,10,,24204,3,4,,1,10,,24263,3,4,,1,10,,24205,3,4,,1,10,,24264,3,4,,1,10,,24206,3,4,,1,50,,24265,3,4,,1,10,,24207,3,4,,1,10,,24266,3,4,,1,10,,24208,3,4,,1,10,,24267,3,4,,1,10,,24209,3,4,,1,50,,24268,3,4,,1,10,,24210,3,4,,1,10,,24269,3,4,,1,10,,24211,3,4,,1,10,,24270,3,4,,1,10,,24212,3,4,,1,50,,24271,3,4,,1,10,,24213,3,4,,1,10,,24272,3,4,,1,10,,24214,3,4,,1,10,,24273,3,4,,1,10,,24215,3,4,,1,50,,24274,3,4,,1,10,,24216,3,4,,1,10,,24275,3,4,,1,10,,24217,3,4,,1,10,,24276,3,4,,1,10,,24218,3,4,,1,50,,24277,3,4,,1,10,,24219,3,4,,1,10,,24278,3,4,,1,10,,24220,3,4,,1,10,,24279,3,4,,1,10,,24221,3,4,,1,50,,24280,3,4,,1,10,,24222,3,4,,1,10,,24281,3,4,,1,10,,24223,3,4,,1,10,,24282,3,4,,1,10,,24224,3,4,,1,50,,24283,3,4,,1,10,,24225,3,4,,1,10,,24284,3,4,,1,10,,24226,3,4,,1,10,,24285,3,4,,1,10,,24227,3,4,,1,50,,24286,3,4,,1,10,,24228,3,4,,1,10,,24287,3,4,,1,10,,24229,3,4,,1,10,,24288,3,4,,1,10,,24230,3,4,,1,50,,24289,3,4,,1,10,,24231,3,4,,1,10,,24290,3,4,,1,10,,24232,3,4,,1,10,,24291,3,4,,1,10,,24233,3,4,,1,50,,24292,3,4,,1,10,,24234,3,4,,1,10,,24293,3,4,,1,10,,24235,3,4,,1,10,,24294,3,4,,1,10,,24236,3,4,,1,50,,24295,3,4,,1,10,,24237,3,4,,1,10,,24296,3,4,,1,10,,24238,3,4,,1,10,,24297,3,4,,1,10,,24239,3,4,,1,50,,24298,3,4,,1,10,,24240,3,4,,1,10,,24299,3,4,,1,10,,24241,3,4,,1,10,,24300,3,4,,1,10,,24242,3,4,,1,50,,24301,3,4,,1,10,,24243,3,4,,1,10,,24302,3,4,,1,10,,24244,3,4,,1,10,,24303,3,4,,1,10,,24245,3,4,,1,50,,24304,3,4,,1,10,,24246,3,4,,1,10,,24305,3,4,,1,10,,24247,3,4,,1,10,,24306,3,4,,1,10,,24248,3,4,,1,50,,24307,3,4,,1,10,,24249,3,4,,1,10,,24308,3,4,,1,10,,24250,3,4,,1,10,,24309,3,4,,1,10,,24251,3,4,,1,50,,24310,3,4,,1,10,,24252,3,4,,1,10,,24311,3,4,,1,10,,24253,3,4,,1,10,,24312,3,4,,1,10,,24254,3,4,,1,50,,24313,3,4,,1
401,'GLOBAUX-01-F2',536,,24314,3,4,,1,10,,24373,3,4,,1,10,,24315,3,4,,1,50,,24374,3,4,,1,10,,24316,3,4,,1,10,,24375,3,4,,1,10,,24317,3,4,,1,10,,24376,3,4,,1,10,,24318,3,4,,1,50,,24377,3,4,,1,10,,24319,3,4,,1,10,,24378,3,4,,1,10,,24320,3,4,,1,10,,24379,3,4,,1,10,,24321,3,4,,1,50,,24380,3,4,,1,10,,24322,3,4,,1,10,,24381,3,4,,1,10,,24323,3,4,,1,10,,24382,3,4,,1,10,,24324,3,4,,1,50,,24383,3,4,,1,10,,24325,3,4,,1,10,,24384,3,4,,1,10,,24326,3,4,,1,10,,24385,3,4,,1,10,,24327,3,4,,1,50,,24386,3,4,,1,10,,24328,3,4,,1,10,,24387,3,4,,1,10,,24329,3,4,,1,10,,24388,3,4,,1,10,,24330,3,4,,1,50,,24389,3,4,,1,10,,24331,3,4,,1,10,,24390,3,4,,1,10,,24332,3,4,,1,10,,24391,3,4,,1,10,,24333,3,4,,1,50,,24392,3,4,,1,10,,24334,3,4,,1,10,,24393,3,4,,1,10,,24335,3,4,,1,10,,24394,3,4,,1,10,,24336,3,4,,1,50,,24395,3,4,,1,10,,24337,3,4,,1,10,,24396,3,4,,1,10,,24338,3,4,,1,10,,24397,3,4,,1,10,,24339,3,4,,1,50,,24398,3,4,,1,10,,24340,3,4,,1,10,,24399,3,4,,1,10,,24341,3,4,,1,10,,24400,3,4,,1,10,,24342,3,4,,1,50,,24401,3,4,,1,10,,24343,3,4,,1,10,,24402,3,4,,1,10,,24344,3,4,,1,10,,24403,3,4,,1,10,,24345,3,4,,1,50,,24404,3,4,,1,10,,24346,3,4,,1,10,,24405,3,4,,1,10,,24347,3,4,,1,10,,24406,3,4,,1,10,,24348,3,4,,1,50,,24407,3,4,,1,10,,24349,3,4,,1,10,,24408,3,4,,1,10,,24350,3,4,,1,10,,24409,3,4,,1,10,,24351,3,4,,1,50,,24410,3,4,,1,10,,24352,3,4,,1,10,,24411,3,4,,1,10,,24353,3,4,,1,10,,24412,3,4,,1,10,,24354,3,4,,1,50,,24413,3,4,,1,10,,24355,3,4,,1,10,,24414,3,4,,1,10,,24356,3,4,,1,10,,24415,3,4,,1,10,,24357,3,4,,1,50,,24416,3,4,,1,10,,24358,3,4,,1,10,,24417,3,4,,1,10,,24359,3,4,,1,10,,24418,3,4,,1,10,,24360,3,4,,1,50,,24419,3,4,,1,10,,24361,3,4,,1,10,,24420,3,4,,1,10,,24362,3,4,,1,10,,24421,3,4,,1,10,,24363,3,4,,1,50,,24422,3,4,,1,10,,24364,3,4,,1,10,,24423,3,4,,1,10,,24365,3,4,,1,10,,24424,3,4,,1,10,,24366,3,4,,1,50,,24425,3,4,,1,10,,24367,3,4,,1,10,,24426,3,4,,1,10,,24368,3,4,,1,10,,24427,3,4,,1,10,,24369,3,4,,1,50,,24428,3,4,,1,10,,24370,3,4,,1,10,,24429,3,4,,1,10,,24371,3,4,,1,10,,24430,3,4,,1,10,,24372,3,4,,1,50,,24431,3,4,,1
401,'GLOBAUX-01-I',536,,24432,3,4,,1,10,,24491,3,4,,1,10,,24433,3,4,,1,50,,24492,3,4,,1,10,,24434,3,4,,1,10,,24493,3,4,,1,10,,24435,3,4,,1,10,,24494,3,4,,1,10,,24436,3,4,,1,50,,24495,3,4,,1,10,,24437,3,4,,1,10,,24496,3,4,,1,10,,24438,3,4,,1,10,,24497,3,4,,1,10,,24439,3,4,,1,50,,24498,3,4,,1,10,,24440,3,4,,1,10,,24499,3,4,,1,10,,24441,3,4,,1,10,,24500,3,4,,1,10,,24442,3,4,,1,50,,24501,3,4,,1,10,,24443,3,4,,1,10,,24502,3,4,,1,10,,24444,3,4,,1,10,,24503,3,4,,1,10,,24445,3,4,,1,50,,24504,3,4,,1,10,,24446,3,4,,1,10,,24505,3,4,,1,10,,24447,3,4,,1,10,,24506,3,4,,1,10,,24448,3,4,,1,50,,24507,3,4,,1,10,,24449,3,4,,1,10,,24508,3,4,,1,10,,24450,3,4,,1,10,,24509,3,4,,1,10,,24451,3,4,,1,50,,24510,3,4,,1,10,,24452,3,4,,1,10,,24511,3,4,,1,10,,24453,3,4,,1,10,,24512,3,4,,1,10,,24454,3,4,,1,50,,24513,3,4,,1,10,,24455,3,4,,1,10,,24514,3,4,,1,10,,24456,3,4,,1,10,,24515,3,4,,1,10,,24457,3,4,,1,50,,24516,3,4,,1,10,,24458,3,4,,1,10,,24517,3,4,,1,10,,24459,3,4,,1,10,,24518,3,4,,1,10,,24460,3,4,,1,50,,24519,3,4,,1,10,,24461,3,4,,1,10,,24520,3,4,,1,10,,24462,3,4,,1,10,,24521,3,4,,1,10,,24463,3,4,,1,50,,24522,3,4,,1,10,,24464,3,4,,1,10,,24523,3,4,,1,10,,24465,3,4,,1,10,,24524,3,4,,1,10,,24466,3,4,,1,50,,24525,3,4,,1,10,,24467,3,4,,1,10,,24526,3,4,,1,10,,24468,3,4,,1,10,,24527,3,4,,1,10,,24469,3,4,,1,50,,24528,3,4,,1,10,,24470,3,4,,1,10,,24529,3,4,,1,10,,24471,3,4,,1,10,,24530,3,4,,1,10,,24472,3,4,,1,50,,24531,3,4,,1,10,,24473,3,4,,1,10,,24532,3,4,,1,10,,24474,3,4,,1,10,,24533,3,4,,1,10,,24475,3,4,,1,50,,24534,3,4,,1,10,,24476,3,4,,1,10,,24535,3,4,,1,10,,24477,3,4,,1,10,,24536,3,4,,1,10,,24478,3,4,,1,50,,24537,3,4,,1,10,,24479,3,4,,1,10,,24538,3,4,,1,10,,24480,3,4,,1,10,,24539,3,4,,1,10,,24481,3,4,,1,50,,24540,3,4,,1,10,,24482,3,4,,1,10,,24541,3,4,,1,10,,24483,3,4,,1,10,,24542,3,4,,1,10,,24484,3,4,,1,50,,24543,3,4,,1,10,,24485,3,4,,1,10,,24544,3,4,,1,10,,24486,3,4,,1,10,,24545,3,4,,1,10,,24487,3,4,,1,50,,24546,3,4,,1,10,,24488,3,4,,1,10,,24547,3,4,,1,10,,24489,3,4,,1,10,,24548,3,4,,1,10,,24490,3,4,,1,50,,24549,3,4,,1
401,'GLOBAUX-01-S',536,,24550,3,4,,1,10,,24629,3,4,,1,10,,24551,3,4,,1,50,,24630,3,4,,1,10,,24552,3,4,,1,10,,24631,3,4,,1,10,,24553,3,4,,1,10,,24632,3,4,,1,5,,24670,3,4,,1,5,,24554,3,4,,1,45,,24592,3,4,,1,5,,24633,3,4,,1,4,,24671,3,4,,1,5,,24555,3,4,,1,5,,24593,3,4,,1,5,,24634,3,4,,1,4,,24672,3,4,,1,5,,24556,3,4,,1,5,,24594,3,4,,1,5,,24635,3,4,,1,4,,24673,3,4,,1,5,,24557,3,4,,1,5,,24595,3,4,,1,45,,24636,3,4,,1,4,,24674,3,4,,1,5,,24558,3,4,,1,5,,24596,3,4,,1,5,,24637,3,4,,1,4,,24675,3,4,,1,5,,24559,3,4,,1,5,,24597,3,4,,1,5,,24638,3,4,,1,4,,24676,3,4,,1,5,,24560,3,4,,1,5,,24598,3,4,,1,45,,24639,3,4,,1,6,,24677,3,4,,1,7,,24561,3,4,,1,10,,24640,3,4,,1,10,,24562,3,4,,1,10,,24641,3,4,,1,10,,24563,3,4,,1,50,,24642,3,4,,1,10,,24564,3,4,,1,10,,24643,3,4,,1,10,,24565,3,4,,1,10,,24644,3,4,,1,10,,24566,3,4,,1,50,,24645,3,4,,1,10,,24567,3,4,,1,10,,24646,3,4,,1,10,,24568,3,4,,1,10,,24647,3,4,,1,10,,24569,3,4,,1,50,,24648,3,4,,1,10,,24570,3,4,,1,10,,24649,3,4,,1,10,,24571,3,4,,1,10,,24650,3,4,,1,10,,24572,3,4,,1,50,,24651,3,4,,1,10,,24573,3,4,,1,10,,24652,3,4,,1,10,,24574,3,4,,1,10,,24653,3,4,,1,10,,24575,3,4,,1,50,,24654,3,4,,1,10,,24576,3,4,,1,10,,24655,3,4,,1,10,,24577,3,4,,1,10,,24656,3,4,,1,10,,24578,3,4,,1,50,,24657,3,4,,1,10,,24579,3,4,,1,6,,24599,3,4,,1,5,,24658,3,4,,1,5,,24678,3,4,,1,5,,24580,3,4,,1,4,,24600,3,4,,1,5,,24659,3,4,,1,5,,24679,3,4,,1,5,,24581,3,4,,1,4,,24601,3,4,,1,45,,24660,3,4,,1,5,,24680,3,4,,1,5,,24582,3,4,,1,4,,24602,3,4,,1,5,,24661,3,4,,1,5,,24681,3,4,,1,5,,24583,3,4,,1,4,,24603,3,4,,1,5,,24662,3,4,,1,5,,24682,3,4,,1,5,,24584,3,4,,1,4,,24604,3,4,,1,5,,24663,3,4,,1,45,,24683,3,4,,1,5,,24585,3,4,,1,4,,24605,3,4,,1,5,,24664,3,4,,1,5,,24684,3,4,,1,5,,24586,3,4,,1,4,,24606,3,4,,1,5,,24665,3,4,,1,5,,24685,3,4,,1,5,,24587,3,4,,1,4,,24607,3,4,,1,5,,24666,3,4,,1,45,,24686,3,4,,1,5,,24588,3,4,,1,4,,24608,3,4,,1,5,,24667,3,4,,1,5,,24687,3,4,,1,5,,24589,3,4,,1,5,,24609,3,4,,1,7,,24668,3,4,,1,6,,24688,3,4,,1,7,,24590,3,4,,1,7,,24610,3,4,,1,46,,24669,3,4,,1,7,,24689,3,4,,1,7,,24591,3,4,,1,9,,24611,3,4,,1,10,,24690,3,4,,1,10,,24612,3,4,,1,10,,24691,3,4,,1,50,,24613,3,4,,1,10,,24692,3,4,,1,10,,24614,3,4,,1,10,,24693,3,4,,1,10,,24615,3,4,,1,10,,24694,3,4,,1,50,,24616,3,4,,1,10,,24695,3,4,,1,10,,24617,3,4,,1,10,,24696,3,4,,1,10,,24618,3,4,,1,10,,24697,3,4,,1,50,,24619,3,4,,1,10,,24698,3,4,,1,10,,24620,3,4,,1,10,,24699,3,4,,1,10,,24621,3,4,,1,10,,24700,3,4,,1,50,,24622,3,4,,1,10,,24701,3,4,,1,10,,24623,3,4,,1,10,,24702,3,4,,1,10,,24624,3,4,,1,10,,24703,3,4,,1,50,,24625,3,4,,1,10,,24704,3,4,,1,10,,24626,3,4,,1,10,,24705,3,4,,1,10,,24627,3,4,,1,10,,24706,3,4,,1,50,,24628,3,4,,1
